1739809155762 163.24919745797334 0
1739809155787 156.88037977310623 1
1739809155796 153.60511494328483 2
1739809155816 152.71680687107917 3
1739809155827 148.4024684279735 4
1739809155849 144.57780552307705 5
1739809155861 137.15296083884073 6
1739809155879 134.18938556177184 7
1739809155888 129.0908361042693 8
1739809155904 128.54778647356218 9
1739809155920 122.57737883946504 10
1739809155938 116.04449016816095 11
1739809155951 115.26027061911746 12
1739809155967 111.64770156381 13
1739809155983 107.28621833663524 14
1739809155999 104.10096407625527 15
1739809156015 99.30073539716557 16
1739809156031 99.91233663765651 17
1739809156046 99.51165270824558 18
1739809156056 96.96095180697255 19
1739809156066 94.54640395834032 20
1739809156094 86.70270728661308 21
1739809156110 85.69584207027506 22
1739809156120 87.2575176199001 23
1739809156130 77.48668597934571 24
1739809156150 78.46205454354022 25
1739809156158 75.7834083067596 26
1739809156181 73.83878374573787 27
1739809156189 71.35309950598518 28
1739809156207 70.51308199761685 29
1739809156221 70.41553652909542 30
1739809156237 66.48764292035673 31
1739809156253 62.66783040467049 32
1739809156269 61.54562643121052 33
1739809156285 59.331107587047654 34
1739809156301 59.545197783679036 35
1739809156316 62.039926313653226 36
1739809156327 57.270891558686365 37
1739809156336 57.896319374362804 38
1739809156355 54.85768427260695 39
1739809156366 51.85873684270119 40
1739809156384 51.73338627957277 41
1739809156395 50.33802815835843 42
1739809156412 46.061130333685774 43
1739809156427 48.29231249507823 44
1739809156443 45.83963079213159 45
1739809156459 43.18506381716558 46
1739809156475 42.80719162277707 47
1739809156491 41.54641678081477 48
1739809156499 41.3922514196606 49
1739809156507 40.47547211866605 50
1739809156523 41.87500869810686 51
1739809156538 39.37922950252438 52
1739809156561 38.021340326705925 53
1739809156570 36.95454259354259 54
1739809156586 35.0569199753944 55
1739809156602 32.93964330576879 56
1739809156618 33.898855690820966 57
1739809156634 31.140050270944194 58
1739809156650 31.03383785415862 59
1739809156666 29.085053948518443 60
1739809156675 28.63663967049459 61
1739809156685 28.422320900548083 62
1739809156704 27.854767451940727 63
1739809156713 26.96186958869627 64
1739809156731 27.19057226304196 65
1739809156745 26.67826110382359 66
1739809156761 26.49327827045532 67
1739809156777 25.2211309556674 68
1739809156793 22.915858296689493 69
1739809156809 23.33029873835282 70
1739809156825 23.49447611967353 71
1739809156840 22.733533818065794 72
1739809156850 19.64989203545218 73
1739809156856 21.623097899246076 74
1739809156879 20.917244399248396 75
1739809156888 20.921208345251262 76
1739809156910 20.271677249193463 77
1739809156920 19.797685933126115 78
1739809156936 18.326124274554708 79
1739809156956 18.996410285375795 80
1739809156972 18.443957857433535 81
1739809156988 18.198851009087388 82
1739809157006 16.839126588752887 83
1739809157019 16.66001469253904 84
1739809157033 16.82784895818765 85
1739809157051 15.563474828258059 86
1739809157067 15.275870364027666 87
1739809157083 15.640102403119473 88
1739809157097 14.963235508667587 89
1739809157110 14.597429416253433 90
1739809157126 14.593291041010517 91
1739809157142 14.407046575527538 92
1739809157154 12.873054105871296 93
1739809157162 13.554414398122807 94
1739809157181 13.838114897584761 95
1739809157192 12.69069269876253 96
1739809157205 11.8752944994879 97
1739809157221 12.495303401803154 98
1739809157237 13.087833536261037 99
1739809157253 12.778178039331909 100
1739809157269 10.762451949753457 101
1739809157285 11.431979543049762 102
1739809157302 11.176788135613279 103
1739809157316 9.869721879733502 104
1739809157332 11.407765998429664 105
1739809157349 10.427957553122933 106
1739809157358 10.586663339551858 107
1739809157368 10.053381070900615 108
1739809157387 10.467692625427793 109
1739809157397 9.776026698099251 110
1739809157413 9.312887778696798 111
1739809157429 8.929230273400128 112
1739809157445 9.440149562414263 113
1739809157461 8.80474347036301 114
1739809157477 8.809319479590622 115
1739809157493 8.557083053534607 116
1739809157510 8.342691237357574 117
1739809157525 8.316176920290138 118
1739809157535 7.755721813666921 119
1739809157540 8.579519120392453 120
1739809157564 7.676529370669562 121
1739809157572 8.01503068945282 122
1739809157588 7.627631843810247 123
1739809157604 7.183175702258533 124
1739809157620 7.3231547312998595 125
1739809157636 6.680140772286472 126
1739809157653 7.302594631090073 127
1739809157670 6.960984711772636 128
1739809157685 6.355452033238916 129
1739809157699 6.110410928052727 130
1739809157715 6.25352835893656 131
1739809157720 6.137631621614248 132
1739809157741 6.405624845452178 133
1739809157748 6.538313352300921 134
1739809157771 5.897778052484809 135
1739809157778 5.760011435022568 136
1739809157800 6.055255313594235 137
1739809157813 5.86385675574769 138
1739809157826 5.137957736385722 139
1739809157842 5.119949868355583 140
1739809157858 5.740360868971743 141
1739809157874 5.6819181499647895 142
1739809157889 5.818373849149699 143
1739809157894 5.464947331173719 144
1739809157915 4.547645381166661 145
1739809157923 4.956448966501016 146
1739809157937 5.417307025504454 147
1739809157953 4.720554623984004 148
1739809157973 5.228189282036576 149
1739809157984 5.009171671917675 150
1739809158001 5.073033990193352 151
1739809158016 4.57795203022317 152
1739809158032 4.425796046479171 153
1739809158048 5.052323383709883 154
1739809158048 4.75924429400348 155
1739809158068 4.336538898732703 156
1739809158080 4.072914467230272 157
1739809158096 4.4948931554966345 158
1739809158117 4.106634342588997 159
1739809158127 4.53872958649703 160
1739809158144 3.8061715333857853 161
1739809158162 4.243057890141739 162
1739809158175 3.919530079315528 163
1739809158191 3.7509349739660998 164
1739809158202 4.019920219291912 165
1739809158207 4.119002324459937 166
1739809158223 3.8103730241544644 167
1739809158239 3.6781365969943844 168
1739809158255 4.37435151856851 169
1739809158271 3.802549318524649 170
1739809158286 3.983315760795948 171
1739809158302 3.76480617219472 172
1739809158302 3.4412719442111284 173
1739809158323 3.2162411581162678 174
1739809158333 3.3892156916813216 175
1739809158351 3.14372198995603 176
1739809158365 3.470504621453933 177
1739809158381 3.929388690698962 178
1739809158397 3.5710640153929507 179
1739809158413 3.2649025036509807 180
1739809158429 2.9019200046286437 181
1739809158444 3.7603315675539273 182
1739809158456 3.0415280849341837 183
1739809158464 3.1719858038553044 184
1739809158492 2.7460832440236715 185
1739809158507 2.9930500521013594 186
1739809158519 3.124003848334092 187
1739809158524 3.120254140619346 188
1739809158545 3.180923275890279 189
1739809158556 3.171067375173599 190
1739809158572 2.9804344686495488 191
1739809158588 2.910183389360202 192
1739809158604 3.0470049090587805 193
1739809158620 2.9752303128717945 194
1739809158620 2.800820387777384 195
1739809158640 2.981767346437596 196
1739809158652 2.9254427937190015 197
1739809158669 2.820229135498552 198
1739809158690 2.5904030727817586 199
1739809158699 2.6845817765043405 200
1739809158719 2.6022970684265703 201
1739809158731 2.8541560005404847 202
1739809158749 2.6826626045185717 203
1739809158763 2.884853591740306 204
1739809158779 2.6787078488704203 205
1739809158795 2.327424199413776 206
1739809158806 2.366448704813053 207
1739809158814 2.36620776611006 208
1739809158836 2.182657652455699 209
1739809158842 2.2883964210989 210
1739809158861 2.459219864663668 211
1739809158874 2.6222279921892833 212
1739809158894 2.904928729146634 213
1739809158906 2.5707475747503405 214
1739809158924 2.5651486160372143 215
1739809158938 2.499444703339256 216
1739809158954 2.161020974305022 217
1739809158970 2.534612232081511 218
1739809158970 2.2273988720908298 219
1739809158990 1.8749545231359068 220
1739809159002 2.480233209603629 221
1739809159020 2.140736921964004 222
1739809159034 2.5495823008039595 223
1739809159050 2.272016773583575 224
1739809159065 2.189387591988728 225
1739809159081 2.2647133456073405 226
1739809159097 2.3507835150176266 227
1739809159113 2.553072021839471 228
1739809159129 2.3098516395017317 229
1739809159134 2.245880901931451 230
1739809159145 2.1864130933184827 231
1739809159161 2.335006869997095 232
1739809159182 2.0528019625823912 233
1739809159192 2.4670040611319464 234
1739809159208 2.0855504017349427 235
1739809159224 1.9469476658501983 236
1739809159240 2.0916130128251362 237
1739809159256 2.101270893614479 238
1739809159256 1.7330701542741003 239
1739809159272 2.5114474709553174 240
1739809159299 2.137216112352934 241
1739809159306 1.9618299666898615 242
1739809159319 1.8268512197097657 243
1739809159335 2.078559940334961 244
1739809159351 2.052492041166057 245
1739809159367 1.8726947926699196 246
1739809159383 2.0731131854022617 247
1739809159400 2.061375734212066 248
1739809159416 2.317850403651589 249
1739809159432 2.1318987472159274 250
1739809159432 2.0669255174320615 251
1739809159451 1.8776220584553365 252
1739809159463 2.2517410001872413 253
1739809159479 1.8679373846292464 254
1739809159501 1.7564043933099291 255
1739809159511 1.8715677078270918 256
1739809159527 1.868406311057 257
1739809159542 1.6445283223918352 258
1739809159558 1.8997933249661378 259
1739809159574 1.9134853857938852 260
1739809159574 1.7176754328972283 261
1739809159590 2.0418683432999454 262
1739809159614 1.9835665101962885 263
1739809159622 1.7310058465210043 264
1739809159638 1.8789488223985047 265
1739809159654 1.7681376965016609 266
1739809159672 1.903120892723991 267
1739809159685 2.094743589238437 268
1739809159703 1.8420477434680718 269
1739809159717 1.7527643703577283 270
1739809159725 2.1022453481524765 271
1739809159732 1.6024686863490205 272
1739809159753 1.723289945645492 273
1739809159766 1.8645163718270796 274
1739809159783 1.8648797963223265 275
1739809159796 1.9880801743222887 276
1739809159812 1.5330612597574038 277
1739809159828 1.8942333992691096 278
1739809159850 1.962655111836955 279
1739809159868 1.931718623715966 280
1739809159882 1.8855762725884375 281
1739809159891 1.8379898854281849 282
1739809159907 1.7335207164010271 283
1739809159923 1.775377927506925 284
1739809159939 1.5538551340551918 285
1739809159954 1.9184340017947432 286
1739809159970 1.9360805941139632 287
1739809159975 1.7970104289204702 288
1739809159993 1.6947703066836952 289
1739809160002 1.6133656325638317 290
1739809160020 1.591610746349017 291
1739809160034 2.1341809258078586 292
1739809160051 2.0975912983203147 293
1739809160066 1.5510533838222484 294
1739809160082 1.6708372141473604 295
1739809160098 1.670843228999486 296
1739809160114 1.7166850516442078 297
1739809160118 1.6903885186615895 298
1739809160137 1.526624748910189 299
1739809160148 1.7668680290564698 300
1739809160166 1.836200559263667 301
1739809160177 1.6415565521580846 302
1739809160193 1.6481690993246607 303
1739809160209 1.5812710804721772 304
1739809160224 1.6326054550017628 305
1739809160241 1.8242225206003568 306
1739809160256 1.8211439767502418 307
1739809160272 1.6006843310228065 308
1739809160283 1.5494069364075116 309
1739809160292 1.418105041030258 310
1739809160311 1.8438918427205515 311
1739809160322 1.735507301238983 312
1739809160339 1.4953223774931017 313
1739809160351 1.6982342213197865 314
1739809160371 1.5830577445130687 315
1739809160383 1.5866324296468668 316
1739809160402 1.6287529631552153 317
1739809160415 1.5729750027104192 318
1739809160431 1.8271889446114469 319
1739809160436 1.7326043582165727 320
1739809160454 1.5094508303154455 321
1739809160465 1.6211738475835547 322
1739809160484 1.7322452480243198 323
1739809160495 1.7508583141667677 324
1739809160510 1.6279477661590065 325
1739809160526 1.6482868373136663 326
1739809160542 1.6401470495340054 327
1739809160558 1.7110642281379866 328
1739809160574 1.5219945148611567 329
1739809160590 1.4549855234883875 330
1739809160606 1.6429749921113659 331
1739809160622 1.512886727735485 332
1739809160631 1.7853045197407784 333
1739809160642 1.5304111734362067 334
1739809160660 1.7698301972049464 335
1739809160669 1.5909894812678786 336
1739809160685 1.5643270086895489 337
1739809160701 1.751832457076604 338
1739809160717 1.695110502482086 339
1739809160733 2.2374405448006884 340
1739809160750 1.3702440761053791 341
1739809160766 1.5476198288933087 342
1739809160782 1.7063762872415662 343
1739809160796 1.5352996960984453 344
1739809160808 1.9648310601354018 345
1739809160813 1.7739388170563828 346
1739809160829 1.7288093841924852 347
1739809160845 1.5984758647795105 348
1739809160863 1.5082606813509765 349
1739809160877 1.5484036253204791 350
1739809160892 1.3246607457552393 351
1739809160909 1.7241686284380886 352
1739809160924 1.5453211570583378 353
1739809160940 1.490898922555269 354
1739809160956 1.760271521286086 355
1739809160972 1.7107652812068836 356
1739809160982 1.5661961736473053 357
1739809160992 1.676690974587568 358
1739809161004 1.691364759832454 359
1739809161022 1.4850861298391909 360
1739809161041 1.646446882212858 361
1739809161052 1.4436855435330813 362
1739809161072 1.6230750759556667 363
1739809161083 1.3274474894150696 364
1739809161098 1.760547209550964 365
1739809161114 1.611667043006215 366
1739809161130 1.687543621936391 367
1739809161146 1.4490582961172307 368
1739809161156 1.4237538350740837 369
1739809161167 1.5240449560580218 370
1739809161186 1.8250190808414433 371
1739809161209 1.5045740130350689 372
1739809161209 1.5453090273654362 373
1739809161225 1.3484574352529841 374
1739809161241 1.4476602401333414 375
1739809161257 1.563618832430225 376
1739809161278 1.5540917209938991 377
1739809161290 1.581175129175573 378
1739809161306 1.6645686667618336 379
1739809161327 1.6800149181306618 380
1739809161338 1.488579524964932 381
1739809161354 1.3260591657765295 382
1739809161370 1.7596967777460024 383
1739809161386 1.6734384158222604 384
1739809161386 1.4933100154181158 385
1739809161402 1.65507853351243 386
1739809161417 1.6902600703969084 387
1739809161433 1.4651295589176 388
1739809161450 1.7951433691622305 389
1739809161466 1.2834247117776179 390
1739809161482 1.6528093934205572 391
1739809161500 1.580885823570627 392
1739809161514 1.6754818230923008 393
1739809161530 1.4426398837737657 394
1739809161546 1.577707088191064 395
1739809161563 1.558063429363988 396
1739809161579 1.5198799048938663 397
1739809161595 1.4064771813742336 398
1739809161613 1.7233440583358217 399
1739809161634 1.5855909363546157 400
1739809161654 1.539338814549785 401
1739809161659 1.5249871465914038 402
1739809161675 1.611135293405607 403
1739809161693 1.7121417062832598 404
1739809161718 1.5754327304440723 405
1739809161741 1.6509284361815737 406
1739809161759 1.504908681296415 407
1739809161775 1.6705921328791953 408
1739809161792 1.6253909556767312 409
1739809161809 1.3596134956921109 410
1739809161834 1.6120185365301438 411
1739809161842 1.4288497056758664 412
1739809161869 1.6554603479215244 413
1739809161888 1.4698944861824126 414
1739809161904 1.553875453944542 415
1739809161915 1.5205694668715874 416
1739809161930 1.4891181427786175 417
1739809161958 1.4200043215063798 418
1739809161975 1.6032985771247845 419
1739809161993 1.4669294227568541 420
1739809162031 1.4013217830759177 421
1739809162053 1.514883014034827 422
1739809162072 1.5762853779188584 423
1739809162089 1.5384087523175516 424
1739809162110 1.5853162274202923 425
1739809162128 1.632991048049995 426
1739809162145 1.4415116399546088 427
1739809162163 1.6882446664786073 428
1739809162182 1.6803768006192752 429
1739809162222 1.5125946257226306 430
1739809162247 1.4975287268892927 431
1739809162276 1.60851711832708 432
1739809162292 1.4003581775375336 433
1739809162319 1.58062604414177 434
1739809162326 1.7864714422863812 435
1739809162346 1.7506035314321056 436
1739809162360 1.644251195941601 437
1739809162393 1.6118533242014303 438
1739809162415 1.458566710715493 439
1739809162427 1.3231154746846863 440
1739809162450 1.4148856201754507 441
1739809162467 1.4925758445894366 442
1739809162475 1.5765829700636 443
1739809162509 1.4066987449910215 444
1739809162525 1.6349882715538309 445
1739809162542 1.5383933376835461 446
1739809162563 1.645987800770797 447
1739809162592 1.750123312243579 448
1739809162626 1.5585224049505735 449
1739809162664 1.7193516996465765 450
1739809162681 1.5185105553005709 451
1739809162702 1.7484498372937165 452
1739809162718 1.7559779842832308 453
1739809162738 1.4559693654831534 454
1739809162770 1.3419619416218334 455
1739809162822 1.5924228003371028 456
1739809162839 1.3748156798662223 457
1739809162842 1.5327811610269075 458
1739809162885 1.6096776643216837 459
1739809162901 1.402543819701372 460
1739809162908 1.4559417563501686 461
1739809162931 1.576236954888348 462
1739809162947 1.7077828017927852 463
1739809162962 1.5496541854668937 464
1739809162979 1.4925456189166326 465
1739809162996 1.7090900366083357 466
1739809163011 1.3515472847453696 467
1739809163028 1.3459005941112063 468
1739809163042 2.0685657831413784 469
1739809163060 1.232181479091245 470
1739809163073 1.5975832097003717 471
1739809163091 1.5159622007312124 472
1739809163105 1.5274816748038302 473
1739809163108 1.568525671432586 474
1739809163125 1.572286006153509 475
1739809163141 1.4508525345971892 476
1739809163156 1.6088146034732071 477
1739809163172 1.4372069495807924 478
1739809163188 1.596557682672261 479
1739809163209 1.5590722935181502 480
1739809163223 1.5245492418852147 481
1739809163225 1.4788671959098934 482
1739809163240 1.7244739037753927 483
1739809163256 1.507095251618099 484
1739809163272 1.6970385023014583 485
1739809163288 1.4724660703461694 486
1739809163305 1.7102797434972032 487
1739809163320 1.3892826655813357 488
1739809163336 1.407641607610101 489
1739809163352 1.392763887903802 490
1739809163368 1.6820838160853147 491
1739809163384 1.8250084316129938 492
1739809163400 1.6242367644144504 493
1739809163415 1.4827850170401393 494
1739809163415 1.4612548033104675 495
1739809163432 1.1903798675046833 496
1739809163448 1.42606569900598 497
1739809163464 1.5302582265551927 498
1739809163480 1.5893849317878748 499
