1739808885355 169.34901212942756 0
1739808885374 169.281412665859 1
1739808885387 169.21384157227865 2
1739808885403 169.1462988365065 3
1739808885418 169.07878444636776 4
1739808885431 169.01129838969297 5
1739808885435 168.943840654318 6
1739808885460 168.87641122808387 7
1739808885466 168.80901009883704 8
1739808885482 168.74163725442918 9
1739808885498 168.67429268271724 10
1739808885514 168.6069763715634 11
1739808885514 168.53968830883522 12
1739808885541 168.47242848240543 13
1739808885546 168.40519688015206 14
1739808885568 168.3379934899585 15
1739808885578 168.27081829971323 16
1739808885596 168.20367129731017 17
1739808885610 168.13655247064833 18
1739808885616 168.0694618076321 19
1739808885626 168.00239929617112 20
1739808885657 167.93536492418025 21
1739808885657 167.86835867957956 22
1739808885683 167.80138055029445 23
1739808885689 167.7344305242555 24
1739808885710 167.66750858939858 25
1739808885721 167.60061473366477 26
1739808885737 167.53374894500047 27
1739808885753 167.46691121135711 28
1739808885766 167.40010152069166 29
1739808885769 167.3333198609661 30
1739808885793 167.26656622014767 31
1739808885801 167.19984058620884 32
1739808885816 167.1331429471274 33
1739808885832 167.06647329088628 34
1739808885848 166.9998316054736 35
1739808885850 166.93321787888283 36
1739808885875 166.8666320991125 37
1739808885880 166.8000742541665 38
1739808885902 166.73354433205378 39
1739808885911 166.66704232078868 40
1739808885927 166.6005682083905 41
1739808885927 166.53412198288405 42
1739808885958 166.46770363229902 43
1739808885959 166.40131314467067 44
1739808885975 166.3349505080391 45
1739808885991 166.26861571044975 46
1739808886007 166.20230873995337 47
1739808886023 166.13602958460572 48
1739808886038 166.0697782324679 49
1739808886054 166.00355467160603 50
1739808886070 165.9373588900916 51
1739808886076 165.87119087600107 52
1739808886088 165.8050506174163 53
1739808886102 165.73893810242419 54
1739808886118 165.67285331911685 55
1739808886134 165.60679625559163 56
1739808886152 165.5407668999509 57
1739808886166 165.47476524030233 58
1739808886171 165.4087912647587 59
1739808886186 165.34284496143798 60
1739808886198 165.27692631846332 61
1739808886216 165.21103532396293 62
1739808886235 165.1451719660703 63
1739808886245 165.07933623292396 64
1739808886263 165.01352811266779 65
1739808886277 164.9477475934506 66
1739808886293 164.88199466342638 67
1739808886301 164.81626931075445 68
1739808886309 164.75057152359904 69
1739808886327 164.68490129012966 70
1739808886345 164.61925859852096 71
1739808886358 164.55364343695268 72
1739808886374 164.48805579360967 73
1739808886390 164.42249565668203 74
1739808886405 164.35696301436482 75
1739808886411 164.2914578548584 76
1739808886421 164.22598016636817 77
1739808886437 164.16052993710466 78
1739808886453 164.09510715528347 79
1739808886469 164.02971180912547 80
1739808886489 163.96434388685645 81
1739808886505 163.8990033767075 82
1739808886520 163.83369026691463 83
1739808886533 163.76840454571922 84
1739808886541 163.70314620136753 85
1739808886551 163.637915222111 86
1739808886563 163.57271159620615 87
1739808886580 163.5075353119147 88
1739808886595 163.44238635750332 89
1739808886610 163.37726472124393 90
1739808886626 163.31217039141342 91
1739808886642 163.24710335629388 92
1739808886656 163.18206360417233 93
1739808886660 163.1170511233411 94
1739808886673 163.0520659020974 95
1739808886689 162.98710792874365 96
1739808886705 162.92217719158734 97
1739808886721 162.85727367894097 98
1739808886737 162.79239737912218 99
1739808886753 162.72754828045365 100
1739808886753 162.66272637126312 101
1739808886773 162.59793163988348 102
1739808886785 162.53316407465266 103
1739808886801 162.46842366391357 104
1739808886822 162.40371039601428 105
1739808886834 162.3390242593078 106
1739808886848 162.2743652421524 107
1739808886848 162.2097333329113 108
1739808886864 162.1451285199527 109
1739808886883 162.0805507916499 110
1739808886896 162.01600013638136 111
1739808886912 161.9514765425304 112
1739808886927 161.8869799984856 113
1739808886943 161.82251049264042 114
1739808886959 161.7580680133934 115
1739808886975 161.69365254914814 116
1739808886988 161.62926408831322 117
1739808886995 161.5649026193024 118
1739808887007 161.50056813053428 119
1739808887022 161.4362606104327 120
1739808887038 161.3719800474263 121
1739808887054 161.30772642994896 122
1739808887072 161.2434997464394 123
1739808887088 161.17929998534152 124
1739808887102 161.1151271351041 125
1739808887108 161.05098118418107 126
1739808887122 160.98686212103124 127
1739808887136 160.9227699341186 128
1739808887150 160.85870461191203 129
1739808887166 160.79466614288538 130
1739808887184 160.73065451551759 131
1739808887198 160.6666697182926 132
1739808887214 160.60271173969934 133
1739808887220 160.53878056823177 134
1739808887242 160.47487619238876 135
1739808887246 160.41099860067425 136
1739808887262 160.34714778159716 137
1739808887277 160.28332372367143 138
1739808887293 160.21952641541583 139
1739808887309 160.1557558453544 140
1739808887325 160.09201200201593 141
1739808887339 160.0282948739342 142
1739808887341 159.96460444964814 143
1739808887359 159.90094071770153 144
1739808887372 159.83730366664315 145
1739808887388 159.77369328502675 146
1739808887404 159.71010956141106 147
1739808887422 159.64655248435983 148
1739808887436 159.58302204244163 149
1739808887452 159.51951822423013 150
1739808887452 159.45604101830392 151
1739808887472 159.39259041324658 152
1739808887484 159.32916639764662 153
1739808887500 159.26576896009746 154
1739808887516 159.2023980891976 155
1739808887532 159.13905377355036 156
1739808887548 159.07573600176408 157
1739808887553 159.012444762452 158
1739808887564 158.9491800442324 159
1739808887580 158.8859418357284 160
1739808887596 158.8227301255681 161
1739808887612 158.75954490238462 162
1739808887628 158.69638615481588 163
1739808887644 158.63325387150476 164
1739808887644 158.5701480410991 165
1739808887665 158.50706865225177 166
1739808887676 158.44401569362043 167
1739808887694 158.38098915386772 168
1739808887707 158.31798902166113 169
1739808887723 158.25501528567324 170
1739808887739 158.19206793458136 171
1739808887755 158.12914695706792 172
1739808887771 158.06625234182005 173
1739808887777 158.00338407752992 174
1739808887787 157.94054215289458 175
1739808887803 157.87772655661598 176
1739808887819 157.81493727740104 177
1739808887834 157.75217430396157 178
1739808887852 157.6894376250141 179
1739808887866 157.62672722928033 180
1739808887866 157.56404310548675 181
1739808887886 157.50138524236465 182
1739808887907 157.43875362865035 183
1739808887914 157.37614825308498 184
1739808887930 157.31356910441465 185
1739808887946 157.25101617139023 186
1739808887963 157.18848944276758 187
1739808887979 157.1259889073074 188
1739808887995 157.06351455377526 189
1739808888000 157.00106637094166 190
1739808888011 156.93864434758189 191
1739808888029 156.87624847247622 192
1739808888043 156.8138787344097 193
1739808888059 156.75153512217233 194
1739808888075 156.6892176245589 195
1739808888091 156.62692623036918 196
1739808888107 156.56466092840762 197
1739808888112 156.50242170748368 198
1739808888123 156.44020855641173 199
1739808888141 156.3780214640108 200
1739808888155 156.31586041910495 201
1739808888171 156.25372541052297 202
1739808888189 156.19161642709858 203
1739808888203 156.12953345767042 204
1739808888218 156.06747649108172 205
1739808888225 156.00544551618088 206
1739808888234 155.94344052182086 207
1739808888253 155.88146149685969 208
1739808888266 155.81950843016006 209
1739808888282 155.75758131058961 210
1739808888298 155.69568012702075 211
1739808888314 155.63380486833074 212
1739808888330 155.57195552340175 213
1739808888336 155.51013208112062 214
1739808888345 155.44833453037913 215
1739808888363 155.38656286007387 216
1739808888377 155.3248170591062 217
1739808888393 155.26309711638243 218
1739808888412 155.20140302081347 219
1739808888425 155.13973476131525 220
1739808888441 155.07809232680845 221
1739808888446 155.01647570621847 222
1739808888456 154.95488488847562 223
1739808888475 154.89331986251506 224
1739808888488 154.8317806172766 225
1739808888504 154.77026714170495 226
1739808888524 154.70877942474965 227
1739808888535 154.647317455365 228
1739808888551 154.5858812225101 229
1739808888568 154.52447071514877 230
1739808888573 154.46308592224972 231
1739808888587 154.40172683278644 232
1739808888599 154.34039343573724 233
1739808888615 154.27908572008505 234
1739808888631 154.21780367481782 235
1739808888647 154.15654728892812 236
1739808888662 154.09531655141328 237
1739808888678 154.03411145127555 238
1739808888693 153.97293197752185 239
1739808888707 153.9117781191639 240
1739808888718 153.85064986521817 241
1739808888725 153.78954720470597 242
1739808888741 153.72847012665326 243
1739808888756 153.66741862009093 244
1739808888773 153.6063926740544 245
1739808888788 153.54539227758409 246
1739808888788 153.48441741972505 247
1739808888809 153.42346808952712 248
1739808888820 153.36254427604487 249
1739808888837 153.30164596833765 250
1739808888852 153.24077315546958 251
1739808888868 153.17992582650945 252
1739808888884 153.11910397053086 253
1739808888900 153.05830757661212 254
1739808888916 152.99753663383635 255
1739808888921 152.93679113129136 256
1739808888932 152.87607105806967 257
1739808888950 152.81537640326857 258
1739808888964 152.7547071559901 259
1739808888980 152.69406330534102 260
1739808888995 152.63344484043282 261
1739808889011 152.57285175038166 262
1739808889027 152.51228402430854 263
1739808889033 152.4517416513391 264
1739808889043 152.39122462060365 265
1739808889062 152.3307329212374 266
1739808889075 152.2702665423801 267
1739808889090 152.20982547317635 268
1739808889106 152.14940970277536 269
1739808889122 152.08901922033107 270
1739808889140 152.02865401500213 271
1739808889154 151.968314075952 272
1739808889154 151.90799939234876 273
1739808889175 151.84770995336513 274
1739808889186 151.78744574817858 275
1739808889202 151.72720676597137 276
1739808889223 151.66699299593034 277
1739808889233 151.60680442724708 278
1739808889249 151.54664104911788 279
1739808889265 151.48650285074365 280
1739808889281 151.42638982133008 281
1739808889296 151.3663019500875 282
1739808889296 151.30623922623084 283
1739808889315 151.24620163897998 284
1739808889328 151.18618917755919 285
1739808889344 151.12620183119753 286
1739808889360 151.06623958912877 287
1739808889376 151.00630244059133 288
1739808889391 150.94639037482833 289
1739808889407 150.88650338108744 290
1739808889423 150.8266414486211 291
1739808889429 150.76680456668643 292
1739808889439 150.7069927245452 293
1739808889457 150.6472059114638 294
1739808889473 150.5874441167133 295
1739808889487 150.52770732956947 296
1739808889506 150.46799553931268 297
1739808889518 150.40830873522802 298
1739808889534 150.3486469066051 299
1739808889540 150.28901004273834 300
1739808889550 150.22939813292672 301
1739808889566 150.1698111664738 302
1739808889582 150.110249132688 303
1739808889598 150.0507120208822 304
1739808889614 149.99119982037394 305
1739808889630 149.9317125204854 306
1739808889630 149.87225011054352 307
1739808889649 149.81281257987965 308
1739808889661 149.75339991783 309
1739808889677 149.69401211373528 310
1739808889693 149.63464915694078 311
1739808889709 149.57531103679665 312
1739808889725 149.5159977426573 313
1739808889731 149.45670926388215 314
1739808889741 149.39744558983492 315
1739808889759 149.33820670988416 316
1739808889773 149.27899261340292 317
1739808889795 149.21980328976895 318
1739808889805 149.16063872836443 319
1739808889820 149.10149891857648 320
1739808889836 149.04238384979647 321
1739808889852 148.9832935114206 322
1739808889868 148.92422789284964 323
1739808889875 148.86518698348888 324
1739808889886 148.80617077274823 325
1739808889902 148.74717925004228 326
1739808889915 148.68821240479016 327
1739808889931 148.62927022641557 328
1739808889947 148.5703527043469 329
1739808889963 148.5114598280169 330
1739808889980 148.45259158686326 331
1739808889995 148.3937479703279 332
1739808889995 148.3349289678576 333
1739808890014 148.2761345689035 334
1739808890027 148.21736476292148 335
1739808890043 148.15861953937195 336
1739808890059 148.09989888771983 337
1739808890075 148.04120279743478 338
1739808890091 147.98253125799084 339
1739808890098 147.92388425886665 340
1739808890107 147.86526178954557 341
1739808890125 147.80666383951538 342
1739808890139 147.74809039826846 343
1739808890155 147.68954145530176 344
1739808890171 147.6310170001168 345
1739808890187 147.57251702221964 346
1739808890203 147.51404151112092 347
1739808890203 147.45559045633576 348
1739808890224 147.39716384738392 349
1739808890236 147.33876167378972 350
1739808890257 147.28038392508188 351
1739808890266 147.22203059079385 352
1739808890282 147.16370166046352 353
1739808890298 147.1053971236333 354
1739808890314 147.04711696985024 355
1739808890321 146.98886118866588 356
1739808890330 146.9306297696362 357
1739808890348 146.8724227023219 358
1739808890362 146.81423997628804 359
1739808890378 146.7560815811043 360
1739808890396 146.69794750634486 361
1739808890410 146.63983774158848 362
1739808890410 146.58175227641837 363
1739808890430 146.52369110042224 364
1739808890442 146.4656542031924 365
1739808890458 146.4076415743257 366
1739808890474 146.3496532034234 367
1739808890490 146.2916890800913 368
1739808890506 146.2337491939398 369
1739808890521 146.1758335345837 370
1739808890521 146.11794209164236 371
1739808890538 146.06007485473967 372
1739808890553 146.00223181350398 373
1739808890569 145.94441295756818 374
1739808890585 145.88661827656958 375
1739808890601 145.8288477601501 376
1739808890616 145.77110139795607 377
1739808890623 145.7133791796384 378
1739808890632 145.65568109485233 379
1739808890650 145.5980071332578 380
1739808890664 145.54035728451908 381
1739808890680 145.482731538305 382
1739808890696 145.42512988428888 383
1739808890712 145.3675523121485 384
1739808890712 145.309998811566 385
1739808890741 145.25246937222832 386
1739808890756 145.1949639838265 387
1739808890768 145.13748263605632 388
1739808890781 145.08002531861794 389
1739808890797 145.02259202121596 390
1739808890810 144.9651827335595 391
1739808890824 144.90779744536212 392
1739808890839 144.8504361463418 393
1739808890855 144.79309882622113 394
1739808890872 144.73578547472704 395
1739808890886 144.6784960815909 396
1739808890900 144.62123063654863 397
1739808890913 144.56398912934054 398
1739808890926 144.50677154971132 399
1739808890937 144.4495778874104 400
1739808890952 144.3924081321913 401
1739808890965 144.3352622738122 402
1739808890978 144.27814030203567 403
1739808890990 144.2210422066287 404
1739808891008 144.1639679773628 405
1739808891022 144.1069176040138 406
1739808891033 144.0498910763621 407
1739808891042 143.99288838419244 408
1739808891062 143.93590951729402 409
1739808891074 143.8789544654605 410
1739808891090 143.82202321848987 411
1739808891106 143.76511576618475 412
1739808891124 143.70823209835194 413
1739808891141 143.65137220480284 414
1739808891157 143.59453607535323 415
1739808891171 143.5377236998232 416
1739808891187 143.4809350680375 417
1739808891199 143.42417016982503 418
1739808891213 143.36742899501928 419
1739808891227 143.3107115334581 420
1739808891241 143.25401777498365 421
1739808891254 143.19734770944274 422
1739808891269 143.14070132668635 423
1739808891283 143.08407861657 424
1739808891303 143.0274795689535 425
1739808891316 142.97090417370123 426
1739808891330 142.9143524206818 427
1739808891345 142.85782429976828 428
1739808891358 142.8013198008382 429
1739808891372 142.74483891377335 430
1739808891385 142.68838162846004 431
1739808891398 142.63194793478888 432
1739808891412 142.57553782265495 433
1739808891426 142.51915128195762 434
1739808891441 142.4627883026007 435
1739808891455 142.4064488744924 436
1739808891467 142.3501329875452 437
1739808891480 142.29384063167618 438
1739808891494 142.23757179680652 439
1739808891508 142.181326472862 440
1739808891523 142.12510464977262 441
1739808891538 142.06890631747285 442
1739808891551 142.01273146590148 443
1739808891563 141.95658008500166 444
1739808891579 141.90045216472095 445
1739808891591 141.8443476950112 446
1739808891606 141.78826666582873 447
1739808891620 141.7322090671341 448
1739808891633 141.67617488889232 449
1739808891646 141.62016412107266 450
1739808891661 141.56417675364887 451
1739808891674 141.5082127765989 452
1739808891688 141.45227217990515 453
1739808891701 141.39635495355438 454
1739808891714 141.34046108753765 455
1739808891727 141.28459057185034 456
1739808891741 141.22874339649226 457
1739808891754 141.17291955146746 458
1739808891770 141.1171190267844 459
1739808891771 141.06134181245582 460
1739808891795 141.00558789849885 461
1739808891802 140.94985727493489 462
1739808891825 140.89414993178974 463
1739808891838 140.83846585909347 464
1739808891852 140.78280504688058 465
1739808891864 140.7271674851897 466
1739808891878 140.67155316406394 467
1739808891892 140.61596207355072 468
1739808891905 140.56039420370172 469
1739808891905 140.50484954457295 470
1739808891932 140.44932808622477 471
1739808891945 140.39382981872183 472
1739808891959 140.33835473213307 473
1739808891973 140.2829028165318 474
1739808891986 140.22747406199562 475
1739808891991 140.17206845860633 476
1739808892013 140.11668599645017 477
1739808892027 140.06132666561763 478
1739808892037 140.00599045620356 479
1739808892053 139.95067735830696 480
1739808892055 139.89538736203127 481
1739808892069 139.84012045748412 482
1739808892095 139.78487663477756 483
1739808892109 139.72965588402778 484
1739808892124 139.67445819535538 485
1739808892138 139.6192835588852 486
1739808892150 139.56413196474634 487
1739808892163 139.50900340307223 488
1739808892175 139.45389786400054 489
1739808892189 139.39881533767323 490
1739808892204 139.34375581423657 491
1739808892206 139.2887192838411 492
1739808892231 139.23370573664158 493
1739808892244 139.17871516279712 494
1739808892256 139.123747552471 495
1739808892274 139.06880289583083 496
1739808892289 139.01388118304857 497
1739808892290 138.95898240430026 498
1739808892322 138.90410654976637 499
