1739808871382 169.08902758239503 0
1739808871391 169.0215592450472 1
1739808871410 168.95411921432984 2
1739808871423 168.88670747809277 3
1739808871438 168.81932402419096 4
1739808871438 168.75196884048472 5
1739808871465 168.68464191483966 6
1739808871470 168.61734323512658 7
1739808871491 168.5500727892216 8
1739808871502 168.4828305650061 9
1739808871518 168.4156165503668 10
1739808871533 168.3484307331955 11
1739808871549 168.28127310138947 12
1739808871549 168.21414364285107 13
1739808871574 168.14704234548802 14
1739808871580 168.07996919721327 15
1739808871596 168.0129241859449 16
1739808871612 167.94590729960652 17
1739808871628 167.8789185261267 18
1739808871644 167.8119578534394 19
1739808871657 167.74502526948382 20
1739808871675 167.6781207622043 21
1739808871691 167.6112443195505 22
1739808871707 167.54439592947736 23
1739808871719 167.47757557994493 24
1739808871723 167.41078325891863 25
1739808871746 167.34401895436892 26
1739808871755 167.27728265427166 27
1739808871773 167.21057434660793 28
1739808871787 167.1438940193639 29
1739808871801 167.0772416605311 30
1739808871803 167.01061725810607 31
1739808871828 166.94402080009087 32
1739808871837 166.87745227449244 33
1739808871854 166.81091166932327 34
1739808871867 166.74439897260075 35
1739808871883 166.6779141723477 36
1739808871883 166.61145725659196 37
1739808871908 166.54502821336672 38
1739808871915 166.47862703071033 39
1739808871936 166.41225369666626 40
1739808871947 166.34590819928326 41
1739808871963 166.27959052661524 42
1739808871963 166.2133006667213 43
1739808871989 166.14703860766573 44
1739808871994 166.08080433751798 45
1739808872015 166.01459784435278 46
1739808872026 165.94841911624988 47
1739808872042 165.88226814129433 48
1739808872058 165.81614490757633 49
1739808872074 165.75004940319127 50
1739808872074 165.68398161623958 51
1739808872101 165.61794153482708 52
1739808872106 165.55192914706456 53
1739808872127 165.48594444106809 54
1739808872143 165.41998740495887 55
1739808872156 165.35405802686327 56
1739808872170 165.2881562949128 57
1739808872183 165.22228219724414 58
1739808872185 165.156435721999 59
1739808872210 165.09061685732453 60
1739808872223 165.02482559137275 61
1739808872245 164.95906191230094 62
1739808872250 164.89332580827153 63
1739808872272 164.8276172674521 64
1739808872281 164.7619362780153 65
1739808872300 164.69628282813898 66
1739808872313 164.63065690600612 67
1739808872328 164.5650584998048 68
1739808872344 164.49948759772826 69
1739808872357 164.43394418797487 70
1739808872360 164.3684282587481 71
1739808872383 164.3029397982566 72
1739808872392 164.23747879471406 73
1739808872410 164.17204523633936 74
1739808872424 164.10663911135643 75
1739808872440 164.0412604079944 76
1739808872440 163.97590911448745 77
1739808872464 163.91058521907487 78
1739808872471 163.84528871000109 79
1739808872493 163.78001957551567 80
1739808872508 163.71477780387315 81
1739808872522 163.64956338333334 82
1739808872538 163.58437630216105 83
1739808872550 163.51921654862616 84
1739808872566 163.45408411100374 85
1739808872585 163.38897897757388 86
1739808872597 163.32390113662177 87
1739808872613 163.25885057643774 88
1739808872613 163.19382728531716 89
1739808872639 163.12883125156043 90
1739808872645 163.06386246347313 91
1739808872660 162.99892090936595 92
1739808872681 162.9340065775545 93
1739808872695 162.86911945635953 94
1739808872708 162.804259534107 95
1739808872721 162.73942679912773 96
1739808872725 162.6746212397577 97
1739808872749 162.6098428443381 98
1739808872757 162.5450916012149 99
1739808872776 162.48036749873935 100
1739808872788 162.41567052526761 101
1739808872802 162.3510006691611 102
1739808872804 162.28635791878605 103
1739808872830 162.22174226251389 104
1739808872836 162.1571536887211 105
1739808872857 162.0925921857892 106
1739808872868 162.0280577421046 107
1739808872884 161.9635503460591 108
1739808872900 161.89906998604923 109
1739808872912 161.83461665047662 110
1739808872916 161.770190327748 111
1739808872939 161.7057910062752 112
1739808872948 161.6414186744749 113
1739808872966 161.57707332076893 114
1739808872982 161.51275493358415 115
1739808872995 161.44846350135245 116
1739808872995 161.3841990125106 117
1739808873015 161.31996145550065 118
1739808873037 161.25575081876946 119
1739808873043 161.19156709076896 120
1739808873060 161.12741025995615 121
1739808873076 161.06328031479296 122
1739808873091 160.99917724374646 123
1739808873093 160.93510103528857 124
1739808873107 160.87105167789636 125
1739808873123 160.8070291600517 126
1739808873139 160.74303347024176 127
1739808873155 160.67906459695848 128
1739808873155 160.61512252869886 129
1739808873173 160.5512072539649 130
1739808873187 160.4873187612636 131
1739808873203 160.42345703910695 132
1739808873219 160.35962207601196 133
1739808873235 160.29581386050052 134
1739808873250 160.23203238109963 135
1739808873250 160.16827762634122 136
1739808873266 160.1045495847622 137
1739808873282 160.04084824490442 138
1739808873298 159.9771735953148 139
1739808873314 159.9135256245452 140
1739808873332 159.84990432115234 141
1739808873346 159.78630967369804 142
1739808873353 159.7227416707491 143
1739808873376 159.6592003008771 144
1739808873389 159.59568555265886 145
1739808873394 159.53219741467598 146
1739808873417 159.46873587551502 147
1739808873425 159.40530092376758 148
1739808873442 159.34189254803013 149
1739808873457 159.27851073690405 150
1739808873473 159.21515547899594 151
1739808873475 159.151826762917 152
1739808873489 159.08852457728364 153
1739808873508 159.025248910717 154
1739808873520 158.96199975184336 155
1739808873540 158.8987770892938 156
1739808873552 158.83558091170434 157
1739808873568 158.7724112077161 158
1739808873584 158.70926796597493 159
1739808873596 158.64615117513168 160
1739808873600 158.58306082384217 161
1739808873623 158.5199969007671 162
1739808873631 158.45695939457215 163
1739808873647 158.39394829392785 164
1739808873663 158.33096358750967 165
1739808873679 158.26800526399805 166
1739808873679 158.2050733120783 167
1739808873695 158.14216772044063 168
1739808873711 158.07928847778018 169
1739808873727 158.01643557279698 170
1739808873743 157.95360899419603 171
1739808873759 157.89080873068718 172
1739808873759 157.82803477098523 173
1739808873775 157.76528710380975 174
1739808873801 157.7025657178854 175
1739808873806 157.6398706019416 176
1739808873822 157.57720174471262 177
1739808873838 157.51455913493785 178
1739808873853 157.4519427613614 179
1739808873855 157.3893526127322 180
1739808873883 157.3267886778043 181
1739808873885 157.26425094533636 182
1739808873901 157.20173940409205 183
1739808873917 157.13925404284004 184
1739808873933 157.07679485035365 185
1739808873949 157.0143618154113 186
1739808873949 156.95195492679605 187
1739808873967 156.88957417329596 188
1739808873981 156.82721954370405 189
1739808873997 156.76489102681796 190
1739808874013 156.70258861144046 191
1739808874029 156.640312286379 192
1739808874029 156.57806204044596 193
1739808874047 156.51583786245857 194
1739808874060 156.4536397412389 195
1739808874076 156.39146766561387 196
1739808874099 156.32932162441537 197
1739808874108 156.26720160647992 198
1739808874124 156.205107600649 199
1739808874140 156.143039595769 200
1739808874140 156.0809975806911 201
1739808874165 156.01898154427133 202
1739808874177 155.95699147537047 203
1739808874193 155.89502736285422 204
1739808874203 155.83308919559312 205
1739808874219 155.77117696246256 206
1739808874235 155.70929065234273 207
1739808874247 155.64743025411855 208
1739808874251 155.58559575668 209
1739808874272 155.5237871489216 210
1739808874282 155.4620044197429 211
1739808874297 155.40024755804828 212
1739808874314 155.33851655274674 213
1739808874329 155.27681139275234 214
1739808874329 155.2151320669837 215
1739808874357 155.1534785643645 216
1739808874361 155.09185087382303 217
1739808874384 155.03024898429257 218
1739808874393 154.968672884711 219
1739808874412 154.90712256402117 220
1739808874425 154.84559801117064 221
1739808874441 154.7840992151118 222
1739808874441 154.7226261648019 223
1739808874465 154.66117884920283 224
1739808874472 154.59975725728145 225
1739808874493 154.53836137800923 226
1739808874504 154.4769912003626 227
1739808874520 154.41564671332262 228
1739808874520 154.35432790587527 229
1739808874547 154.29303476701122 230
1739808874551 154.23176728572602 231
1739808874576 154.17052545101987 232
1739808874584 154.1093092518978 233
1739808874599 154.04811867736967 234
1739808874615 153.98695371645002 235
1739808874631 153.92581435815822 236
1739808874647 153.86470059151839 237
1739808874658 153.8036124055594 238
1739808874663 153.7425497893149 239
1739808874679 153.68151273182332 240
1739808874695 153.62050122212784 241
1739808874713 153.55951524927627 242
1739808874726 153.49855480232148 243
1739808874739 153.43761987032076 244
1739808874742 153.37671044233633 245
1739808874767 153.31582650743516 246
1739808874774 153.25496805468885 247
1739808874793 153.19413507317392 248
1739808874805 153.13332755197146 249
1739808874821 153.07254548016738 250
1739808874821 153.01178884685237 251
1739808874847 152.9510576411218 252
1739808874854 152.89035185207578 253
1739808874874 152.82967146881916 254
1739808874885 152.7690164804615 255
1739808874901 152.7083868761171 256
1739808874917 152.64778264490496 257
1739808874930 152.58720377594895 258
1739808874938 152.52665025837746 259
1739808874959 152.4661220813237 260
1739808874965 152.4056192339256 261
1739808874987 152.34514170532574 262
1739808874997 152.28468948467156 263
1739808875015 152.22426256111498 264
1739808875029 152.16386092381288 265
1739808875043 152.1034845619267 266
1739808875053 152.0431334646226 267
1739808875071 151.98280762107146 268
1739808875077 151.92250702044888 269
1739808875098 151.86223165193513 270
1739808875108 151.80198150471517 271
1739808875124 151.74175656797868 272
1739808875142 151.6815568309201 273
1739808875156 151.62138228273838 274
1739808875156 151.56123291263734 275
1739808875183 151.5011087098253 276
1739808875188 151.44100966351553 277
1739808875210 151.38093576292573 278
1739808875220 151.32088699727848 279
1739808875238 151.26086335580075 280
1739808875252 151.20086482772456 281
1739808875268 151.14089140228634 282
1739808875268 151.08094306872727 283
1739808875293 151.02101981629326 284
1739808875299 150.96112163423473 285
1739808875321 150.901248511807 286
1739808875331 150.84140043826977 287
1739808875347 150.78157740288773 288
1739808875363 150.72177939492988 289
1739808875376 150.66200640367015 290
1739808875379 150.60225841838704 291
1739808875402 150.54253542836366 292
1739808875411 150.4828374228878 293
1739808875430 150.42316439125193 294
1739808875446 150.36351632275313 295
1739808875459 150.30389320669317 296
1739808875459 150.24429503237832 297
1739808875480 150.1847217891198 298
1739808875490 150.1251734662331 299
1739808875513 150.06565005303858 300
1739808875522 150.00615153886122 301
1739808875543 149.94667791303056 302
1739808875557 149.8872291648808 303
1739808875572 149.82780528375082 304
1739808875585 149.76840625898407 305
1739808875597 149.70903207992856 306
1739808875600 149.64968273593706 307
1739808875623 149.59035821636698 308
1739808875633 149.5310585105801 309
1739808875651 149.47178360794314 310
1739808875664 149.41253349782724 311
1739808875678 149.35330816960817 312
1739808875680 149.2941076126664 313
1739808875706 149.23493181638693 314
1739808875712 149.17578077015938 315
1739808875734 149.116654463378 316
1739808875744 149.05755288544162 317
1739808875759 148.99847602575363 318
1739808875775 148.93942387372215 319
1739808875781 148.8803964187598 320
1739808875792 148.82139365028382 321
1739808875807 148.76241555771594 322
1739808875823 148.7034621304827 323
1739808875839 148.64453335801514 324
1739808875855 148.5856292297487 325
1739808875871 148.52674973512364 326
1739808875885 148.46789486358477 327
1739808875887 148.40906460458137 328
1739808875902 148.35025894756737 329
1739808875918 148.29147788200132 330
1739808875934 148.23272139734627 331
1739808875950 148.17398948306985 332
1739808875966 148.1152821286443 333
1739808875972 148.05659932354644 334
1739808875982 147.99794105725763 335
1739808875998 147.93930731926378 336
1739808876014 147.8806980990553 337
1739808876029 147.8221133861274 338
1739808876045 147.7635531699796 339
1739808876047 147.70501744011602 340
1739808876061 147.64650618604546 341
1739808876077 147.5880193972812 342
1739808876098 147.52955706334106 343
1739808876109 147.47111917374735 344
1739808876125 147.41270571802713 345
1739808876127 147.35431668571172 346
1739808876141 147.2959520663373 347
1739808876157 147.23761184944425 348
1739808876180 147.17929602457778 349
1739808876188 147.12100458128748 350
1739808876206 147.06273750912757 351
1739808876220 147.00449479765672 352
1739808876220 146.94627643643815 353
1739808876236 146.88808241503966 354
1739808876251 146.8299127230335 355
1739808876268 146.77176734999657 356
1739808876283 146.7136462855101 357
1739808876302 146.65554951916008 358
1739808876315 146.59747704053675 359
1739808876331 146.53942883923511 360
1739808876331 146.48140490485457 361
1739808876347 146.42340522699908 362
1739808876363 146.36542979527698 363
1739808876381 146.3074785993014 364
1739808876395 146.24955162868963 365
1739808876411 146.1916488730637 366
1739808876427 146.13377032205008 367
1739808876429 146.0759159652798 368
1739808876443 146.0180857923883 369
1739808876459 145.9602797930155 370
1739808876482 145.90249795680595 371
1739808876490 145.84474027340855 372
1739808876506 145.78700673247678 373
1739808876522 145.7292973236686 374
1739808876522 145.6716120366464 375
1739808876538 145.61395086107714 376
1739808876554 145.55631378663224 377
1739808876570 145.49870080298757 378
1739808876586 145.44111189982348 379
1739808876601 145.38354706682483 380
1739808876617 145.32600629368093 381
1739808876619 145.26848957008553 382
1739808876633 145.21099688573705 383
1739808876649 145.15352823033814 384
1739808876666 145.09608359359598 385
1739808876681 145.03866296522224 386
1739808876697 144.9812663349332 387
1739808876713 144.92389369244924 388
1739808876728 144.86654502749565 389
1739808876730 144.8092203298018 390
1739808876744 144.75191958910176 391
1739808876760 144.69464279513394 392
1739808876776 144.6373899376412 393
1739808876792 144.58016100637093 394
1739808876808 144.5229559910749 395
1739808876824 144.46577488150928 396
1739808876824 144.40861766743492 397
1739808876840 144.35148433861679 398
1739808876856 144.29437488482446 399
1739808876872 144.23728929583208 400
1739808876887 144.18022756141798 401
1739808876903 144.12318967136508 402
1739808876919 144.06617561546065 403
1739808876919 144.00918538349651 404
1739808876935 143.9522189652688 405
1739808876950 143.89527635057814 406
1739808876966 143.83835752922948 407
1739808876982 143.78146249103239 408
1739808876998 143.72459122580068 409
1739808877003 143.6677437233527 410
1739808877014 143.61091997351107 411
1739808877032 143.55411996610306 412
1739808877045 143.4973436909601 413
1739808877061 143.4405911379182 414
1739808877077 143.38386229681774 415
1739808877093 143.32715715750342 416
1739808877108 143.27047570982452 417
1739808877108 143.2138179436346 418
1739808877124 143.15718384879165 419
1739808877140 143.10057341515807 420
1739808877156 143.04398663260062 421
1739808877172 142.9874234909905 422
1739808877188 142.93088398020336 423
1739808877193 142.87436809011908 424
1739808877206 142.81787581062213 425
1739808877219 142.76140713160117 426
1739808877235 142.70496204294943 427
1739808877252 142.64854053456438 428
1739808877268 142.59214259634797 429
1739808877270 142.5357682182065 430
1739808877283 142.47941739005066 431
1739808877301 142.42309010179545 432
1739808877315 142.36678634336033 433
1739808877335 142.31050610466914 434
1739808877347 142.25424937565003 435
1739808877363 142.19801614623552 436
1739808877363 142.14180640636255 437
1739808877389 142.08562014597246 438
1739808877395 142.0294573550108 439
1739808877417 141.97331802342765 440
1739808877426 141.91720214117737 441
1739808877442 141.86110969821866 442
1739808877458 141.80504068451467 443
1739808877471 141.74899509003274 444
1739808877474 141.69297290474472 445
1739808877497 141.6369741186268 446
1739808877506 141.58099872165937 447
1739808877524 141.52504670382743 448
1739808877538 141.46911805512005 449
1739808877554 141.41321276553074 450
1739808877554 141.3573308250575 451
1739808877578 141.3014722237024 452
1739808877585 141.2456369514721 453
1739808877605 141.18982499837745 454
1739808877617 141.13403635443365 455
1739808877633 141.0782710096603 456
1739808877633 141.02252895408122 457
1739808877660 140.96681017772474 458
1739808877670 140.91111467062328 459
1739808877691 140.85544242281375 460
1739808877696 140.7997934243373 461
1739808877718 140.74416766523953 462
1739808877733 140.6885651355702 463
1739808877749 140.63298582538349 464
1739808877764 140.57742972473778 465
1739808877775 140.5218968236959 466
1739808877790 140.46638711232498 467
1739808877802 140.4109005806964 468
1739808877806 140.35543721888575 469
1739808877829 140.29999701697318 470
1739808877838 140.2445799650429 471
1739808877857 140.1891860531836 472
1739808877871 140.13381527148812 473
1739808877886 140.07846761005376 474
1739808877889 140.023143058982 475
1739808877912 139.96784160837856 476
1739808877918 139.91256324835362 477
1739808877940 139.85730796902155 478
1739808877949 139.80207576050105 479
1739808877968 139.74686661291506 480
1739808877981 139.69168051639082 481
1739808877997 139.63651746105987 482
1739808877997 139.58137743705802 483
1739808878023 139.52626043452534 484
1739808878029 139.47116644360625 485
1739808878051 139.4160954544494 486
1739808878060 139.36104745720763 487
1739808878080 139.3060224420382 488
1739808878092 139.25102039910257 489
1739808878108 139.19604131856644 490
1739808878108 139.14108519059985 491
1739808878133 139.08615200537702 492
1739808878140 139.03124175307653 493
1739808878161 138.9763544238811 494
1739808878172 138.9214900079778 495
1739808878188 138.86664849555797 496
1739808878204 138.81182987681711 497
1739808878216 138.75703414195505 498
1739808878219 138.70226128117588 499
