1739807454087 169.42810631986353 0
1739807454104 162.73016039435547 1
1739807454118 156.310300507264 2
1739807454132 150.15671985903916 3
1739807454145 144.25811896149239 4
1739807454152 138.60368370365566 5
1739807454168 133.18306436902907 6
1739807454184 127.9863555628819 7
1739807454200 123.00407701007174 8
1739807454217 118.22715518556342 9
1739807454231 113.64690574147471 10
1739807454245 109.25501669604877 11
1739807454258 105.04353235145685 12
1739807454271 101.00483790877463 13
1739807454283 97.1316447498511 14
1739807454299 93.41697635710626 15
1739807454305 89.85415484355204 16
1739807454329 86.43678806653641 17
1739807454336 83.1587572998618 18
1739807454349 80.0142054400317 19
1739807454364 76.99752572343226 20
1739807454384 74.10335093226522 21
1739807454401 71.32654306801162 22
1739807454416 68.66218347212894 23
1739807454420 66.10556337456607 24
1739807454435 63.65217485152467 25
1739807454451 61.297702174702586 26
1739807454467 59.038013535027176 27
1739807454485 56.869153124624646 28
1739807454499 54.787333561478206 29
1739807454504 52.78892864190319 30
1739807454515 50.870466406613986 31
1739807454534 49.028622506775235 32
1739807454550 47.2602138570217 33
1739807454566 45.56219256299623 34
1739807454583 43.931640111496534 35
1739807454598 42.365761811838915 36
1739807454613 40.861881477541765 37
1739807454619 39.4174363379059 38
1739807454629 38.02997216952027 39
1739807454652 36.69713863815633 40
