1739808709894 169.34901212942756 0
1739808709910 168.6736255293961 1
1739808709932 168.00107058241323 2
1739808709941 167.33133514368654 3
1739808709957 166.66440712114164 4
1739808709973 166.00027447519153 5
1739808709990 165.3389252185077 6
1739808709994 164.68034741579177 7
1739808710016 164.02452918354817 8
1739808710030 163.3714586898579 9
1739808710045 162.7211241541534 10
1739808710058 162.07351384699413 11
1739808710072 161.42861608984342 12
1739808710077 160.786419254846 13
1739808710094 160.14691176460684 14
1739808710110 159.5100820919705 15
1739808710122 158.87591875980215 16
1739808710130 158.2444103407687 17
1739808710149 157.61554545712158 18
1739808710157 156.9893127804802 19
1739808710173 156.36570103161614 20
1739808710180 155.7446989802389 21
1739808710199 155.12629544478176 22
1739808710211 154.51047929218933 23
1739808710227 153.89723943770565 24
1739808710233 153.28656484466325 25
1739808710252 152.67844452427315 26
1739808710259 152.07286753541595 27
1739808710274 151.46982298443336 28
1739808710290 150.8693000249215 29
1739808710304 150.27128785752396 30
1739808710311 149.6757757297269 31
1739808710327 149.08275293565418 32
1739808710343 148.49220881586402 33
1739808710356 147.90413275714602 34
1739808710362 147.31851419231947 35
1739808710382 146.7353426000323 36
1739808710391 146.1546075045612 37
1739808710409 145.57629847561202 38
1739808710414 145.0004051281219 39
1739808710433 144.4269171220616 40
1739808710442 143.85582416223875 41
1739808710458 143.28711599810242 42
1739808710465 142.720782423548 43
1739808710484 142.1568132767233 44
1739808710490 141.59519843983549 45
1739808710506 141.03592783895834 46
1739808710524 140.47899144384138 47
1739808710527 139.9243792677186 48
1739808710543 139.37208136711914 49
1739808710559 138.822087841678 50
1739808710566 138.27438883394814 51
1739808710585 137.72897452921293 52
1739808710593 137.18583515529966 53
1739808710611 136.64496098239408 54
1739808710625 136.10634232285526 55
1739808710637 135.56996953103166 56
1739808710643 135.03583300307787 57
1739808710662 134.50392317677202 58
1739808710675 133.97423053133437 59
1739808710687 133.4467455872462 60
1739808710694 132.92145890606986 61
1739808710713 132.39836109026945 62
1739808710722 131.87744278303242 63
1739808710741 131.3586946680917 64
1739808710747 130.84210746954884 65
1739808710766 130.32767195169788 66
1739808710776 129.8153789188499 67
1739808710792 129.30521921515847 68
1739808710797 128.7971837244457 69
1739808710816 128.29126337002924 70
1739808710824 127.7874491145498 71
1739808710845 127.28573195979978 72
1739808710850 126.78610294655222 73
1739808710870 126.2885531543909 74
1739808710877 125.79307370154083 75
1739808710893 125.2996557446998 76
1739808710908 124.80829047887048 77
1739808710921 124.31896913719318 78
1739808710928 123.83168299077963 79
1739808710947 123.34642334854723 80
1739808710954 122.86318155705412 81
1739808710972 122.38194900033497 82
1739808710980 121.90271709973747 83
1739808710996 121.42547731375957 84
1739808711012 120.95022113788741 85
1739808711024 120.47694010443392 86
1739808711028 120.00562578237826 87
1739808711051 119.53626977720577 88
1739808711067 119.06886373074879 89
1739808711080 118.60339932102808 90
1739808711094 118.13986826209496 91
1739808711108 117.6782623038742 92
1739808711122 117.21857323200744 93
1739808711134 116.7607928676975 94
1739808711148 116.30491306755326 95
1739808711160 115.8509257234351 96
1739808711176 115.39882276230135 97
1739808711176 114.94859614605501 98
1739808711192 114.5002378713915 99
1739808711210 114.05373996964686 100
1739808711223 113.6090945066466 101
1739808711243 113.1662935825554 102
1739808711256 112.72532933172727 103
1739808711264 112.28619392255649 104
1739808711276 111.84887955732908 105
1739808711297 111.41337847207517 106
1739808711310 110.97968293642163 107
1739808711321 110.54778525344575 108
1739808711324 110.11767775952922 109
1739808711339 109.68935282421307 110
1739808711362 109.26280285005285 111
1739808711376 108.83802027247494 112
1739808711389 108.41499755963291 113
1739808711402 107.99372721226518 114
1739808711418 107.57420176355258 115
1739808711433 107.15641377897718 116
1739808711456 106.7403558561813 117
1739808711474 106.32602062482727 118
1739808711478 105.91340074645795 119
1739808711499 105.50248891435766 120
1739808711512 105.09327785341374 121
1739808711526 104.68576031997893 122
1739808711539 104.27992910173396 123
1739808711550 103.8757770175512 124
1739808711557 103.47329691735857 125
1739808711578 103.07248168200414 126
1739808711583 102.67332422312136 127
1739808711602 102.27581748299491 128
1739808711610 101.87995443442705 129
1739808711626 101.48572808060452 130
1739808711633 101.0931314549662 131
1739808711654 100.70215762107118 132
1739808711658 100.31279967246753 133
1739808711674 99.92505073256149 134
1739808711695 99.53890395448744 135
1739808711707 99.15435252097818 136
1739808711714 98.77138964423612 137
1739808711727 98.39000856580465 138
1739808711742 98.01020255644039 139
1739808711758 97.63196491598578 140
1739808711764 97.25528897324237 141
1739808711782 96.88016808584462 142
1739808711794 96.50659564013422 143
1739808711809 96.13456505103493 144
1739808711815 95.7640697619282 145
1739808711833 95.39510324452897 146
1739808711841 95.02765899876219 147
1739808711857 94.66173055264017 148
1739808711873 94.29731146213977 149
1739808711884 93.93439531108088 150
1739808711897 93.57297571100499 151
1739808711909 93.21304630105432 152
1739808711916 92.85460074785169 153
1739808711934 92.49763274538066 154
1739808711941 92.1421360148664 155
1739808711957 91.788104304657 156
1739808711973 91.43553139010518 157
1739808711984 91.08441107345087 158
1739808711998 90.7347371837038 159
1739808712007 90.38650357652706 160
1739808712024 90.0397041341209 161
1739808712040 89.69433276510716 162
1739808712045 89.35038340441415 163
1739808712064 89.00785001316201 164
1739808712072 88.66672657854872 165
1739808712093 88.3270071137364 166
1739808712098 87.98868565773824 167
1739808712116 87.6517562753059 168
1739808712125 87.31621305681743 169
1739808712141 86.98205011816553 170
1739808712148 86.64926160064658 171
1739808712166 86.31784167084989 172
1739808712173 85.98778452054748 173
1739808712189 85.65908436658458 174
1739808712205 85.33173545077022 175
1739808712219 85.00573203976867 176
1739808712227 84.6810684249911 177
1739808712243 84.35773892248781 178
1739808712259 84.03573787284098 179
1739808712270 83.71505964105779 180
1739808712275 83.39569861646403 181
1739808712297 83.07764921259829 182
1739808712311 82.76090586710636 183
1739808712325 82.44546304163651 184
1739808712331 82.13131522173467 185
1739808712350 81.81845691674066 186
1739808712359 81.50688265968427 187
1739808712374 81.19658700718242 188
1739808712390 80.88756453933625 189
1739808712403 80.579809859629 190
1739808712416 80.27331759482406 191
1739808712430 79.96808239486377 192
1739808712443 79.66409893276835 193
1739808712448 79.36136190453558 194
1739808712469 79.05986602904069 195
1739808712483 78.75960604793666 196
1739808712498 78.4605767255553 197
1739808712512 78.16277284880829 198
1739808712524 77.86618922708901 199
1739808712537 77.57082069217464 200
1739808712540 77.27666209812874 201
1739808712563 76.98370832120419 202
1739808712572 76.6919542597467 203
1739808712588 76.40139483409848 204
1739808712603 76.11202498650269 205
1739808712603 75.823839681008 206
1739808712628 75.53683390337365 207
1739808712640 75.2510026609751 208
1739808712647 74.9663409827098 209
1739808712666 74.68284391890361 210
1739808712682 74.40050654121748 211
1739808712698 74.11932394255467 212
1739808712708 73.83929123696826 213
1739808712725 73.56040355956911 214
1739808712728 73.28265606643421 215
1739808712750 73.00604393451555 216
1739808712764 72.73056236154905 217
1739808712777 72.4562065659644 218
1739808712781 72.18297178679475 219
1739808712798 71.91085328358737 220
1739808712815 71.63984633631401 221
1739808712830 71.36994624528232 222
1739808712845 71.10114833104728 223
1739808712857 70.8334479343231 224
1739808712870 70.56684041589553 225
1739808712874 70.30132115653447 226
1739808712891 70.0368855569071 227
1739808712907 69.7735290374913 228
1739808712923 69.51124703848949 229
1739808712935 69.25003501974273 230
1739808712944 68.98988846064539 231
1739808712961 68.73080286006004 232
1739808712967 68.4727737362328 233
1739808712987 68.21579662670896 234
1739808712991 67.95986708824908 235
1739808713014 67.70498069674545 236
1739808713027 67.45113304713874 237
1739808713039 67.19831975333528 238
1739808713047 66.94653644812453 239
1739808713064 66.69577878309694 240
1739808713080 66.44604242856215 241
1739808713095 66.19732307346767 242
1739808713109 65.94961642531774 243
1739808713123 65.70291821009266 244
1739808713128 65.45722417216842 245
1739808713145 65.21253007423675 246
1739808713161 64.96883169722541 247
1739808713174 64.72612484021893 248
1739808713181 64.4844053203797 249
1739808713193 64.24366897286923 250
1739808713209 64.00391165077002 251
1739808713227 63.76512922500757 252
1739808713240 63.52731758427283 253
1739808713255 63.29047263494492 254
1739808713265 63.054590301014244 255
1739808713284 62.819666524005946 256
1739808713300 62.58569726290364 257
1739808713313 62.352678494073565 258
1739808713328 62.12060621118889 259
1739808713339 61.889476425154655 260
1739808713354 61.659285164032696 261
1739808713362 61.430028472967166 262
1739808713375 61.20170241411027 263
1739808713393 60.97430306654828 264
1739808713406 60.747826526227975 265
1739808713406 60.52226890588334 266
1739808713432 60.297626334962565 267
1739808713446 60.073894959555474 268
1739808713454 59.85107094232113 269
1739808713470 59.62915046241582 270
1739808713485 59.40812971542144 271
1739808713499 59.188004913274 272
1739808713513 58.96877228419261 273
1739808713526 58.750428072608706 274
1739808713542 58.53296853909559 275
1739808713556 58.31638996029832 276
1739808713568 58.100688628863786 277
1739808713582 57.8858608533713 278
1739808713592 57.67190295826321 279
1739808713608 57.45881128377616 280
1739808713615 57.24658218587228 281
1739808713634 57.03521203617099 282
1739808713640 56.824697221880875 283
1739808713656 56.61503414573208 284
1739808713672 56.40621922590872 285
1739808713686 56.19824889598187 286
1739808713701 55.99111960484263 287
1739808713717 55.78482781663565 288
1739808713731 55.57937001069279 289
1739808713744 55.374742681467204 290
1739808713758 55.17094233846759 291
1739808713769 54.967965506192876 292
1739808713785 54.765808724067014 293
1739808713796 54.564468546374265 294
1739808713812 54.3639415421945 295
1739808713825 54.16422429533912 296
1739808713832 53.965313404286896 297
1739808713850 53.767205482120396 298
1739808713857 53.569897156462474 299
1739808713873 53.37338506941321 300
1739808713891 53.17766587748693 301
1739808713894 52.98273625154971 302
1739808713910 52.788592876756994 303
1739808713925 52.59523245249154 304
1739808713943 52.4026516923017 305
1739808713956 52.210847323839836 306
1739808713972 52.019816088801086 307
1739808713985 51.82955474286248 308
1739808713993 51.640060055622094 309
1739808714017 51.45132881053872 310
1739808714030 51.263357804871646 311
1739808714045 51.07614384962073 312
1739808714058 50.88968376946674 313
1739808714058 50.70397440271202 314
1739808714076 50.51901260122125 315
1739808714098 50.3347952303627 316
1739808714112 50.151319168949506 317
1739808714125 49.968581309181346 318
1739808714131 49.78657855658634 319
1739808714150 49.6053078299632 320
1739808714156 49.42476606132361 321
1739808714179 49.24495019583487 322
1739808714184 49.06585719176282 323
1739808714204 48.88748402041499 324
1739808714219 48.709827666083974 325
1739808714234 48.53288512599112 326
1739808714247 48.356653410230344 327
1739808714263 48.18112954171239 328
1739808714277 48.006310556109064 329
1739808714286 47.83219350179798 330
1739808714297 47.65877543980736 331
1739808714317 47.48605344376114 332
1739808714331 47.314024599824386 333
1739808714342 47.14268600664876 334
1739808714357 46.97203477531847 335
1739808714371 46.80206802929624 336
1739808714373 46.63278290436961 337
1739808714398 46.464176548597536 338
1739808714406 46.29624612225708 339
1739808714426 46.128988797790434 340
1739808714430 45.962401759752126 341
1739808714450 45.79648220475652 342
1739808714460 45.63122734142545 343
1739808714476 45.46663439033617 344
1739808714483 45.30270058396951 345
1739808714502 45.13942316665819 346
1739808714508 44.97679939453543 347
1739808714528 44.81482653548385 348
1739808714543 44.653501869084394 349
1739808714556 44.492822686565624 350
1739808714561 44.3327862907533 351
1739808714579 44.17338999601995 352
1739808714593 44.014631128234875 353
1739808714607 43.856507024714304 354
1739808714623 43.69901503417172 355
1739808714635 43.54215251666842 356
1739808714646 43.38591684356439 357
1739808714662 43.2303053974692 358
1739808714668 43.07531557219336 359
1739808714687 42.92094477269964 360
1739808714693 42.76719041505479 361
1739808714713 42.61404992638137 362
1739808714728 42.461520744809796 363
1739808714738 42.30960031943071 364
1739808714746 42.158286110247325 365
1739808714764 42.00757558812827 366
1739808714781 41.857466234760366 367
1739808714794 41.70795554260182 368
1739808714807 41.55904101483549 369
1739808714818 41.410720165322395 370
1739808714826 41.26299051855548 371
1739808714844 41.11584960961348 372
1739808714860 40.96929498411508 373
1739808714871 40.82332419817322 374
1739808714877 40.67793481834961 375
1739808714897 40.53312442160944 376
1739808714912 40.388890595276365 377
1739808714926 40.24523093698752 378
1739808714932 40.10214305464887 379
1739808714945 39.95962456639076 380
1739808714960 39.81767310052353 381
1739808714976 39.67628629549347 382
1739808714992 39.53546179983889 383
1739808715005 39.39519727214636 384
1739808715012 39.255490381007235 385
1739808715032 39.11633880497428 386
1739808715046 38.97774023251849 387
1739808715058 38.83969236198617 388
1739808715065 38.702192901556145 389
1739808715083 38.56523956919714 390
1739808715092 38.42883009262541 391
1739808715108 38.29296220926251 392
1739808715115 38.15763366619322 393
1739808715133 38.022842220123756 394
1739808715140 37.88858563734004 395
1739808715160 37.754861693666264 396
1739808715165 37.62166817442355 397
1739808715178 37.48900287438879 398
1739808715194 37.356863597753765 399
1739808715209 37.22524815808434 400
1739808715216 37.09415437827992 401
1739808715230 36.96358009053289 402
1739808715243 36.833523136288576 403
1739808715262 36.70398136620502 404
1739808715275 36.574952640113196 405
1739808715287 36.44643482697724 406
1739808715301 36.31842580485491 407
1739808715315 36.19092346085825 408
1739808715329 36.06392569111437 409
1739808715343 35.93743040072642 410
1739808715354 35.81143550373475 411
1739808715368 35.6859389230782 412
1739808715384 35.560938590555594 413
1739808715398 35.436432446787414 414
1739808715411 35.31241844117756 415
1739808715426 35.18889453187541 416
1739808715438 35.065858685737886 417
1739808715451 34.94330887829185 418
1739808715467 34.82124309369653 419
1739808715480 34.699659324706175 420
1739808715493 34.57855557263288 421
1739808715500 34.457929847309515 422
1739808715519 34.33778016705289 423
1739808715533 34.21810455862706 424
1739808715546 34.0989010572067 425
1739808715560 33.98016770634083 426
1739808715570 33.86190255791646 427
1739808715585 33.74410367212259 428
1739808715603 33.6267691174143 429
1739808715618 33.509896970476944 430
1739808715630 33.39348531619059 431
1739808715645 33.27753224759456 432
1739808715658 33.16203586585209 433
1739808715673 33.046994280215266 434
1739808715688 32.932405607990006 435
1739808715698 32.81826797450119 436
1739808715714 32.70457951305802 437
1739808715727 32.591338364919494 438
1739808715733 32.478542679259995 439
1739808715753 32.36619061313506 440
1739808715765 32.25428033144735 441
1739808715780 32.14281000691262 442
1739808715794 32.03177782002607 443
1739808715794 31.92118195902858 444
1739808715818 31.811020619873265 445
1739808715834 31.701292006192162 446
1739808715847 31.591994329262985 447
1739808715860 31.483125807976105 448
1739808715867 31.374684668801606 449
1739808715886 31.26666914575653 450
1739808715900 31.159077480372268 451
1739808715914 31.05190792166205 452
1739808715927 30.945158726088646 453
1739808715940 30.838828157532106 454
1739808715951 30.732914487257766 455
1739808715968 30.627415993884252 456
1739808715982 30.522330963351788 457
1739808715996 30.417657688890493 458
1739808716008 30.313394470988882 459
1739808716018 30.209539617362516 460
1739808716033 30.10609144292276 461
1739808716048 30.00304826974569 462
1739808716063 29.90040842704116 463
1739808716077 29.79817025112192 464
1739808716084 29.696332085373 465
1739808716099 29.594892280221078 466
1739808716116 29.493849193104126 467
1739808716132 29.393201188441083 468
1739808716146 29.292946637601663 469
1739808716159 29.193083918876432 470
1739808716165 29.09361141744679 471
1739808716184 28.994527525355295 472
1739808716199 28.895830641476 473
1739808716214 28.797519171484907 474
1739808716230 28.699591527830663 475
1739808716243 28.602046129705233 476
1739808716249 28.50488140301484 477
1739808716266 28.408095780350926 478
1739808716280 28.311687700961308 479
1739808716298 28.215655610721413 480
1739808716310 28.119997962105682 481
1739808716323 28.024713214159057 482
1739808716335 27.92979983246862 483
1739808716351 27.835256289135337 484
1739808716365 27.741081062745952 485
1739808716380 27.647272638344983 486
1739808716392 27.55382950740681 487
1739808716399 27.460750167807966 488
1739808716419 27.368033123799485 489
1739808716434 27.275676885979344 490
1739808716448 27.183679971265136 491
1739808716462 27.09204090286674 492
1739808716475 27.000758210259182 493
1739808716490 26.909830429155605 494
1739808716509 26.81925610148033 495
1739808716526 26.729033775342046 496
1739808716542 26.639162005007144 497
1739808716559 26.549639350873125 498
1739808716569 26.460464379442154 499
