1739809319967 171.176683546914 0
1739809319973 168.36720583072045 1
1739809319989 160.08924795473558 2
1739809320003 159.98452958907637 3
1739809320016 149.65074532075207 4
1739809320034 148.95006974847587 5
1739809320048 143.40241277605958 6
1739809320064 137.31803537653798 7
1739809320080 134.1582164070116 8
1739809320103 131.79813620566551 9
1739809320119 126.50323459120263 10
1739809320127 126.54678352815483 11
1739809320142 121.57709255753974 12
1739809320158 111.69929895191798 13
1739809320174 116.28059522298696 14
1739809320195 109.7956663752896 15
1739809320206 109.34217418820678 16
1739809320222 106.6992196706153 17
1739809320238 96.32592708628005 18
1739809320254 99.16728305410682 19
1739809320259 94.63606871202077 20
1739809320286 89.55995765562233 21
1739809320301 87.29279382662735 22
1739809320317 87.28651963318909 23
1739809320323 81.0530215597363 24
1739809320338 82.36147153500904 25
1739809320354 81.73690179706352 26
1739809320365 79.09901232690572 27
1739809320381 75.2175206427479 28
1739809320397 73.84925313489393 29
1739809320413 69.36438867899344 30
1739809320429 71.10933429254314 31
1739809320445 68.93450569192176 32
1739809320461 63.616527224093886 33
1739809320477 63.18611037909235 34
1739809320492 62.0658594029835 35
1739809320509 61.344398321816705 36
1739809320529 58.59760462944532 37
1739809320543 57.2106650579876 38
1739809320556 56.04531305553564 39
1739809320572 53.926607505953726 40
1739809320588 53.23286833330809 41
1739809320593 50.252218073567846 42
1739809320608 50.45358766999852 43
1739809320623 50.042133408770844 44
1739809320636 46.706181729045355 45
1739809320651 45.1635736202891 46
1739809320667 44.77716567152185 47
1739809320688 44.114651193711346 48
1739809320699 41.983714484185455 49
1739809320715 39.97884440546515 50
1739809320731 41.09633353819789 51
1739809320747 38.802336228529505 52
1739809320763 38.07873304227709 53
1739809320779 37.000485183105226 54
1739809320795 35.31491186588967 55
1739809320811 34.554410009654305 56
1739809320829 33.471673394591015 57
1739809320843 32.246146141540144 58
1739809320858 32.52332740760978 59
1739809320874 31.70784956522742 60
1739809320889 30.25654284228249 61
1739809320892 30.197671921059626 62
1739809320910 29.571846295370346 63
1739809320925 27.84404173384212 64
1739809320940 27.379744014573475 65
1739809320955 28.015024119007734 66
1739809320969 26.81915130129724 67
1739809320985 25.17632510496839 68
1739809321001 25.926019224138603 69
1739809321017 23.681410469280628 70
1739809321033 23.29287834902211 71
1739809321049 23.53189059288546 72
1739809321065 21.924235069668956 73
1739809321081 22.214545174261858 74
1739809321097 21.783956392663608 75
1739809321113 21.148965002895558 76
1739809321129 20.716906921600113 77
1739809321145 20.26389719505517 78
1739809321161 20.22648044051905 79
1739809321177 19.66226698838186 80
1739809321193 18.82430596856629 81
1739809321209 17.681942077529307 82
1739809321225 16.932756955993987 83
1739809321242 17.562774612910697 84
1739809321257 17.281055729389543 85
1739809321262 16.99557901068786 86
1739809321277 16.773611164833422 87
1739809321293 16.045272568858337 88
1739809321308 15.079389632151152 89
1739809321323 14.863499544959822 90
1739809321337 15.252215508218233 91
1739809321353 13.40170665751525 92
1739809321369 14.077035910979802 93
1739809321385 15.10586290837375 94
1739809321401 14.003024122306249 95
1739809321417 13.21514218784964 96
1739809321433 12.324443084589765 97
1739809321449 12.744118270747354 98
1739809321465 11.52572023882296 99
1739809321481 12.675247242423843 100
1739809321497 12.18582409249621 101
1739809321497 11.65810427871832 102
1739809321517 11.321964002010766 103
1739809321528 10.978288756529492 104
1739809321547 10.921608340930655 105
1739809321562 10.543966494680706 106
1739809321576 10.668647779838514 107
1739809321592 10.441187943569094 108
1739809321608 10.312838834952197 109
1739809321623 9.568910627155706 110
1739809321645 9.51799765287072 111
1739809321660 10.186277885615047 112
1739809321671 8.466979498412332 113
1739809321686 8.5811802701794 114
1739809321702 8.582245307693299 115
1739809321719 8.699599651062229 116
1739809321734 8.936007125769832 117
1739809321750 8.443869791589156 118
1739809321766 7.987710328814129 119
1739809321781 7.799712243468557 120
1739809321790 8.262189147857955 121
1739809321801 8.129784331971091 122
1739809321816 7.50979422781219 123
1739809321832 7.781880657511259 124
1739809321846 7.575285656147886 125
1739809321861 7.378897957014724 126
1739809321877 6.771916719178923 127
1739809321893 6.79101690437798 128
1739809321915 6.792029525525737 129
1739809321925 6.180870093753255 130
1739809321941 6.102510395592977 131
1739809321957 6.929898259952235 132
1739809321973 6.2784387914971695 133
1739809321980 6.792849101077078 134
1739809321993 6.096947054088207 135
1739809322009 6.198818019684325 136
1739809322023 6.1408376295933405 137
1739809322037 6.141907881094571 138
1739809322068 5.777949122686679 139
1739809322084 5.548778792866815 140
1739809322090 5.4885527336841164 141
1739809322105 5.560189036689288 142
1739809322120 5.303656336577822 143
1739809322135 5.76633214497438 144
1739809322147 4.976201460726384 145
1739809322166 4.950303348818449 146
1739809322179 5.06198167235499 147
1739809322198 5.203070204696857 148
1739809322213 5.728916242976054 149
1739809322235 4.99164483715534 150
1739809322243 4.4186195931558645 151
1739809322259 5.081078924470941 152
1739809322275 4.509327507242657 153
1739809322291 4.4688662308421225 154
1739809322312 4.537509613148793 155
1739809322322 4.04392174596392 156
1739809322339 4.389290312518328 157
1739809322354 4.043032999628777 158
1739809322370 4.581468236546436 159
1739809322386 3.896704576228461 160
1739809322402 4.489965531092878 161
1739809322407 4.59725070488563 162
1739809322421 3.933157164530382 163
1739809322434 3.945954789852789 164
1739809322454 4.146062808583763 165
1739809322466 3.8112739617770712 166
1739809322484 4.297287125573196 167
1739809322498 4.131801875846339 168
1739809322514 3.6909131520397427 169
1739809322529 3.3763815438989675 170
1739809322545 3.4360726932718233 171
1739809322561 3.465676258134201 172
1739809322577 3.8230450598640315 173
1739809322593 3.270342921072195 174
1739809322609 3.3378089864579787 175
1739809322628 3.1620965537734094 176
1739809322641 3.82673165387324 177
1739809322657 3.478281756430424 178
1739809322673 3.371647825161792 179
1739809322689 3.5279753066092208 180
1739809322705 3.578245185268827 181
1739809322711 3.0509530700988075 182
1739809322735 3.5814760630953093 183
1739809322739 3.170601588721608 184
1739809322755 3.2286100934454742 185
1739809322769 3.2294912310797628 186
1739809322785 3.061495205800141 187
1739809322805 3.120321362797139 188
1739809322817 2.8550714436715343 189
1739809322833 2.991048113363653 190
1739809322848 3.2721929152816656 191
1739809322870 2.9259126455594324 192
1739809322880 2.8611706002441606 193
1739809322895 2.7070502513048633 194
1739809322911 2.90255155037532 195
1739809322927 2.878927063673706 196
1739809322943 2.8747756255015005 197
1739809322959 2.8848731294492724 198
1739809322975 2.9925257478755585 199
1739809322991 2.890159394756808 200
1739809323008 2.4444505374396326 201
1739809323023 2.6392630213538966 202
1739809323039 2.6380853402364624 203
1739809323055 2.896224455675977 204
1739809323061 2.5814994396795283 205
1739809323076 2.772400412933057 206
1739809323090 2.7896667222524947 207
1739809323106 2.789885546681042 208
1739809323121 2.617560854330414 209
1739809323136 2.592391376565375 210
1739809323150 2.417818819246416 211
1739809323168 2.4353543407138205 212
1739809323182 2.237908925483643 213
1739809323204 2.7264538225863655 214
1739809323213 2.471363889347411 215
1739809323229 2.1819159695980943 216
1739809323245 2.5388380061080245 217
1739809323261 2.5248669159396355 218
1739809323277 2.4628766774955606 219
1739809323295 2.159675294084757 220
1739809323309 2.2658928386492723 221
1739809323325 2.2580217422894284 222
1739809323340 2.2324640178665804 223
1739809323356 2.491208850237754 224
1739809323362 2.2066323518632776 225
1739809323377 2.010472081633971 226
1739809323388 2.404503915701604 227
1739809323404 2.029623285429381 228
1739809323436 2.365967117129329 229
1739809323452 2.081539654075497 230
1739809323468 2.271276003553326 231
1739809323483 2.066446475018628 232
1739809323499 1.9075586505152125 233
1739809323515 2.1481677406253197 234
1739809323531 2.0168985422488412 235
1739809323531 2.166977689359285 236
1739809323563 2.0976517508166688 237
1739809323563 1.7656019529245626 238
1739809323578 2.1004117555346378 239
1739809323594 2.229975331659791 240
1739809323626 1.9493394610174852 241
1739809323626 1.8753924866196385 242
1739809323642 2.052963963381516 243
1739809323658 2.0838981030333543 244
1739809323674 2.3063747812490227 245
1739809323689 2.0252450671475684 246
1739809323705 1.982332923029567 247
1739809323721 1.9574919819083154 248
1739809323737 1.9667981923612616 249
1739809323753 1.86639908107882 250
1739809323769 2.0668454580123647 251
1739809323785 1.8823075466274646 252
1739809323801 1.7354345943690777 253
1739809323826 2.014303546144092 254
1739809323842 2.0087122607312358 255
1739809323856 1.933281739846495 256
1739809323863 2.008202224118695 257
1739809323879 1.8627665964500237 258
1739809323897 1.9584774343853313 259
1739809323911 1.9536593299473217 260
1739809323927 2.026513649897717 261
1739809323942 1.9342018593941173 262
1739809323961 2.013201183517354 263
1739809323977 1.940263251622672 264
1739809323990 1.8194519256237356 265
1739809324005 2.0090049042007334 266
1739809324021 2.0544448468320415 267
1739809324037 1.8910942760344258 268
1739809324053 1.7910113334174 269
1739809324069 2.0369642455470753 270
1739809324085 1.7716235688002455 271
1739809324101 1.8978158789544308 272
1739809324117 1.964749017526236 273
1739809324117 1.963367694175408 274
1739809324133 1.7106409533007807 275
1739809324148 1.6689838243110835 276
1739809324164 1.9132979666741037 277
1739809324180 1.853219904034365 278
1739809324196 1.8390296022281165 279
1739809324212 1.998260916436777 280
1739809324234 1.628241623279682 281
1739809324244 1.7063085156559377 282
1739809324260 1.5519250778752112 283
1739809324276 1.801008701900157 284
1739809324292 1.8698475879919563 285
1739809324308 2.001071077423036 286
1739809324323 1.8978963793991965 287
1739809324340 1.6913302739239866 288
1739809324355 1.8064462408180972 289
1739809324372 1.902778477363266 290
1739809324387 1.7440430554309436 291
1739809324403 1.6787720549418397 292
1739809324419 1.7402717244927732 293
1739809324435 2.0160629371629217 294
1739809324451 1.799927933754786 295
1739809324467 1.8563167826732805 296
1739809324483 1.7454157028796207 297
1739809324483 1.774780524750181 298
1739809324499 1.7598360319300144 299
1739809324515 1.565974114989773 300
1739809324531 1.7252213998189956 301
1739809324547 1.5514507055948623 302
1739809324562 2.0371226058340115 303
1739809324579 1.6067162247133882 304
1739809324595 1.976154047054437 305
1739809324611 1.4096905670316118 306
1739809324626 1.6601858907655143 307
1739809324642 1.591027112309782 308
1739809324658 1.6153827126025107 309
1739809324679 1.671126515649379 310
1739809324690 1.8142899612557941 311
1739809324706 1.6207043010458475 312
1739809324721 1.6028532830380364 313
1739809324737 1.7590325794858543 314
1739809324757 1.7887434274896439 315
1739809324769 1.5885874136702705 316
1739809324785 1.6421376575588362 317
1739809324801 1.6784367608287936 318
1739809324816 1.5792236825732666 319
1739809324833 1.6497835128929694 320
1739809324849 1.6331835400879313 321
1739809324865 1.7918883156171685 322
1739809324881 1.9843070513939811 323
1739809324897 1.6850110001578238 324
1739809324913 1.4466346630420974 325
1739809324913 1.682014442117768 326
1739809324944 1.5859241684272647 327
1739809324950 1.6514183430094516 328
1739809324965 1.474712623414111 329
1739809324981 1.6081782668604452 330
1739809324992 1.4257203562552498 331
1739809325011 1.608753560085708 332
1739809325026 1.5585539458477158 333
1739809325039 1.706805609789372 334
1739809325055 1.6417958086784301 335
1739809325071 1.5602030711105639 336
1739809325086 1.5626850046376668 337
1739809325102 1.6225537860049342 338
1739809325118 1.7251724519572327 339
1739809325134 1.632119238336084 340
1739809325155 1.5262822814132249 341
1739809325165 1.5860985394505092 342
1739809325186 1.643049209389156 343
1739809325200 1.5429393082068519 344
1739809325223 1.6231081935977232 345
1739809325229 2.078541865417107 346
1739809325258 1.674437988322984 347
1739809325276 1.7042961917109367 348
1739809325291 1.3721563339444132 349
1739809325307 1.77245309768324 350
1739809325327 1.5435417059649883 351
1739809325339 1.693056189544454 352
1739809325355 1.1434354818664638 353
1739809325379 1.6341003087119654 354
1739809325396 1.6298106206351286 355
1739809325412 1.5412116045701139 356
1739809325422 1.6389062551810967 357
1739809325434 1.534893432158832 358
1739809325461 1.7779850862074944 359
1739809325465 1.7648285872808875 360
1739809325490 1.7327663685262957 361
1739809325515 1.570462557379345 362
1739809325533 1.6584907261124622 363
1739809325548 1.3701976809879162 364
1739809325561 1.9155148141345402 365
1739809325582 1.3342546746326704 366
