1739809887848 1.6783074920001013 0
1739809887912 2.1296526081965923 1
1739809887991 1.8090075621872288 2
1739809888055 2.4144944881687493 3
1739809888119 2.0658342043318627 4
1739809888182 0.03399146069463471 5
1739809888246 1.290496534556847 6
1739809888325 1.023135778757861 7
1739809888390 1.6818648708697734 8
1739809888454 0.049492790904946515 9
1739809888518 2.328947580552521 10
1739809888597 1.5994195835429683 11
1739809888661 1.3836228524872363 12
1739809888731 1.3768116710510774 13
1739809888789 0.3554705857070262 14
1739809888869 0.5027575874903178 15
1739809888932 3.2648595291147866 16
1739809888997 1.1920596647074018 17
1739809889087 2.396939021808624 18
1739809889157 2.1304326360391723 19
1739809889236 1.357549575237357 20
1739809889299 0.6329813432661678 21
1739809889379 2.613066728852749 22
1739809889443 0.8258977549401045 23
1739809889507 3.7359858424933523 24
1739809889585 1.5218885684454677 25
1739809889649 0.940588243337055 26
1739809889713 0.9535017524058481 27
1739809889776 0.8568110969505679 28
1739809889855 1.0699214785903903 29
1739809889919 0.7023234064926748 30
1739809889983 1.6463623964608427 31
1739809890047 1.873205891076594 32
1739809890111 3.14146950416827 33
1739809890190 1.48474575439216 34
1739809890254 0.28801945231853865 35
1739809890318 1.047149933309761 36
1739809890382 1.0529880689761877 37
1739809890462 0.5415592200032124 38
1739809890526 1.1370234437914997 39
1739809890591 0.146725244457191 40
1739809890671 0.21640725175675765 41
1739809890734 1.5605216679273866 42
1739809890797 0.5827043062888213 43
1739809890861 1.9069340429445505 44
1739809890941 1.0958154943478517 45
1739809891004 1.438055851506592 46
1739809891068 3.2069969599201196 47
1739809891132 3.401333394851016 48
1739809891211 1.308246496574619 49
1739809891289 0.9002904375330681 50
1739809891354 0.9278256762669872 51
1739809891432 1.5545697977376676 52
1739809891496 1.4622453759268372 53
1739809891559 0.9004005287317323 54
1739809891623 0.9573757162645408 55
1739809891702 1.6635688759170382 56
1739809891766 1.402615033721091 57
1739809891829 1.0110219834682432 58
1739809891909 1.4248698285493369 59
1739809891972 1.6027581674167637 60
1739809892036 0.6376298772342509 61
1739809892115 1.4364926231770407 62
1739809892184 1.7853737975521105 63
1739809892242 0.9225213265037203 64
1739809892305 0.9131103353624708 65
1739809892385 1.870710651096676 66
1739809892450 1.701780004119795 67
1739809892512 2.2251578358706423 68
1739809892575 0.9394319749348594 69
1739809892655 0.9207431925033227 70
1739809892718 2.588047896314998 71
1739809892782 3.687747830014253 72
1739809892845 0.9762519878322415 73
1739809892925 1.217260261878471 74
1739809892988 1.2382467455933135 75
1739809893052 0.6219684246930637 76
1739809893116 3.058334657894245 77
1739809893197 1.2185172786283975 78
1739809893259 1.6210645542606752 79
1739809893322 1.382269028515493 80
1739809893386 0.4970362795076045 81
1739809893474 1.6695934093903773 82
1739809893545 1.8247777315736293 83
1739809893612 2.02141723301368 84
1739809893687 0.6650117493576824 85
1739809893751 1.2210605775458694 86
1739809893815 1.4636075653601712 87
1739809893877 0.5746581407043231 88
1739809893957 0.9118915019563302 89
1739809894021 0.013320670131535282 90
1739809894084 3.8481928080382155 91
1739809894149 3.029836522863631 92
1739809894212 2.614978203911154 93
1739809894276 1.14127836184415 94
1739809894356 1.6555395181293875 95
1739809894419 0.8442987298366023 96
1739809894483 1.3048475824074073 97
1739809894546 1.8456958261901018 98
1739809894627 0.5617405544063861 99
1739809894690 2.7026996547049995 100
1739809894754 0.8824322286384374 101
1739809894818 2.700529079637587 102
1739809894897 2.260074209527387 103
1739809894960 0.8213112685095152 104
1739809895023 2.005715767681022 105
1739809895102 1.5646829944750582 106
1739809895166 0.9521733846880931 107
1739809895230 1.5179285228249013 108
1739809895293 0.7032891274724572 109
1739809895372 3.1699584741855653 110
1739809895435 1.1604728305931584 111
1739809895499 0.8588145774383628 112
1739809895563 0.6159720336827947 113
1739809895647 1.4334379469841645 114
1739809895720 0.8688247890251513 115
1739809895784 0.44769953102005816 116
1739809895848 0.9630280686079933 117
1739809895928 0.12771190724442658 118
1739809895991 0.6811447151065327 119
1739809896055 1.1752830359196922 120
1739809896118 0.04308683553040974 121
1739809896201 1.0030819210058033 122
1739809896262 0.7264093102122379 123
1739809896326 0.20520686826045248 124
1739809896405 2.483747518418797 125
1739809896468 5.881818722295535 126
1739809896532 1.5773514261857193 127
1739809896596 1.855741671426037 128
1739809896659 0.8217045677623585 129
1739809896738 1.684331552407078 130
1739809896802 2.0742087965615674 131
1739809896866 1.3022982000911252 132
1739809896929 1.7706930202927338 133
1739809897009 1.56211792253936 134
1739809897073 1.9716272509333506 135
1739809897136 2.4395075314545225 136
1739809897200 1.6625313783581608 137
1739809897264 0.8493467903594409 138
1739809897343 1.0509264795344528 139
1739809897407 2.6901714710371016 140
1739809897471 1.474297996847907 141
1739809897534 0.9798707902114804 142
1739809897614 1.4344232335854583 143
1739809897677 0.37790444556218356 144
1739809897740 1.5637056496333468 145
1739809897804 0.6575345770681176 146
1739809897883 2.055825740112654 147
1739809897962 2.098974116814867 148
1739809898026 0.05080370184647306 149
1739809898089 2.070450122851602 150
1739809898168 1.5602296299516814 151
1739809898232 0.6014234559984999 152
1739809898295 1.970331010176943 153
1739809898359 1.4788478590503302 154
1739809898423 0.7189009982844676 155
1739809898502 1.0817802069104563 156
1739809898566 3.1128323056801 157
1739809898630 1.220382782559415 158
1739809898694 0.3684710296064535 159
1739809898774 2.2238664243787385 160
1739809898839 1.3649942648417797 161
1739809898901 1.8063176903839837 162
1739809898966 1.9004985398913115 163
1739809899030 0.8225404031354535 164
1739809899109 0.6232460985670881 165
1739809899172 1.8706873732928384 166
1739809899236 0.9407252696998591 167
1739809899299 0.5911531200632166 168
1739809899379 4.36259529523643 169
1739809899443 0.6320650503350195 170
1739809899506 1.524243396549121 171
1739809899570 0.4513390228366383 172
1739809899649 0.23423048198465587 173
1739809899713 1.2188979485387983 174
1739809899777 1.6020647702363064 175
1739809899840 1.3220169801507229 176
1739809899920 1.5584813497766974 177
1739809899985 0.10793786862543897 178
1739809900062 0.7368093540758193 179
1739809900141 0.7400583218748352 180
1739809900205 0.9239137244657416 181
1739809900268 2.4454519726075503 182
1739809900348 0.9749063590704118 183
1739809900411 1.924622708277663 184
1739809900474 1.7324014193996538 185
1739809900538 3.151832565726231 186
1739809900618 0.042225780282165976 187
1739809900685 0.9666288858888884 188
1739809900744 3.0703766364328144 189
1739809900808 0.7598827867828833 190
1739809900887 1.8865496674900233 191
1739809900951 0.8920864496372537 192
1739809901014 1.5723496311662362 193
1739809901078 1.4008693269749277 194
1739809901141 0.7395759365324497 195
1739809901221 1.2638398315754837 196
1739809901285 0.49836246494942776 197
1739809901348 1.8522879264860999 198
1739809901412 1.9541069060950509 199
1739809901491 3.8643472882209142 200
1739809901555 1.4649434229815057 201
1739809901619 1.6241763809574183 202
1739809901682 1.7176507801517065 203
1739809901746 1.3616608060795246 204
1739809901826 1.2054888045591654 205
1739809901889 2.288010257628429 206
1739809901953 2.651029127878478 207
1739809902017 1.8820187885420934 208
1739809902080 1.4826112129359628 209
1739809902160 1.0330884341051378 210
1739809902223 1.9195854669517733 211
1739809902301 0.5914189483350943 212
1739809902365 0.847458017094262 213
1739809902446 2.042451137362708 214
1739809902515 2.0261640870165873 215
1739809902573 2.2697371052192277 216
1739809902636 0.5348910280930768 217
1739809902716 1.0788376165976534 218
1739809902779 0.7400199202723075 219
1739809902842 2.6694113394396854 220
1739809902906 0.9501623391469077 221
1739809902986 1.6067103901634876 222
1739809903049 1.4891840229254243 223
1739809903113 2.2287205912129657 224
1739809903177 1.2832683800112592 225
1739809903256 2.306003928646479 226
1739809903319 1.389295421709898 227
1739809903383 1.3285004680948078 228
1739809903446 0.8912497604572682 229
1739809903526 2.3467782002146844 230
1739809903590 1.2487265675471984 231
1739809903653 1.9083603862117207 232
1739809903717 2.169543441293771 233
1739809903781 1.187548185654508 234
1739809903861 2.3719498727065673 235
1739809903925 2.528044658729488 236
1739809903988 1.7054901646523486 237
1739809904051 1.6722204318296865 238
1739809904130 1.6836908329133542 239
1739809904193 0.6302909501609417 240
1739809904257 16.83271869159486 241
1739809904321 1.1445515907567452 242
1739809904400 1.5023976844051734 243
1739809904478 1.4017910531629765 244
1739809904543 1.1311769600167945 245
1739809904621 0.8056984389259944 246
1739809904685 1.406173296499722 247
1739809904749 2.262518158088933 248
1739809904812 0.36168848717010316 249
1739809904891 1.2357078264450778 250
1739809904955 3.8735758754503125 251
1739809905018 2.3569638534662576 252
1739809905082 2.217254584643913 253
1739809905146 0.6924489087219131 254
1739809905225 1.8913319259582735 255
1739809905290 0.6164172327871947 256
1739809905354 3.1147957632923693 257
1739809905432 2.192303106354367 258
1739809905495 0.7076047077599931 259
1739809905559 0.681894224609654 260
1739809905623 0.3623496686338352 261
1739809905703 1.1899362535390265 262
1739809905766 1.5505437548053795 263
1739809905830 0.39081784420312343 264
1739809905894 2.690459868486893 265
1739809905973 1.100107155633712 266
1739809906036 0.6794412072495004 267
1739809906100 1.8037109983625363 268
1739809906164 0.5136137197298033 269
1739809906243 2.4315886528079504 270
1739809906307 1.2731228049178516 271
1739809906370 0.6042510321845538 272
1739809906434 0.49337501224120606 273
1739809906513 3.2787994582452793 274
1739809906577 0.5740456120931655 275
1739809906655 2.504915772438761 276
1739809906720 0.2840997232564711 277
1739809906800 1.3400807527272625 278
1739809906863 1.4071109891191607 279
1739809906926 0.9087569504738575 280
1739809906989 2.0373672232300115 281
1739809907069 1.7472281808661128 282
1739809907132 1.2698179019182478 283
1739809907195 1.2446433815210518 284
1739809907259 1.257731569932185 285
1739809907338 1.8546535684695988 286
1739809907402 0.6624588778671225 287
1739809907466 1.7518822479013307 288
1739809907535 0.4250253488080539 289
1739809907594 1.4316819969512378 290
1739809907674 1.4070215451892736 291
1739809907737 1.01359713130453 292
1739809907801 0.608869460537819 293
1739809907865 1.4219442776654028 294
1739809907944 0.3825672946494487 295
1739809908007 0.8298948084997195 296
1739809908070 1.6677040274230068 297
1739809908134 0.8600268666170792 298
1739809908217 1.8135182669810161 299
1739809908278 1.14830690383861 300
1739809908342 1.855670918681651 301
1739809908405 3.1838269611526444 302
1739809908485 2.0411783077961005 303
1739809908549 1.2270375287259312 304
1739809908614 0.9910069321742141 305
1739809908678 0.8145325276927986 306
1739809908758 0.8830630422820227 307
1739809908830 1.7471324649255402 308
1739809908901 1.8042324468370834 309
1739809908966 1.9031321592148784 310
1739809909046 1.86894132897733 311
1739809909110 0.4960317910697891 312
1739809909172 0.47454055812894747 313
1739809909235 1.0064495245886815 314
1739809909315 2.9582206006242715 315
1739809909381 0.5688012382940181 316
1739809909443 3.0314115284883063 317
1739809909506 1.2120772621484512 318
1739809909586 1.4618879462527112 319
1739809909651 1.980919554850801 320
1739809909713 1.418278515782369 321
1739809909776 1.5541754916098964 322
1739809909856 0.7168410049836645 323
1739809909920 2.1800533993872273 324
1739809909983 1.2127542001446152 325
1739809910047 1.1777179274747172 326
1739809910127 1.211947586577331 327
1739809910190 1.5882603896424714 328
1739809910254 2.044132878977689 329
1739809910333 0.33312044978016186 330
1739809910397 0.9711147493633828 331
1739809910461 0.10576268580396525 332
1739809910524 1.289219208363282 333
1739809910588 2.127947253218124 334
1739809910669 1.3038220277860364 335
1739809910731 0.6705252289824574 336
1739809910794 0.6979490490333051 337
1739809910858 2.245787222490976 338
1739809910940 1.9819835033944375 339
1739809911012 1.0439823873960394 340
1739809911081 1.7654024564860429 341
1739809911160 0.13618225157997313 342
1739809911224 1.8871884664933254 343
1739809911288 2.3040971146574787 344
1739809911353 1.687840292021993 345
1739809911432 1.2493424143703629 346
1739809911498 0.696021519634233 347
1739809911559 3.31761486227797 348
1739809911639 1.1738727872252355 349
1739809911702 4.447861434870339 350
1739809911766 0.3888874995441398 351
1739809911830 1.1582283417375296 352
1739809911909 1.2862412636227205 353
1739809911973 2.065677303903378 354
1739809912037 3.6425354450590963 355
1739809912101 1.6569336321957224 356
1739809912165 1.6715571468262644 357
1739809912244 1.2236694211008534 358
1739809912308 1.3138365822552778 359
1739809912371 0.6830642185626086 360
1739809912450 0.7659461553599478 361
1739809912516 2.1536083769108316 362
1739809912578 4.707385424019494 363
1739809912641 1.3927826366741092 364
1739809912720 1.1201176238293769 365
1739809912784 1.4678471328290026 366
1739809912848 0.7070104001826764 367
1739809912911 1.5409192841662784 368
1739809912991 1.3356512082136467 369
1739809913054 6.187358925040123 370
1739809913120 1.2851397586812299 371
1739809913195 0.9729156179381461 372
1739809913262 1.3206670665940972 373
1739809913341 3.0867646049599333 374
1739809913405 2.7540914133728958 375
1739809913468 1.6177964423040467 376
1739809913548 2.9408384565998427 377
1739809913611 1.2882501211208248 378
1739809913675 0.3201920667986805 379
1739809913754 0.43438595899055027 380
1739809913818 2.063584081828105 381
1739809913882 1.555013534494787 382
1739809913946 1.9491727893628235 383
1739809914025 1.2409638368494298 384
1739809914089 0.48197636892964557 385
1739809914152 1.0251317751554145 386
1739809914216 1.8993090946306208 387
1739809914295 2.3394501277921935 388
1739809914361 1.6400563711953948 389
1739809914422 2.6128331733569357 390
1739809914501 0.8785025786922198 391
1739809914565 1.665106679252764 392
1739809914629 1.6748987864396596 393
1739809914693 2.9612392480035643 394
1739809914756 0.7773726558574037 395
1739809914835 1.9485475814440776 396
1739809914899 1.5875082389093158 397
1739809914969 2.2674878555020714 398
1739809915041 2.4975517342925615 399
1739809915121 1.03041524611201 400
1739809915185 2.9183277456806493 401
1739809915249 0.9728068787604713 402
1739809915312 1.7411066919428064 403
1739809915399 1.8673115497254325 404
1739809915471 0.17751673631729395 405
1739809915534 2.3458260887017617 406
1739809915614 3.6292364039212774 407
1739809915677 1.497327597181797 408
1739809915741 1.545199475750538 409
1739809915804 1.0278910253111784 410
1739809915884 1.590564628414676 411
1739809915947 0.014590550669508586 412
1739809916011 3.2746528395650882 413
1739809916074 2.2938038816117094 414
1739809916154 1.6580857922586447 415
1739809916218 1.8821023488289923 416
1739809916286 2.701639119150084 417
1739809916345 1.0638925980027623 418
1739809916425 2.167609882152035 419
1739809916488 2.2908979896691695 420
1739809916552 0.8682731867091237 421
1739809916631 1.2311037962083593 422
1739809916694 0.46885768273019984 423
1739809916757 2.3895574227258467 424
1739809916821 0.8633419012243991 425
1739809916900 0.8759541336385627 426
1739809916966 1.782832560095341 427
1739809917028 1.6750846787861002 428
1739809917108 2.5314621058181235 429
1739809917171 0.5451202790214621 430
1739809917235 1.0388929116052834 431
1739809917298 1.3232356241655903 432
1739809917377 1.886378351186973 433
1739809917440 0.7385058120883274 434
1739809917504 0.5715326761819571 435
1739809917585 2.1681657172716196 436
1739809917646 1.194455526570377 437
1739809917726 2.711551379374767 438
1739809917789 1.8496112471602884 439
1739809917868 1.1686057070430471 440
1739809917932 1.2541296365794226 441
1739809917996 2.68376640865614 442
1739809918060 0.6657182869628138 443
1739809918142 1.6794305457764744 444
1739809918204 1.3975182415344454 445
1739809918267 0.7585100913267996 446
1739809918346 0.903297701802356 447
1739809918426 2.7150232726332635 448
1739809918505 1.148618455565042 449
1739809918570 1.0770044252931168 450
1739809918634 1.5866779446398183 451
1739809918714 1.7412194982807445 452
1739809918777 0.9405667015656162 453
1739809918840 2.07929774617452 454
1739809918904 1.1784189674946866 455
1739809918984 0.7273823778159143 456
1739809919047 0.7374538555419559 457
1739809919117 1.8856241129197737 458
1739809919174 1.8415666743188692 459
1739809919253 0.8339454369197841 460
1739809919317 1.8027937043152449 461
1739809919398 1.5598864375081776 462
1739809919462 1.0257455739673438 463
1739809919525 2.171557486007969 464
1739809919588 0.8459312230082879 465
1739809919668 1.2556228468838664 466
1739809919732 0.2732050169709487 467
1739809919811 1.942823630641267 468
1739809919875 3.6323060366519546 469
1739809919956 0.40506178799592846 470
1739809920019 1.3717773057519973 471
1739809920082 3.283367610795773 472
1739809920148 2.8873355035227886 473
1739809920226 2.306406609499821 474
1739809920290 0.9617168969959374 475
1739809920353 3.221743604609088 476
1739809920432 3.3939500110373992 477
1739809920496 0.6917606776403473 478
1739809920559 1.6178174340162903 479
1739809920623 1.223479456841547 480
1739809920702 0.6509129381313866 481
1739809920766 1.569120807863537 482
1739809920829 2.8151028857431233 483
1739809920892 0.02024024001123427 484
1739809920972 0.5025807147604197 485
1739809921035 3.3899257731052383 486
1739809921099 3.479786166515434 487
1739809921165 4.34724603586951 488
1739809921242 1.270071513623864 489
1739809921305 0.9804459069237983 490
1739809921368 4.791961047425469 491
1739809921432 3.445761009192388 492
1739809921510 1.398795276034744 493
1739809921574 0.6598618905605412 494
1739809921637 1.1269685491501722 495
1739809921701 2.1073535267121493 496
1739809921781 1.3149364572129023 497
1739809921850 1.9044292213068459 498
1739809921907 1.049299399471214 499
