1739809767302 52.043694047819116 0
1739809767386 13.59129400052399 1
1739809767468 4.446645484091258 2
1739809767566 4.108627413457085 3
1739809767651 2.8079575563475556 4
1739809767734 3.6498542066112307 5
1739809767817 3.4384961144987147 6
1739809767901 2.3247587732164012 7
1739809767984 1.1901432989917462 8
1739809768067 1.9767170216578167 9
1739809768152 2.6609264667932684 10
1739809768234 1.4306379802013636 11
1739809768321 2.013228133694802 12
1739809768429 1.3857278599038303 13
1739809768540 2.1765821652988935 14
1739809768634 2.1950280877333843 15
1739809768734 1.6948787836900217 16
1739809768851 2.6912713527441827 17
1739809768955 1.582077623367944 18
1739809769080 1.088143301366293 19
1739809769189 1.2034303103886288 20
1739809769284 2.55477592642963 21
1739809769388 4.977826601672377 22
1739809769472 1.8169907915334942 23
1739809769548 1.5535047775482518 24
1739809769612 3.326655701865306 25
1739809769691 1.302823855568731 26
1739809769770 2.5536303292045757 27
1739809769846 4.427016798497811 28
1739809769913 2.6509581364122865 29
1739809769993 1.826824302094122 30
1739809770057 1.3183252984641882 31
1739809770136 2.056799589561696 32
1739809770215 0.7992781588273092 33
1739809770295 1.2535087364112394 34
1739809770359 0.6918552627598119 35
1739809770438 1.0940279338382848 36
1739809770518 4.026878679241347 37
1739809770596 1.8544908903009139 38
1739809770678 2.1230998696484673 39
1739809770756 1.9481046937251385 40
1739809770835 2.0070593324573958 41
1739809770915 1.5182545603824955 42
1739809770979 0.4074273504046158 43
1739809771060 2.629671306885719 44
1739809771137 0.725429143069472 45
1739809771217 0.6084709659232805 46
1739809771281 1.2870721053289367 47
1739809771362 1.4636959411795658 48
1739809771439 0.9433051462256297 49
1739809771518 0.6917710074031588 50
1739809771581 1.0896216796051945 51
1739809771660 1.8087109338015679 52
1739809771740 0.6677826569197486 53
1739809771804 2.1390498573429992 54
1739809771883 2.3658736766254562 55
1739809771962 1.202602196896339 56
1739809772026 1.3549693158425653 57
1739809772124 0.9021385933225899 58
1739809772202 0.46701227085013486 59
1739809772281 2.7285966151272087 60
1739809772361 1.2468740588545455 61
1739809772425 1.0390048406749637 62
1739809772504 0.1594052356068601 63
1739809772583 1.2257902119112531 64
1739809772646 0.13393894175498147 65
1739809772726 2.17556062042774 66
1739809772820 1.6439323117777158 67
1739809772883 2.839423427583271 68
1739809772963 2.0573566093432363 69
1739809773044 0.4106170968545067 70
1739809773123 1.370343284522582 71
1739809773186 2.370300015169747 72
1739809773265 2.0939140531535974 73
1739809773345 2.0892253799413076 74
1739809773409 0.0022317932202811585 75
1739809773489 0.8288944903660331 76
1739809773568 0.5673056493216758 77
1739809773648 1.3863115098477459 78
1739809773711 0.4608690223656221 79
1739809773791 1.161917306697426 80
1739809773870 0.8050566305111297 81
1739809773933 0.9293066585651789 82
1739809774012 1.658553580578346 83
1739809774092 0.9063674941838401 84
1739809774156 0.6234045219270855 85
1739809774236 2.0201762927566973 86
1739809774315 1.729843168525855 87
1739809774394 0.6006887351005125 88
1739809774458 2.280453718384436 89
1739809774536 1.0666720915612533 90
1739809774618 2.490781280653427 91
1739809774681 2.17484996793422 92
1739809774759 0.610077121905715 93
1739809774844 1.695473716638625 94
1739809774944 1.3339856227393143 95
1739809775027 1.1465987763403456 96
1739809775109 1.5071053217456192 97
1739809775186 0.7349859213749035 98
1739809775250 1.0118810536912126 99
1739809775330 1.3407383915897828 100
1739809775409 0.6923022048182355 101
1739809775472 0.819892520355614 102
1739809775551 1.0911002256075286 103
1739809775631 1.0347867653256326 104
1739809775695 1.6390837140830086 105
1739809775774 0.5055139776036442 106
1739809775854 3.556791447516342 107
1739809775918 2.1823404398913118 108
1739809775998 2.7217370597554273 109
1739809776077 1.3105079050914032 110
1739809776157 2.329334954207437 111
1739809776236 0.9085176875789125 112
1739809776299 0.2726619928434696 113
1739809776379 1.2433181363646215 114
1739809776458 3.9560677752978686 115
1739809776521 1.4732495311874843 116
1739809776601 1.5634187022616879 117
1739809776682 0.6548606492267077 118
1739809776744 2.1872885590461864 119
1739809776824 1.528123824228657 120
1739809776903 0.7876742195939945 121
1739809776966 1.3257938524670527 122
1739809777054 2.6410566546178997 123
1739809777125 3.643239996549084 124
1739809777203 2.398732644449765 125
1739809777283 1.660506988732936 126
1739809777363 1.078337030468262 127
1739809777443 0.6714573437938542 128
1739809777522 0.7439562807801918 129
1739809777586 1.3701788432152193 130
1739809777665 1.4986684297429473 131
1739809777745 0.3153030405384299 132
1739809777809 1.574391403693849 133
1739809777889 0.9882257791153666 134
1739809777968 0.9532726189810323 135
1739809778032 1.9672500341909067 136
1739809778112 0.2778361537590206 137
1739809778191 1.1732451831181774 138
1739809778254 0.534570599022072 139
1739809778334 2.8701852929586886 140
1739809778413 0.3322399490201168 141
1739809778493 1.3226308058735357 142
1739809778556 0.012874561095022413 143
1739809778636 0.037579715238808736 144
1739809778716 1.4564565041794604 145
1739809778779 2.1174733967916577 146
1739809778859 1.1615612981922994 147
1739809778938 0.025513269920912244 148
1739809779001 1.9812821154294187 149
1739809779081 2.0165173055334087 150
1739809779160 1.0612990767602202 151
1739809779224 1.2964145120518693 152
1739809779303 0.7574832870012691 153
1739809779391 0.680977529528406 154
1739809779476 0.3831429357386485 155
1739809779540 0.5443670877569327 156
1739809779619 0.956712787542166 157
1739809779698 2.5878658006864064 158
1739809779777 1.2161649841112188 159
1739809779841 0.8809346555349994 160
1739809779920 0.9135568947697685 161
1739809780000 1.382601638173146 162
1739809780070 1.5555965067185151 163
1739809780143 0.5265249696218903 164
1739809780222 1.5584505666899406 165
1739809780286 1.2363628454874516 166
1739809780366 1.1257559902347822 167
1739809780446 1.732083868226986 168
1739809780510 2.05201829080463 169
1739809780588 0.854052641813917 170
1739809780667 3.34323783368468 171
1739809780731 0.6368632163725769 172
1739809780811 1.0070219381436223 173
1739809780890 1.084168392686162 174
1739809780953 2.652874115626673 175
1739809781033 1.768256597458387 176
1739809781112 1.7498144260626092 177
1739809781181 2.1586753178452565 178
1739809781255 1.948120872501821 179
1739809781334 1.2284048663498788 180
1739809781398 2.603021543286396 181
1739809781477 1.208049746283991 182
1739809781568 0.6319308218894079 183
1739809781636 0.0815165991735765 184
1739809781715 2.707002361033937 185
1739809781795 2.7042845805819886 186
1739809781874 2.6281376190540944 187
1739809781938 1.1624853034468883 188
1739809782017 1.7239739469879654 189
1739809782096 1.6573587024790553 190
1739809782159 0.006610647080528124 191
1739809782239 2.5207267782501193 192
1739809782319 1.8356063555837905 193
1739809782385 2.7071026274606487 194
1739809782462 1.2645460079454967 195
1739809782542 0.5434254718581358 196
1739809782622 1.1723806660039842 197
1739809782685 1.6059907983246287 198
1739809782765 0.5249491528820993 199
1739809782844 2.2382030320998108 200
1739809782907 1.0792622231318572 201
1739809782986 1.3458396839908624 202
1739809783066 1.13670849555047 203
1739809783139 2.9186445907075167 204
1739809783212 3.2547074440677157 205
1739809783289 1.0301984057624851 206
1739809783368 1.4306792593744655 207
1739809783432 1.7389207895376382 208
1739809783512 1.3925248549323672 209
1739809783592 0.22468974391308016 210
