1739810300291 169.34901212942756 0
1739810300307 162.65594969454128 1
1739810300324 162.17965874088475 2
1739810300339 161.54679104982074 3
1739810300339 160.91923554373554 4
1739810300356 160.29408094497492 5
1739810300373 159.67136973954413 6
1739810300390 159.05109142597613 7
1739810300406 158.43323649330299 8
1739810300423 157.81779545077498 9
1739810300423 157.20475884516216 10
1739810300442 156.594117260294 11
1739810300456 155.98586131692025 12
1739810300473 155.37998167256532 13
1739810300490 154.77646902138457 14
1739810300506 154.17531409402014 15
1739810300506 153.5765076574582 16
1739810300523 152.98004051488599 17
1739810300544 152.38590350555015 18
1739810300556 151.7940875046149 19
1739810300575 151.2045834230215 20
1739810300590 150.61738220734745 21
1739810300605 150.03247483966706 22
1739810300610 149.449852337412 23
1739810300624 148.86950575323266 24
1739810300640 148.29142617485982 25
1739810300656 147.7156047249673 26
1739810300675 147.14203256103465 27
1739810300688 146.5707008752106 28
1739810300693 146.00160089417713 29
1739810300707 145.43472387901394 30
1739810300723 144.87006112506367 31
1739810300740 144.3076039617971 32
1739810300756 143.74734375267963 33
1739810300772 143.18927189503776 34
1739810300786 142.63337981992626 35
1739810300796 142.07965899199576 36
1739810300807 141.5281009093611 37
1739810300826 140.9786971034699 38
1739810300840 140.43143913897197 39
1739810300856 139.88631861358886 40
1739810300874 139.34332715798422 41
1739810300888 138.80245643563455 42
1739810300893 138.2636981427004 43
1739810300907 137.72704400789826 44
1739810300923 137.1924857923728 45
1739810300940 136.66001528956954 46
1739810300956 136.1296243251083 47
1739810300972 135.60130475665684 48
1739810300987 135.07504847380525 49
1739810300990 134.5508473979406 50
1739810301006 134.0286934821222 51
1739810301023 133.50857871095755 52
1739810301040 132.99049510047817 53
1739810301055 132.47443469801686 54
1739810301060 131.96038958208436 55
1739810301081 131.4483518622474 56
1739810301089 130.93831367900668 57
1739810301106 130.43026720367573 58
1739810301123 129.92420463825965 59
1739810301123 129.4201182153351 60
1739810301140 128.91800019793016 61
1739810301157 128.4178428794049 62
1739810301177 127.91963858333237 63
1739810301192 127.42337966338013 64
1739810301205 126.9290585031921 65
1739810301218 126.43666751627109 66
1739810301231 125.94619914586147 67
1739810301248 125.45764586483277 68
1739810301265 124.97100017556316 69
1739810301281 124.48625460982385 70
1739810301297 124.0034017286638 71
1739810301311 123.5224341222948 72
1739810301327 123.04334440997704 73
1739810301340 122.56576332608684 74
1739810301357 122.09074512168912 75
1739810301371 121.61723501757938 76
1739810301377 121.14558406862595 77
1739810301390 120.67577430520713 78
1739810301406 120.20779875888806 79
1739810301423 119.74165024423272 80
1739810301440 119.27732160892234 81
1739810301457 118.81480572858095 82
1739810301474 118.35409550676329 83
1739810301490 117.89518387484314 84
1739810301506 117.4380637919044 85
1739810301522 116.9827282446323 86
1739810301528 116.52917024720523 87
1739810301550 116.07738284118673 88
1739810301560 115.62735909541824 89
1739810301575 115.17874313128998 90
1739810301590 114.73255172261855 91
1739810301614 114.28776788606274 92
1739810301631 113.84473041453958 93
1739810301650 113.40342212372103 94
1739810301667 112.9638364767794 95
1739810301673 112.52596672580847 96
1739810301691 112.08980615415035 97
1739810301707 111.65534807138391 98
1739810301723 111.22258581331613 99
1739810301740 110.7915127418775 100
1739810301756 110.3621222450195 101
1739810301773 109.93440773661267 102
1739810301791 109.50836265634474 103
1739810301807 109.08364241197043 104
1739810301823 108.66123214746334 105
1739810301826 108.24014676387942 106
1739810301840 107.8207146965278 107
1739810301856 107.40291941655673 108
1739810301873 106.98675474298314 109
1739810301890 106.57221428881004 110
1739810301907 106.15929169674384 111
1739810301924 105.74798063432016 112
1739810301929 105.33827479389869 113
1739810301943 104.93016789256393 114
1739810301957 104.52365367202808 115
1739810301973 104.11839694726419 116
1739810301990 103.71535647072976 117
1739810302006 103.31357373332422 118
1739810302011 102.91336852266022 119
1739810302024 102.51472484971163 120
1739810302045 102.11763682316958 121
1739810302057 101.72209834997163 122
1739810302076 101.32810336549731 123
1739810302090 100.93564582880963 124
1739810302105 100.54471972265186 125
1739810302107 100.15499757081649 126
1739810302124 99.7674164745331 127
1739810302140 99.38103972391279 128
1739810302160 98.99618000958827 129
1739810302173 98.61282177802796 130
1739810302190 98.23095936899982 131
1739810302207 97.8505869240181 132
1739810302222 97.47169861203065 133
1739810302225 97.09428862475423 134
1739810302240 96.71803630339633 135
1739810302257 96.34385958544246 136
1739810302273 95.9708410467402 137
1739810302290 95.59928709398612 138
1739810302296 95.22918255459578 139
1739810302306 94.86052196860958 140
1739810302326 94.49329968092258 141
1739810302340 94.1275100629876 142
1739810302357 93.76314750823354 143
1739810302374 93.3998979912123 144
1739810302389 93.03866079562883 145
1739810302390 92.67853726856043 146
1739810302407 92.31982769626346 147
1739810302423 91.96251727625513 148
1739810302440 91.60660074182935 149
1739810302457 91.2520726341947 150
1739810302472 90.8989275202709 151
1739810302473 90.54715998818854 152
1739810302490 90.19646246579595 153
1739810302506 89.84771608221038 154
1739810302523 89.50004045227924 155
1739810302540 89.1537299019444 156
1739810302545 88.80876998829956 157
1739810302557 88.46515563111842 158
1739810302574 88.1228815611015 159
1739810302590 87.7816452756033 160
1739810302607 87.4423136204947 161
1739810302624 87.10402056574323 162
1739810302628 86.76705574954312 163
1739810302640 86.43140500336575 164
1739810302657 86.09706338747276 165
1739810302673 85.7640257753843 166
1739810302690 85.4322870648954 167
1739810302707 85.10155030640601 168
1739810302722 84.77266670507491 169
1739810302724 84.44478595964179 170
1739810302740 84.11819256987995 171
1739810302757 83.79287267228408 172
1739810302774 83.46882148298312 173
1739810302790 83.14603403398043 174
1739810302805 82.82421822081287 175
1739810302807 82.50421158877252 176
1739810302826 82.18517756370981 177
1739810302840 81.86739615783699 178
1739810302857 81.55085376923451 179
1739810302873 81.23554574640539 180
1739810302889 80.92146725599794 181
1739810302890 80.60833093625399 182
1739810302907 80.29696095727579 183
1739810302924 79.98653418539547 184
1739810302940 79.67732623673771 185
1739810302958 79.36932376520778 186
1739810302972 79.06252224805809 187
1739810302980 78.75663841527584 188
1739810302990 78.4524848731082 189
1739810303007 78.14925009770438 190
1739810303023 77.84720590553816 191
1739810303041 77.54633916645626 192
1739810303057 77.24664546524424 193
1739810303073 76.94812020898932 194
1739810303078 76.65048468799061 195
1739810303093 76.3545386522407 196
1739810303108 76.0594834960762 197
1739810303125 75.76558680674393 198
1739810303141 75.47283569955303 199
1739810303157 75.18122588156702 200
1739810303173 74.89048257767227 201
1739810303175 74.60139441205447 202
1739810303192 74.31317394814938 203
1739810303208 74.02608511443323 204
1739810303225 73.74011523346255 205
1739810303241 73.45526011442793 206
1739810303257 73.17124884942994 207
1739810303257 72.88885913569094 208
1739810303277 72.60731450572324 209
1739810303292 72.32687529323783 210
1739810303309 72.04752902414474 211
1739810303327 71.76927160735885 212
1739810303342 71.49183593189467 213
1739810303358 71.21598896411435 214
1739810303373 70.9409650084563 215
1739810303379 70.66702086698513 216
1739810303403 70.39414426514645 217
1739810303418 70.12207151868803 218
1739810303439 69.85156041911468 219
1739810303440 69.58185446542637 220
1739810303457 69.31320744368462 221
1739810303475 69.04560724409227 222
1739810303490 68.7790499523214 223
1739810303507 68.51327536753715 224
1739810303524 68.24903090923763 225
1739810303540 67.9855704915014 226
1739810303545 67.72314448307581 227
1739810303557 67.46174096688094 228
1739810303574 67.20110306024868 229
1739810303590 66.94196929994635 230
1739810303607 66.68360250121594 231
1739810303624 66.42625011086653 232
1739810303639 66.16990037099465 233
1739810303640 65.91454953647775 234
1739810303657 65.65994408829023 235
1739810303674 65.40681253701284 236
1739810303691 65.15442776553127 237
1739810303707 64.90303391478177 238
1739810303723 64.65261941300044 239
1739810303724 64.40293395363882 240
1739810303740 64.15469744912382 241
1739810303757 63.90719139779311 242
1739810303774 63.66065711032888 243
1739810303790 63.415083168759786 244
1739810303805 63.170222253065404 245
1739810303811 62.92678580930279 246
1739810303826 62.68406382259523 247
1739810303846 62.442294814675996 248
1739810303860 62.20146751897729 249
1739810303875 61.96133755679355 250
1739810303892 61.722608034417924 251
1739810303907 61.484577296704124 252
1739810303924 61.247481117262105 253
1739810303945 61.01130837857707 254
1739810303957 60.775817598595395 255
1739810303981 60.541703668954064 256
1739810303992 60.30827316870536 257
1739810304007 60.0757591636882 258
1739810304023 59.84415068312808 259
1739810304039 59.61320909750439 260
1739810304058 59.38362120742369 261
1739810304070 59.15470170211136 262
1739810304086 58.9266809795192 263
1739810304091 58.69931530919625 264
1739810304113 58.4732848246973 265
1739810304123 58.24791105162801 266
1739810304142 58.02342213735746 267
1739810304159 57.799807371142236 268
1739810304170 57.576833302809455 269
1739810304186 57.35517202666925 270
1739810304206 57.13415295978041 271
1739810304208 56.91400165306526 272
1739810304226 56.69470753623164 273
1739810304242 56.47603989001288 274
1739810304257 56.258663058817 275
1739810304279 56.04191422782272 276
1739810304294 55.826016390164824 277
1739810304307 55.610733841828235 278
1739810304324 55.39672452552709 279
1739810304344 55.183332192225976 280
1739810304362 54.970777671634 281
1739810304376 54.75905064242051 282
1739810304391 54.547925349455824 283
1739810304411 54.33805203473283 284
1739810304423 54.12878200587274 285
1739810304440 53.92033360394846 286
1739810304455 53.712476162111024 287
1739810304471 53.50585368739525 288
1739810304477 53.29982388326241 289
1739810304491 53.09460298215239 290
1739810304506 52.89018090483389 291
1739810304522 52.68633672521156 292
1739810304541 52.48370696230701 293
1739810304557 52.28165666597067 294
1739810304573 52.08039964778247 295
1739810304589 51.87971014144487 296
1739810304604 51.680218594208846 297
1739810304604 51.48129628547433 298
1739810304620 51.28315497183866 299
1739810304641 51.085571108872585 300
1739810304657 50.88916898527712 301
1739810304676 50.69332603930384 302
1739810304691 50.49825199638122 303
1739810304691 50.303725507387604 304
1739810304710 50.11036477566751 305
1739810304723 49.91755332506234 306
1739810304738 49.72549887348707 307
1739810304754 49.53419178275018 308
1739810304770 49.34342006059411 309
1739810304786 49.153794814925924 310
1739810304802 48.964706528126015 311
1739810304804 48.77636062240744 312
1739810304829 48.58854039733335 313
1739810304842 48.40185119023391 314
1739810304858 48.215689406302985 315
1739810304873 48.0302585118443 316
1739810304878 47.84534391811384 317
1739810304895 47.66154510748117 318
1739810304910 47.47826434010046 319
1739810304922 47.2957031492575 320
1739810304938 47.11364903241304 321
1739810304953 46.932695687280564 322
1739810304974 46.75225115863776 323
1739810304985 46.572515069491295 324
1739810305001 46.39327697826501 325
1739810305001 46.215124867653074 326
1739810305020 46.037472497395626 327
1739810305033 45.86051760274675 328
1739810305049 45.68405177809719 329
1739810305065 45.50865736009656 330
1739810305081 45.333753754455934 331
1739810305097 45.15953683099323 332
1739810305103 44.985800195312926 333
1739810305112 44.8131206063386 334
1739810305139 44.64092304742441 335
1739810305153 44.46940154506 336
1739810305159 44.29835169155145 337
1739810305175 44.128344735764145 338
1739810305191 43.958811171025275 339
1739810305207 43.78994320239745 340
1739810305223 43.62153838461474 341
1739810305239 43.45416252350742 342
1739810305255 43.28725155535762 343
1739810305271 43.12080386544536 344
1739810305271 42.95537429791392 345
1739810305294 42.79040352265996 346
1739810305305 42.62608042535201 347
1739810305327 42.46220613254103 348
1739810305343 42.29933652141101 349
1739810305343 42.13691744174517 350
1739810305362 41.9751360207825 351
1739810305374 41.81379528095774 352
1739810305399 41.653445840186556 353
1739810305408 41.49353880756036 354
1739810305423 41.334259570085926 355
1739810305439 41.17541302274655 356
1739810305457 41.017544588827974 357
1739810305471 40.860110572119424 358
1739810305477 40.70310955852676 359
1739810305487 40.547076387680555 360
1739810305505 40.39147190813425 361
1739810305519 40.23647832785594 362
1739810305535 40.08190395845141 363
1739810305551 39.9282847235959 364
1739810305565 39.77508641185919 365
1739810305588 39.62248955182027 366
1739810305604 39.470304263473125 367
1739810305623 39.31906145318115 368
1739810305641 39.16823192707681 369
1739810305658 39.01781441067926 370
1739810305674 38.868329496523 371
1739810305690 38.71925240075481 372
1739810305706 38.57076057315413 373
1739810305706 38.42266743964842 374
1739810305728 38.275494713241834 375
1739810305744 38.12872237895153 376
1739810305760 37.98252626361609 377
1739810305776 37.83672153914722 378
1739810305794 37.69182507394662 379
1739810305809 37.54732169810816 380
1739810305815 37.40321026795936 381
1739810305826 37.25999760089391 382
1739810305842 37.11717280580186 383
1739810305862 36.974908728400045 384
1739810305874 36.83302373878237 385
1739810305896 36.692025810275176 386
1739810305910 36.551408653998244 387
1739810305925 36.41117120958872 388
1739810305939 36.27181156453409 389
1739810305953 36.132827626308675 390
1739810305967 35.994389323657224 391
1739810305982 35.856318157124726 392
1739810305996 35.71911339246196 393
1739810306012 35.582277434665144 394
1739810306029 35.445809303293615 395
1739810306042 35.310198540686464 396
1739810306062 35.17495166713366 397
1739810306078 35.040235754782266 398
1739810306091 34.90587536809858 399
1739810306107 34.77236124963854 400
1739810306124 34.639204314267424 401
1739810306139 34.506403658159606 402
1739810306155 34.37444046018713 403
1739810306155 34.242829670807765 404
1739810306175 34.11157042250476 405
1739810306188 33.98114004337339 406
1739810306205 33.85105735553374 407
1739810306219 33.721485349791585 408
1739810306235 33.592252965814026 409
1739810306256 33.463838762981226 410
1739810306267 33.33576581241281 411
1739810306283 33.208033321185965 412
1739810306299 33.081110510903414 413
1739810306310 32.954524375581755 414
1739810306326 32.82827415670036 415
1739810306343 32.70282533392586 416
1739810306358 32.577708663578974 417
1739810306364 32.45308317474614 418
1739810306378 32.32878205070487 419
1739810306394 32.20527203277909 420
1739810306408 32.08208798419311 421
1739810306424 31.95922921647936 422
1739810306440 31.837153353752683 423
1739810306458 31.715399072125408 424
1739810306464 31.593965715690143 425
1739810306474 31.47330727288633 426
1739810306494 31.35296607538621 427
1739810306508 31.233097307392327 428
1739810306524 31.11353826737731 429
1739810306545 30.994744235078265 430
1739810306560 30.87626151037922 431
1739810306574 30.758089503036917 432
1739810306579 30.64067459092521 433
1739810306593 30.52356677943462 434
1739810306608 30.406765509102588 435
1739810306625 30.290713625864214 436
1739810306642 30.174964686481914 437
1739810306642 30.059518164210722 438
1739810306660 29.944813404457093 439
1739810306677 29.830407483786708 440
1739810306689 29.71629990762413 441
1739810306705 29.60292655208172 442
1739810306725 29.48984798218564 443
1739810306740 29.377213322516255 444
1739810306747 29.264866351788154 445
1739810306759 29.15324428391003 446
1739810306776 29.0419114349989 447
1739810306791 28.93086736934546 448
1739810306810 28.820540736209384 449
1739810306825 28.710499389117015 450
1739810306831 28.600742920384263 451
1739810306842 28.49169660981401 452
1739810306866 28.382931699198675 453
1739810306876 28.27444781076863 454
1739810306892 28.16666688511411 455
1739810306909 28.059163521906083 456
1739810306924 27.951937372769844 457
1739810306940 27.845407069157726 458
1739810306956 27.739150538449632 459
1739810306962 27.633167461151526 460
1739810306976 27.527873189437518 461
1739810306992 27.422848948444212 462
1739810307012 27.31809444704917 463
1739810307026 27.214021787794334 464
1739810307031 27.1102154638367 465
1739810307042 27.006675211921443 466
1739810307058 26.90380991439223 467
1739810307082 26.801207302904572 468
1739810307097 26.699007464258138 469
1739810307109 26.597063828318117 470
1739810307126 26.495786684849467 471
1739810307143 26.394627966102274 472
1739810307159 26.294135410887264 473
1739810307159 26.193898271275668 474
1739810307176 26.094054617583318 475
1739810307190 25.99446014741775 476
1739810307206 25.89551881122109 477
1739810307227 25.796691018405667 478
1739810307238 25.698516070028994 479
1739810307254 25.600589554824992 480
1739810307259 25.503047451842793 481
1739810307270 25.405747687463297 482
1739810307286 25.309087987768017 483
1739810307302 25.212537085445728 484
1739810307325 25.116625996478554 485
1739810307339 25.020956531499714 486
1739810307354 24.925662615539 487
1739810307361 24.83060436305808 488
1739810307374 24.736173389139495 489
1739810307390 24.64184659807973 490
1739810307406 24.54814687127835 491
1739810307422 24.454682128158908 492
1739810307438 24.361584276453783 493
1739810307454 24.26871557860517 494
1739810307460 24.17646165043404 495
1739810307472 24.084307418364496 496
1739810307493 23.99276777754966 497
1739810307502 23.901456644727094 498
1739810307518 23.81050394653493 499
