1739809206451 166.24298982584804 0
1739809206467 170.6308556713919 1
1739809206480 166.15188961188096 2
1739809206499 165.1967397814439 3
1739809206512 168.87328113936923 4
1739809206529 165.10969980367167 5
1739809206546 167.10327787026972 6
1739809206562 161.83219813850087 7
1739809206575 159.26194837814322 8
1739809206578 170.21666571604285 9
1739809206604 163.8761941782443 10
1739809206616 162.1221535602853 11
1739809206626 158.85548341983647 12
1739809206647 161.47132077641228 13
1739809206657 155.96568489927787 14
1739809206677 164.49797511953037 15
1739809206694 160.6546044378901 16
1739809206708 158.06298310878137 17
1739809206720 157.16721223381197 18
1739809206737 160.7154015661747 19
1739809206756 162.4671065402274 20
1739809206768 159.68671913151746 21
1739809206784 153.9453693084657 22
1739809206800 159.22960417462932 23
1739809206836 155.28941591739274 24
1739809206851 152.3503793477917 25
1739809206864 158.48909632622184 26
1739809206880 160.34257178033263 27
1739809206895 157.54121970165025 28
1739809206911 151.7669955451226 29
1739809206927 153.41495810314478 30
1739809206943 153.22043756636594 31
1739809206959 154.4388386328191 32
1739809206975 153.8088078900713 33
1739809206990 155.08537974389347 34
1739809207006 154.3097078638418 35
1739809207011 149.30284635150588 36
1739809207033 149.15021852885292 37
1739809207041 151.3664430477082 38
1739809207063 147.12688375052184 39
1739809207072 149.1398239276076 40
1739809207093 149.80027714520986 41
1739809207102 153.18429396308449 42
1739809207123 147.32026413626363 43
1739809207134 143.10483912418408 44
1739809207153 148.96587542878098 45
1739809207165 148.00283046913978 46
1739809207184 144.66931160994585 47
1739809207197 146.24624293194313 48
1739809207213 147.38418177944646 49
1739809207229 149.57633621012076 50
1739809207244 147.84148376904753 51
1739809207260 146.64122752490482 52
1739809207276 142.0235485176169 53
1739809207292 142.65120015623788 54
1739809207308 144.70443129925619 55
1739809207314 141.1313609135052 56
1739809207335 147.81871076375435 57
1739809207343 138.44110815923742 58
1739809207365 141.8103598274967 59
1739809207381 139.01599868562013 60
1739809207387 136.3025625932897 61
1739809207412 141.24802205376506 62
1739809207418 137.13146667821093 63
1739809207443 137.05683727628923 64
1739809207450 134.80432702301195 65
1739809207472 138.3460892392893 66
1739809207482 140.51794265076623 67
1739809207502 133.50776046443502 68
1739809207513 136.6420010191827 69
1739809207531 137.20275472575457 70
1739809207547 135.5494760524923 71
1739809207573 136.82954699499263 72
1739809207594 139.5418231833164 73
1739809207612 136.67415929897868 74
1739809207623 132.57607543565402 75
1739809207639 134.13743988703953 76
1739809207655 135.10243481012313 77
1739809207671 130.01089741792643 78
1739809207687 135.14482520952296 79
1739809207703 134.54135313543003 80
1739809207719 129.39894158454644 81
1739809207737 132.45110889097626 82
1739809207751 133.9410687045358 83
1739809207768 130.74580983447095 84
1739809207782 130.30584131619784 85
1739809207799 128.14979255497087 86
1739809207814 130.12047520557434 87
1739809207829 131.06957195818555 88
1739809207845 131.2791400459193 89
1739809207861 127.45649263441506 90
1739809207866 127.62609523196974 91
1739809207890 126.63602542162371 92
1739809207901 129.13013499469193 93
1739809207910 125.22085021514273 94
1739809207924 129.03963580257619 95
1739809207944 124.05732403118436 96
1739809207956 123.08003803083581 97
1739809207971 124.71736495179624 98
1739809207986 124.33328652870911 99
1739809208002 126.41392395083979 100
1739809208018 127.41707446422808 101
1739809208034 127.42884429053224 102
1739809208050 122.15396977664271 103
1739809208066 120.27202484445377 104
1739809208082 121.98576126457401 105
1739809208098 121.09877797600919 106
1739809208114 121.04715221385622 107
1739809208129 121.30383623657481 108
1739809208145 120.895957408688 109
1739809208161 121.81389637684698 110
1739809208177 122.34847690311375 111
1739809208193 125.80915507011278 112
1739809208209 123.14887596951247 113
1739809208225 122.5203718004549 114
1739809208240 117.67552272247224 115
1739809208256 116.1209942767998 116
1739809208273 118.16861388033249 117
1739809208289 116.34164176036316 118
1739809208305 119.57280561212913 119
1739809208305 113.52974668549825 120
1739809208326 120.15910520525003 121
1739809208337 120.56353206965149 122
1739809208356 120.06914233560327 123
1739809208369 119.36742446273409 124
1739809208385 114.60409558609794 125
1739809208401 114.30619176141525 126
1739809208423 119.91801780073324 127
1739809208432 116.6342537284501 128
1739809208448 112.68322222373297 129
1739809208464 115.29598083637914 130
1739809208480 114.9781110993485 131
1739809208496 114.73319684992815 132
1739809208512 115.93339350784788 133
1739809208528 111.91034169191437 134
1739809208544 115.19215654376937 135
1739809208560 110.36181912498287 136
1739809208576 114.91273142638902 137
1739809208592 109.06375442993831 138
1739809208608 115.05419900055627 139
1739809208624 112.72362710296507 140
1739809208639 113.86915893313834 141
1739809208655 114.15123214650558 142
1739809208671 110.81694156553826 143
1739809208687 104.51076672615686 144
1739809208702 112.8142126146857 145
1739809208718 108.58916544354693 146
1739809208734 110.78921534875597 147
1739809208734 109.08912660034888 148
1739809208751 107.54227486488595 149
1739809208767 109.29187658692517 150
1739809208785 107.05844131683357 151
1739809208798 108.62379034268766 152
1739809208816 108.93084321379972 153
1739809208830 105.99815072078661 154
1739809208849 102.37463751307065 155
1739809208862 105.7475029230714 156
1739809208878 111.87408481230528 157
1739809208894 106.45494198547767 158
1739809208916 105.97552129260572 159
1739809208926 101.69442699933093 160
1739809208942 103.94791328861936 161
1739809208958 101.55929357348111 162
1739809208974 105.56709564245784 163
1739809208990 101.29857840306427 164
1739809209006 104.21496669991114 165
1739809209021 100.56435624856508 166
1739809209037 103.6471545314232 167
1739809209053 101.49229019394964 168
1739809209073 97.34031745408845 169
1739809209085 101.30351024880368 170
1739809209100 103.5777859801642 171
1739809209116 100.40993269285617 172
1739809209133 102.81512709668951 173
1739809209149 97.8163433079313 174
1739809209165 100.73331479141132 175
1739809209181 97.67121173463302 176
1739809209196 103.0745145957586 177
1739809209212 99.89909661587976 178
1739809209228 99.00445667610889 179
1739809209244 97.21984908979488 180
1739809209260 103.34638705753967 181
1739809209276 97.03000567691822 182
1739809209291 97.9787098673865 183
1739809209291 101.45486039466515 184
1739809209311 97.81405326976153 185
1739809209323 99.42149835674283 186
1739809209342 95.59894492639881 187
1739809209358 98.22471814431539 188
1739809209371 94.35276548668823 189
1739809209387 93.34029756236187 190
1739809209406 93.42234726290837 191
1739809209419 93.88647833668897 192
1739809209434 97.71756367446633 193
1739809209450 94.71587122177894 194
1739809209466 97.47410023770043 195
1739809209482 94.87965813241732 196
1739809209498 94.1044005546058 197
1739809209514 95.36373939100883 198
1739809209531 94.83417870079887 199
1739809209546 91.23316541519954 200
1739809209563 89.9299264231132 201
1739809209579 93.08227374717653 202
1739809209594 93.08106162558317 203
1739809209610 94.22351554555912 204
1739809209626 93.88727278274287 205
1739809209626 90.82031862774583 206
1739809209658 93.19969194510504 207
1739809209658 90.83485102998196 208
1739809209679 92.08261442736011 209
1739809209690 88.24806500956673 210
1739809209710 91.66875177622008 211
1739809209721 88.73077152178462 212
1739809209739 88.27622783075259 213
1739809209753 90.73651626846949 214
1739809209769 90.81068943132804 215
1739809209785 90.9735965459508 216
1739809209801 91.48899651735096 217
1739809209817 86.93667406372074 218
1739809209833 88.83659816752574 219
1739809209856 85.91594700075984 220
1739809209864 87.21572620123624 221
1739809209880 87.103386671432 222
1739809209896 89.91517207028939 223
1739809209912 88.27754696685325 224
1739809209928 86.9234716602509 225
1739809209943 86.12996714797686 226
1739809209961 86.08509186794826 227
1739809209977 88.03759961984758 228
1739809209991 89.42682129743069 229
1739809210001 85.1185849250838 230
1739809210011 84.49786017724979 231
1739809210023 86.40961428467143 232
1739809210041 84.84996077179794 233
1739809210055 84.63017008876837 234
1739809210081 85.74039779343134 235
1739809210095 84.83337584052097 236
1739809210101 85.63563448124819 237
1739809210120 86.33294811910717 238
1739809210133 84.53859620927767 239
1739809210150 85.68501196977785 240
1739809210165 83.09204640783008 241
1739809210189 84.19365507306817 242
1739809210197 83.4186777133344 243
1739809210219 81.99389751695271 244
1739809210229 85.97191972400653 245
1739809210245 83.37336305780313 246
1739809210261 78.41761786287194 247
1739809210282 81.6774083765247 248
1739809210292 80.99445626759801 249
1739809210308 82.59349538437496 250
1739809210324 85.08932518226337 251
1739809210340 81.84349717846216 252
1739809210356 82.56743076960096 253
1739809210371 80.35029113099637 254
1739809210387 80.70453770510547 255
1739809210403 80.6339510101356 256
1739809210419 81.49446380571153 257
1739809210435 79.04893448244466 258
1739809210451 78.47276206390825 259
1739809210467 79.97513181695086 260
1739809210485 78.30112554344556 261
1739809210498 74.17514007630209 262
1739809210515 81.45869893245454 263
1739809210531 77.95833796859606 264
1739809210546 77.25848070655744 265
1739809210562 79.38308483834017 266
1739809210578 77.20499578941595 267
1739809210594 76.46709386464688 268
1739809210600 79.38290239772955 269
1739809210624 76.52903825583444 270
1739809210630 74.23650633206074 271
1739809210641 79.1987579073809 272
1739809210660 76.43854346273764 273
1739809210673 75.55328325839119 274
1739809210689 76.47519532828564 275
1739809210705 76.48486299924538 276
1739809210721 71.97961057326428 277
1739809210737 78.01331127675391 278
1739809210753 75.42675636169858 279
1739809210769 72.49806798447493 280
1739809210785 75.71026266444306 281
1739809210801 71.14229895764839 282
1739809210817 73.79993104419907 283
1739809210833 72.5790564459206 284
1739809210849 74.16293993405075 285
1739809210865 73.62343275815878 286
1739809210880 72.79687818088581 287
1739809210896 75.24844627472116 288
1739809210912 68.059487135327 289
1739809210928 72.8329091213869 290
1739809210944 72.09318805737354 291
1739809210960 73.54515343470648 292
1739809210976 73.44363011852548 293
1739809210992 71.86855480342219 294
1739809211008 72.63202433850562 295
1739809211024 71.92658128720976 296
1739809211039 72.5726702118757 297
1739809211055 68.32307253016985 298
1739809211071 69.57748846561567 299
1739809211087 69.55465641276976 300
1739809211103 71.19191392033204 301
1739809211119 70.42401663871713 302
1739809211135 68.94278540760541 303
1739809211135 70.5463887707175 304
1739809211154 70.24884140251088 305
1739809211170 69.91504781531681 306
1739809211185 68.80804726540315 307
1739809211198 70.50349025852655 308
1739809211214 69.021125620144 309
1739809211230 66.54435633023799 310
1739809211246 64.88041702641591 311
1739809211262 69.45363439915367 312
1739809211278 65.72043259935312 313
1739809211293 67.51925650703092 314
1739809211309 67.91266627404293 315
1739809211325 66.71214868690758 316
1739809211341 66.8475826288239 317
1739809211357 66.55034388733242 318
1739809211373 63.85944040830083 319
1739809211389 65.40522249973533 320
1739809211405 66.4553158805633 321
1739809211421 65.31158749333783 322
1739809211437 65.19824976329083 323
1739809211453 65.63254221119452 324
1739809211468 63.95608907046355 325
1739809211484 66.51381696863797 326
1739809211500 63.96742882289558 327
1739809211516 67.68009102494901 328
1739809211532 65.19818724923013 329
1739809211548 66.11014045164441 330
1739809211567 66.76602463268343 331
1739809211580 62.99166505708758 332
1739809211598 60.273506887955726 333
1739809211616 63.315930186656416 334
1739809211627 64.66865365053833 335
1739809211653 66.31834450817426 336
1739809211674 62.14875186660635 337
1739809211691 63.78959671787233 338
1739809211706 64.36609775037509 339
1739809211722 61.33590889830443 340
1739809211740 63.9561284498388 341
1739809211759 64.84905646647519 342
1739809211776 60.82455031373001 343
1739809211787 62.54239350241277 344
1739809211802 62.068274837174506 345
1739809211821 58.87301775041904 346
1739809211841 63.45387843096167 347
1739809211856 60.68787557522544 348
1739809211874 62.09575535968429 349
1739809211893 63.228570746235384 350
1739809211908 60.800824948855855 351
1739809211918 57.943877587768704 352
1739809211942 60.42172385707777 353
1739809211960 60.14129573167278 354
1739809211977 60.740456136446156 355
1739809211997 60.97067282147196 356
1739809212012 59.02408069918121 357
1739809212030 58.97010177183041 358
1739809212045 57.58432319769276 359
1739809212055 60.74784446313414 360
1739809212071 59.731314170922694 361
1739809212087 54.0030113591341 362
1739809212103 59.74064221545624 363
1739809212119 57.97679986311397 364
1739809212135 58.471020894759356 365
1739809212135 57.645619793485466 366
1739809212155 57.088889363659426 367
1739809212181 60.11833236622736 368
1739809212191 57.614472810764525 369
1739809212198 56.89592339369306 370
1739809212214 56.84181708990958 371
1739809212230 58.52595869725434 372
1739809212255 56.45751045643592 373
1739809212272 54.45942594462881 374
1739809212286 55.815992682392306 375
1739809212293 59.62438835107678 376
1739809212312 56.717456350314144 377
1739809212324 56.901040696287566 378
1739809212341 56.97893863940459 379
1739809212359 54.48581641836291 380
1739809212372 56.18405706139269 381
1739809212388 55.59720801300305 382
1739809212404 56.70161532433265 383
1739809212419 56.01611176307996 384
1739809212435 55.81269116459634 385
1739809212451 53.91956350941031 386
1739809212451 57.26921014115492 387
1739809212467 56.17835561400489 388
1739809212483 56.51333536946198 389
1739809212499 54.932846130462806 390
1739809212514 54.806557527132604 391
1739809212542 55.39103434110844 392
1739809212547 55.70921887340796 393
1739809212562 54.05947709549971 394
1739809212587 52.58495983116382 395
1739809212594 52.76134967640643 396
1739809212618 53.936337575330455 397
1739809212626 52.52385636029589 398
1739809212648 51.494753356795044 399
1739809212657 54.709761173477574 400
1739809212680 52.94631137596856 401
1739809212689 52.71835184727002 402
1739809212712 51.264790448925794 403
1739809212720 51.80639249434244 404
1739809212736 53.320640786318606 405
1739809212756 52.198271658819024 406
1739809212771 49.72535629198339 407
1739809212784 52.21878744688929 408
1739809212802 54.824987612697726 409
1739809212816 49.816436989228706 410
1739809212831 51.252724448644024 411
1739809212847 52.90554029989448 412
1739809212862 49.80382314804039 413
1739809212876 51.77009421033202 414
1739809212883 48.58297603410107 415
1739809212907 51.15438558457669 416
1739809212922 50.464603289546325 417
1739809212926 49.925716909282954 418
1739809212952 50.834654453437686 419
1739809212958 47.533623649670496 420
1739809212984 51.04892445167269 421
1739809212992 52.11167199478806 422
1739809213021 49.32964322409835 423
1739809213037 50.732084779320786 424
1739809213053 48.14446040229808 425
1739809213068 50.79105721318614 426
1739809213082 47.25426726006922 427
1739809213088 48.642661220311126 428
1739809213112 49.13336608838195 429
1739809213119 50.25450588350825 430
1739809213142 47.78779500675733 431
1739809213147 51.11344857485856 432
1739809213172 49.167523727265895 433
1739809213179 47.738616599426834 434
1739809213203 46.39790744798772 435
1739809213211 47.26137165225715 436
1739809213234 47.34735504541381 437
1739809213242 47.786640698888256 438
1739809213265 46.026317698396525 439
1739809213274 48.50311569670528 440
1739809213294 46.842553499883074 441
1739809213309 45.48974357497039 442
1739809213322 44.16894562634503 443
1739809213338 46.895129199074965 444
1739809213353 47.28448927229219 445
1739809213369 48.115742670603396 446
1739809213385 45.21107808363848 447
1739809213400 45.14856316469275 448
1739809213414 48.04818933921587 449
1739809213421 45.925025716661416 450
1739809213445 47.66413140667479 451
1739809213452 45.91769774040492 452
1739809213464 45.14703149061994 453
1739809213491 46.032537669582986 454
1739809213506 45.92541305183026 455
1739809213512 44.420742720295316 456
1739809213536 44.969493246497244 457
1739809213544 45.79473514114601 458
1739809213566 45.617437485168445 459
1739809213575 45.152575815280215 460
1739809213597 44.37668515876837 461
1739809213607 48.6411569780191 462
1739809213626 44.3575880315599 463
1739809213639 42.72650199882723 464
1739809213654 43.39748250780468 465
1739809213670 45.09508748700548 466
1739809213686 47.52742389508343 467
1739809213686 40.259584433291934 468
1739809213715 45.89584991626753 469
1739809213721 43.92245204314936 470
1739809213747 43.78260479173307 471
1739809213753 45.545119457347944 472
1739809213777 43.6541215010243 473
1739809213784 42.23927896451328 474
1739809213806 41.97944689103806 475
1739809213813 42.96056918583708 476
1739809213837 43.2393757187423 477
1739809213845 41.94043636251919 478
1739809213866 41.65737426808493 479
1739809213876 43.74884979629995 480
1739809213896 44.14816034914087 481
1739809213908 43.35731253051941 482
1739809213924 42.71368248895283 483
1739809213940 42.455438749910606 484
1739809213957 40.27004820984961 485
1739809213971 41.911868088716936 486
1739809213987 40.747744601088584 487
1739809214003 41.131484569004776 488
1739809214008 40.34955974044664 489
1739809214019 41.61015019444388 490
1739809214037 41.02319315310244 491
1739809214051 40.906685460229205 492
1739809214067 42.11078769499752 493
1739809214082 40.34515467707888 494
1739809214098 39.550598331502165 495
1739809214114 38.192378522856984 496
1739809214130 42.202905073161034 497
1739809214146 43.466608047471944 498
1739809214162 39.775738887743884 499
