1739808668978 169.08902758239503 0
1739808668999 162.40892741464333 1
1739808669014 156.00605666229626 2
1739808669016 149.86864805180988 3
1739808669040 143.9854398329484 4
1739808669054 138.34565392459137 5
1739808669063 132.93897500838116 6
1739808669079 127.7555305290331 7
1739808669095 122.78587156192178 8
1739808669110 118.02095451026887 9
1739808669110 113.45212359589644 10
1739808669126 109.07109410907593 11
1739808669142 104.8699363845025 12
1739808669158 100.8410604718564 13
1739808669174 96.97720147078589 14
1739808669190 93.27140550145602 15
1739808669205 89.71701628306346 16
1739808669219 86.30766229391585 17
1739808669233 83.03724448782353 18
1739808669246 79.89992454264755 19
1739808669262 76.89011361789929 20
1739808669276 74.00246159929041 21
1739808669290 71.23184680909277 22
1739808669304 68.57336616208694 23
1739808669319 66.02232574775692 24
1739808669333 63.57423182022881 25
1739808669347 61.224782178255985 26
1739808669359 58.969857918322056 27
1739808669373 56.80551554466864 28
1739808669386 54.7279794207588 29
1739808669399 52.73363454736009 30
1739808669413 50.81901965307475 31
1739808669426 48.980820583760725 32
1739808669429 47.2158639778762 33
1739808669445 45.521111215343396 34
1739808669467 43.89365262806696 35
1739808669480 42.330701960757125 36
1739808669493 40.829591071201406 37
1739808669505 39.38776485960001 38
1739808669521 38.002776417031136 39
1739808669534 36.67228238354434 40
1739808669548 35.394038506792455 41
1739808669548 34.16589539250739 42
1739808669575 32.98579443850318 43
1739808669589 31.85176394425045 44
1739808669603 30.761915388412202 45
1739808669616 29.714439867061305 46
1739808669630 28.707604685616225 47
1739808669643 27.739750097833806 48
1739808669655 26.809286185487412 49
1739808669670 25.914689872635098 50
1739808669683 25.054502068647363 51
1739808669697 24.22732493441718 52
1739808669710 23.431819266416817 53
1739808669726 22.666701993498247 54
1739808669739 21.9307437815546 55
1739808669752 21.222766741372862 56
1739808669764 20.54164223521024 57
1739808669777 19.88628877782064 58
1739808669790 19.25567002784321 59
1739808669803 18.648792865642395 60
1739808669817 18.064705553858307 61
1739808669831 17.50249597708909 62
1739808669831 16.961289957281668 63
1739808669847 16.44024964155622 64
1739808669867 15.938571959331588 65
1739808669879 15.455487145754695 66
1739808669894 14.990257328567287 67
1739808669910 14.542175175667358 68
1739808669910 14.110562600741668 69
1739808669926 13.694769524459842 70
1739808669942 13.294172688828708 71
1739808669958 12.908174522410397 72
1739808669974 12.536202054206742 73
1739808669990 12.177705874108083 74
1739808670006 11.832159137895596 75
1739808670020 11.499056614873407 76
1739808670032 11.177913776290243 77
1739808670046 10.868265922789988 78
1739808670047 10.569667349206899 79
1739808670063 10.28169054509424 80
1739808670079 10.003925429444774 81
1739808670095 9.735978618128508 82
1739808670112 9.477472722636769 83
1739808670116 9.228045678783099 84
1739808670128 8.98735010406948 85
1739808670144 8.755052682482757 86
1739808670160 8.530833575539308 87
1739808670176 8.31438585844733 88
1739808670192 8.105414980305003 89
1739808670208 7.903638247299659 90
1739808670208 7.708784327917833 91
1739808670224 7.520592779218888 92
1739808670240 7.338813593265999 93
1739808670255 7.16320676284743 94
1739808670271 6.993541865658516 95
1739808670287 6.829597666150676 96
1739808670287 6.671161734288104 97
1739808670303 6.518030080485689 98
1739808670319 6.370006806032937 99
1739808670335 6.22690376833895 100
1739808670351 6.088540260362121 101
1739808670367 5.954742703615619 102
1739808670367 5.825344354166413 103
1739808670383 5.700185021070215 104
1739808670404 5.579110796709242 105
1739808670415 5.461973798522554 106
1739808670433 5.348631921640706 107
1739808670446 5.238948601957599 108
1739808670446 5.132792589192675 109
1739808670462 5.0300377295155885 110
1739808670478 4.930562757324382 111
1739808670494 4.834251095785347 112
1739808670510 4.740990665760154 113
1739808670526 4.650673702761538 114
1739808670541 4.5631965815946005 115
1739808670541 4.478459648355394 116
1739808670558 4.39636705947276 117
1739808670573 4.316826627492722 118
1739808670589 4.239749673317904 119
1739808670605 4.165050884626681 120
1739808670621 4.09264818020866 121
1739808670621 4.0224625799645075 122
1739808670636 3.9544180803288236 123
1739808670652 3.888441534885314 124
1739808670670 3.8244625399533536 125
1739808670684 3.7624133249345175 126
1739808670700 3.702228647216824 127
1739808670700 3.6438456914430466 128
1739808670716 3.5872039729578113 129
1739808670731 3.53224524525619 130
1739808670747 3.478913411264053 131
1739808670763 3.427154438287751 132
1739808670779 3.3769162764776977 133
1739808670795 3.3281487806570973 134
1739808670795 3.2808036353733523 135
1739808670811 3.2348342830359407 136
1739808670827 3.1901958550102583 137
1739808670843 3.1468451055426354 138
1739808670859 3.1047403483969678 139
1739808670875 3.0638413960885993 140
1739808670875 3.024109501605965 141
1739808670891 2.9855073025152112 142
1739808670907 2.947998767347457 143
1739808670923 2.9115491441726737 144
1739808670939 2.8761249112682497 145
1739808670955 2.8416937297943017 146
1739808670971 2.808224398391425 147
1739808670976 2.775686809620295 148
1739808670987 2.7440519081659116 149
1739808671002 2.713291650732614 150
1739808671018 2.683378967559053 151
1739808671034 2.654287725485466 152
1739808671051 2.6259926925083494 153
1739808671051 2.598469503760503 154
1739808671067 2.571694628856928 155
1739808671082 2.5456453405497492 156
1739808671098 2.5202996846376253 157
1739808671117 2.495636451077477 158
1739808671129 2.4716351462485924 159
1739808671145 2.4482759663212725 160
1739808671147 2.425539771684198 161
1739808671163 2.4034080623866485 162
1739808671178 2.381862954553623 163
1739808671198 2.3608871577335977 164
1739808671212 2.340463953140392 165
1739808671213 2.3205771727522992 166
1739808671238 2.3012111792331247 167
1739808671252 2.282350846641295 168
1739808671266 2.2639815418946783 169
1739808671280 2.2460891069600035 170
1739808671293 2.228659841737238 171
1739808671297 2.2116804876103755 172
1739808671312 2.1951382116374307 173
1739808671333 2.179020591353459 174
1739808671345 2.1633156001616154 175
1739808671359 2.148011593288262 176
1739808671363 2.1330972942791764 177
1739808671379 2.118561782014833 178
1739808671395 2.1043944782237043 179
1739808671410 2.0905851354734084 180
1739808671410 2.0771238256202778 181
1739808671426 2.0640009286989285 182
1739808671442 2.051207122233944 183
1739808671458 2.0387333709567725 184
1739808671474 2.0265709169114206 185
1739808671490 2.0147112699334078 186
1739808671490 2.0031461984869536 187
1739808671506 1.9918677208460265 188
1739808671532 1.9808680966055903 189
1739808671547 1.9701398185097423 190
1739808671559 1.9596756045842036 191
1739808671575 1.9494683905610035 192
1739808671580 1.939511322583758 193
1739808671601 1.9297977501824144 194
1739808671614 1.9203212195068173 195
1739808671628 1.9110754668088052 196
1739808671630 1.9020544121631042 197
1739808671646 1.893252153417574 198
1739808671662 1.8846629603638088 199
1739808671678 1.8762812691194435 200
1739808671694 1.8681016767138943 201
1739808671694 1.8601189358695451 202
1739808671710 1.8523279499708096 203
1739808671725 1.8447237682137403 204
1739808671741 1.8373015809291402 205
1739808671757 1.830056715072517 206
1739808671757 1.8229846298743713 207
1739808671774 1.816080912644673 208
1739808671789 1.8093412747255582 209
1739808671805 1.8027615475865928 210
1739808671821 1.7963376790570855 211
1739808671837 1.7900657296902653 212
1739808671853 1.783941869254263 213
1739808671853 1.7779623733450514 214
1739808671874 1.7721236201167818 215
1739808671893 1.7664220871249867 216
1739808671907 1.760854348278445 217
1739808671920 1.7554170708955894 218
1739808671932 1.750107012861523 219
1739808671932 1.7449210198818976 220
1739808671948 1.7398560228299886 221
1739808671964 1.7349090351835263 222
1739808671980 1.7300771505479313 223
1739808671995 1.7253575402627446 224
1739808672011 1.7207474510881844 225
1739808672027 1.71624420296885 226
1739808672029 1.7118451868717708 227
1739808672043 1.7075478626960188 228
1739808672058 1.7033497572513232 229
1739808672080 1.6992484623031232 230
1739808672093 1.6952416326816746 231
1739808672106 1.6913269844528647 232
1739808672120 1.6875022931485029 233
1739808672135 1.683765392053953 234
1739808672147 1.6801141705510554 235
1739808672159 1.6765465725143263 236
1739808672173 1.6730605947585313 237
1739808672188 1.6696542855358665 238
1739808672201 1.6663257430808807 239
1739808672214 1.663073114201534 240
1739808672227 1.65989459291474 241
1739808672238 1.6567884191247924 242
1739808672257 1.6537528773432235 243
1739808672271 1.6507862954486132 244
1739808672283 1.6478870434849766 245
1739808672297 1.6450535324973568 246
1739808672303 1.642284213403388 247
1739808672324 1.6395775758995326 248
1739808672336 1.6369321474008487 249
1739808672349 1.6343464920131012 250
1739808672362 1.6318192095361292 251
1739808672376 1.629348934497412 252
1739808672389 1.6269343352147945 253
1739808672401 1.624574112887408 254
1739808672414 1.622267000713799 255
1739808672426 1.6200117630364048 256
1739808672434 1.6178071945114416 257
1739808672453 1.6156521193034037 258
1739808672462 1.6135453903033354 259
1739808672481 1.6114858883700842 260
1739808672494 1.6094725215937808 261
1739808672507 1.607504224580836 262
1739808672519 1.605579957759711 263
1739808672533 1.6036987067068382 264
1739808672546 1.601859481491981 265
1739808672561 1.6000613160424348 266
1739808672573 1.5983032675254678 267
1739808672586 1.5965844157483948 268
1739808672600 1.5949038625757206 269
1739808672616 1.5932607313628364 270
1739808672628 1.5916541664057149 271
1739808672641 1.5900833324061006 272
1739808672655 1.5885474139517186 273
1739808672669 1.5870456150110246 274
1739808672682 1.585577158442043 275
1739808672694 1.5841412855148447 276
1739808672708 1.582737255447251 277
1739808672720 1.581364344953349 278
1739808672734 1.5800218478044277 279
1739808672749 1.5787090744019616 280
1739808672761 1.577425351362233 281
1739808672773 1.5761700211122938 282
1739808672779 1.5749424414968873 283
1739808672798 1.5737419853960117 284
1739808672811 1.5725680403527875 285
1739808672827 1.571420008211342 286
1739808672840 1.5702973047644007 287
1739808672851 1.5691993594102966 288
1739808672858 1.5681256148190996 289
1739808672877 1.5670755266076495 290
1739808672890 1.5660485630231549 291
1739808672903 1.5650442046351751 292
1739808672917 1.5640619440356898 293
1739808672931 1.5631012855470627 294
1739808672944 1.5621617449376284 295
1739808672957 1.5612428491447037 296
1739808672970 1.5603441360048216 297
1739808672983 1.5594651539909483 298
1739808672996 1.5586054619565184 299
1739808673010 1.55776462888605 300
1739808673023 1.5569422336522072 301
1739808673037 1.5561378647790765 302
1739808673050 1.555351120211524 303
1739808673063 1.5545816070904166 304
1739808673075 1.5538289415335826 305
1739808673089 1.5530927484223507 306
1739808673101 1.5523726611934565 307
1739808673116 1.5516683216362586 308
1739808673128 1.5509793796950302 309
1739808673141 1.5503054932762372 310
1739808673158 1.5496463280606623 311
1739808673172 1.5490015573202072 312
1739808673184 1.548370861739298 313
1739808673199 1.5477539292407139 314
1739808673211 1.547150454815774 315
1739808673223 1.5465601403587161 316
1739808673237 1.545982694505174 317
1739808673250 1.5454178324746615 318
1739808673262 1.544865275916919 319
1739808673274 1.544324752762044 320
1739808673286 1.5437959970743218 321
1739808673300 1.5432787489095878 322
1739808673313 1.5427727541761245 323
1739808673326 1.5422777644989227 324
1739808673338 1.5417935370872606 325
1739808673352 1.5413198346054895 326
1739808673367 1.5408564250469552 327
1739808673381 1.540403081610991 328
1739808673394 1.5399595825828465 329
1739808673407 1.5395257112165415 330
1739808673421 1.5391012556205206 331
1739808673434 1.5386860086460792 332
1739808673446 1.538279767778436 333
1739808673459 1.5378823350304336 334
1739808673472 1.5374935168387784 335
1739808673483 1.5371131239627576 336
1739808673496 1.536740971385352 337
1739808673511 1.5363768782167238 338
1739808673523 1.5360206675999872 339
1739808673538 1.5356721666192172 340
1739808673551 1.5353312062096311 341
1739808673564 1.5349976210698886 342
1739808673576 1.5346712495764823 343
1739808673589 1.5343519337001297 344
1739808673602 1.5340395189241287 345
1739808673617 1.5337338541646552 346
1739808673629 1.5334347916929096 347
1739808673643 1.5331421870590898 348
1739808673655 1.532855899018165 349
1739808673670 1.5325757894573548 350
1739808673683 1.5323017233253295 351
1739808673696 1.5320335685630466 352
1739808673709 1.531771196036188 353
1739808673722 1.5315144794691942 354
1739808673736 1.5312632953808194 355
1739808673749 1.5310175230211753 356
1739808673761 1.5307770443102375 357
1739808673775 1.5305417437777842 358
1739808673788 1.5303115085047125 359
1739808673801 1.5300862280657235 360
1739808673813 1.5298657944733118 361
1739808673828 1.5296501021230677 362
1739808673840 1.5294390477402173 363
1739808673852 1.5292325303274104 364
1739808673865 1.5290304511136952 365
1739808673877 1.5288327135046755 366
1739808673889 1.5286392230338033 367
1739808673904 1.5284498873147867 368
1739808673917 1.5282646159950954 369
1739808673932 1.5280833207105233 370
1739808673944 1.5279059150407828 371
1739808673958 1.5277323144661341 372
1739808673971 1.527562436324981 373
1739808673985 1.5273961997724483 374
1739808673997 1.527233525739885 375
1739808674012 1.5270743368953184 376
1739808674014 1.5269185576047732 377
1739808674036 1.5267661138944943 378
1739808674045 1.526616933414012 379
1739808674064 1.526470945400061 380
1739808674078 1.5263280806412955 381
1739808674093 1.5261882714438209 382
1739808674107 1.5260514515975003 383
1739808674119 1.5259175563430232 384
1739808674131 1.5257865223397078 385
1739808674146 1.5256582876340514 386
1739808674158 1.5255327916289794 387
1739808674172 1.5254099750537762 388
1739808674184 1.525289779934716 389
1739808674197 1.5251721495663406 390
1739808674204 1.5250570284833815 391
1739808674223 1.52494436243333 392
1739808674229 1.5248340983496056 393
1739808674246 1.5247261843253417 394
1739808674266 1.5246205695877435 395
1739808674280 1.5245172044730357 396
1739808674291 1.524416040401976 397
1739808674304 1.5243170298558906 398
1739808674314 1.5242201263532862 399
1739808674333 1.5241252844269444 400
1739808674356 1.5240324596015595 401
1739808674372 1.5239416083718689 402
1739808674388 1.52385268818126 403
1739808674405 1.5237656574008687 404
1739808674419 1.5236804753091437 405
1739808674436 1.5235971020718604 406
1739808674450 1.5235154987225843 407
1739808674468 1.5234356271435683 408
1739808674484 1.5233574500470854 409
1739808674499 1.5232809309571533 410
1739808674518 1.5232060341917035 411
1739808674549 1.523132724845106 412
1739808674567 1.5230609687711207 413
1739808674586 1.5229907325661989 414
1739808674602 1.5229219835531729 415
1739808674623 1.5228546897652924 416
1739808674642 1.5227888199306445 417
1739808674660 1.5227243434568871 418
1739808674677 1.5226612304163412 419
1739808674702 1.5225994515314025 420
1739808674718 1.522538978160293 421
1739808674731 1.522479782283108 422
1739808674748 1.522421836488183 423
1739808674765 1.5223651139587648 424
1739808674782 1.5223095884599798 425
1739808674796 1.5222552343260811 426
1739808674809 1.5222020264479799 427
1739808674814 1.5221499402610565 428
1739808674844 1.522098951733253 429
1739808674860 1.5220490373533964 430
1739808674885 1.5220001741198184 431
1739808674902 1.5219523395292 432
1739808674917 1.5219055115656674 433
1739808674934 1.5218596686901347 434
1739808674948 1.5218147898298915 435
1739808674950 1.5217708543683952 436
1739808674970 1.5217278421353 437
1739808674990 1.5216857333967189 438
1739808675010 1.5216445088456816 439
1739808675023 1.5216041495928105 440
1739808675038 1.5215646371572096 441
1739808675052 1.5215259534575385 442
1739808675065 1.5214880808032945 443
1739808675079 1.5214510018862883 444
1739808675086 1.5214146997722908 445
1739808675108 1.5213791578928855 446
1739808675124 1.5213443600374874 447
1739808675138 1.521310290345545 448
1739808675152 1.5212769332989036 449
1739808675171 1.5212442737143475 450
1739808675185 1.5212122967362902 451
1739808675201 1.5211809878296503 452
1739808675215 1.5211503327728653 453
1739808675229 1.5211203176510566 454
1739808675242 1.5210909288493566 455
1739808675258 1.5210621530463813 456
1739808675275 1.5210339772078323 457
1739808675281 1.52100638858026 458
1739808675305 1.5209793746849487 459
1739808675316 1.5209529233119303 460
1739808675335 1.520927022514159 461
1739808675349 1.520901660601774 462
1739808675361 1.5208768261365178 463
1739808675364 1.5208525079262711 464
1739808675379 1.5208286950196892 465
1739808675394 1.5208053767009817 466
1739808675410 1.520782542484795 467
1739808675426 1.520760182111196 468
1739808675442 1.520738285540789 469
1739808675448 1.5207168429499227 470
1739808675466 1.520695844726 471
1739808675480 1.5206752814629112 472
1739808675498 1.5206551439565321 473
1739808675505 1.5206354232003658 474
1739808675520 1.5206161103812361 475
1739808675541 1.5205971968750982 476
1739808675555 1.5205786742429512 477
1739808675566 1.520560534226803 478
1739808675583 1.5205427687457695 479
1739808675596 1.5205253698922163 480
1739808675596 1.5205083299280218 481
1739808675616 1.5204916412808873 482
1739808675634 1.520475296540759 483
1739808675650 1.5204592884563115 484
