1739810039466 40.46765945355792 0
1739810039545 12.685504750959264 1
1739810039624 8.864097098763132 2
1739810039703 3.2887646202617002 3
1739810039767 3.3347134859412724 4
1739810039831 1.4594187219324728 5
1739810039910 0.7592883084058614 6
1739810039973 0.7670433425635453 7
1739810040037 1.9018970777426503 8
1739810040105 0.7239386004444257 9
1739810040180 0.7155329471056332 10
1739810040242 0.763385146474679 11
1739810040322 2.4203697294224464 12
1739810040385 0.5673714208144319 13
1739810040465 1.9301188416897672 14
1739810040528 1.5239176031489912 15
1739810040592 0.8975457115202777 16
1739810040672 1.5285729769223149 17
1739810040754 0.5065272144141444 18
1739810040813 0.46841852869160294 19
1739810040893 1.829241920396297 20
1739810040956 0.05707553838143418 21
1739810041020 0.8800390900223319 22
1739810041084 3.1150662530093935 23
1739810041160 1.3150188342357316 24
1739810041225 1.323265777969671 25
1739810041290 1.3076233480546615 26
1739810041354 1.2780723168870094 27
1739810041417 2.0754776591148225 28
1739810041481 1.718903641810376 29
1739810041561 1.1054677047526764 30
1739810041624 0.9732482619678047 31
1739810041688 2.1230091790986094 32
1739810041751 1.0580416331572258 33
1739810041815 2.24869125493159 34
1739810041895 1.24063916992826 35
1739810041958 0.07902932582614214 36
1739810042021 0.516683592434411 37
1739810042085 1.5192121886322645 38
1739810042149 1.4615934082728717 39
1739810042213 1.2422650621505256 40
1739810042294 1.5060084614654092 41
1739810042367 1.7652886688663167 42
1739810042436 1.822718869389859 43
1739810042498 2.1476913357406304 44
1739810042561 0.949002592200954 45
1739810042645 2.006290498398947 46
1739810042716 3.3394932870831995 47
1739810042784 0.29256021587458914 48
1739810042848 1.6558558495013858 49
1739810042912 0.11469603994570084 50
1739810042977 0.3026841155042298 51
1739810043040 2.8613444766818907 52
1739810043121 0.9027306066460241 53
1739810043182 2.472337321306907 54
1739810043246 1.3669374166611703 55
1739810043310 0.8755996436532445 56
1739810043390 1.37520062352769 57
1739810043453 2.347489065564897 58
1739810043517 0.6547998916516409 59
1739810043580 0.7894094370793546 60
1739810043643 0.943136837411091 61
1739810043723 1.71007687800297 62
1739810043789 1.7640106352370473 63
1739810043858 0.5491565798519871 64
1739810043927 0.3607212820276792 65
1739810043994 0.357106300234079 66
1739810044057 0.8997152584259196 67
1739810044121 2.163159381660744 68
1739810044184 0.9120979254927487 69
1739810044264 2.248547358390563 70
1739810044327 1.5759028074226704 71
1739810044391 1.1049489466637836 72
1739810044471 3.1994324345061464 73
1739810044547 1.1879210824098614 74
1739810044615 2.8065573958608683 75
1739810044678 1.3123558883107378 76
1739810044741 2.632047386956504 77
1739810044820 1.8285130091213557 78
1739810044883 2.0544333298201876 79
1739810044963 1.9317912399081485 80
1739810045027 1.0174686005342395 81
1739810045090 2.7519590646044603 82
1739810045153 0.2764104857888649 83
1739810045234 1.839497248180378 84
1739810045302 1.239786557228992 85
1739810045362 1.729079844478515 86
1739810045426 5.156772344938516 87
1739810045505 2.4618592057675124 88
1739810045584 0.07389387897033 89
1739810045664 0.6931789526787887 90
1739810045749 2.618703771861754 91
1739810045822 0.9722039672836701 92
1739810045902 1.5321917178783035 93
1739810045982 0.47364170929390137 94
1739810046061 1.1785687915982999 95
1739810046141 1.1933545839404847 96
1739810046221 3.072042342210228 97
1739810046283 1.0321427506447587 98
1739810046356 1.7109102337337405 99
1739810046408 1.0434893755124846 100
1739810046488 1.5508666106896685 101
1739810046568 2.9841316578891783 102
1739810046640 1.1889277052051552 103
1739810046704 2.3570733170512312 104
1739810046782 1.9019217256533731 105
1739810046853 1.9725538177425974 106
1739810046921 3.373376777691508 107
1739810046981 1.2990220211881849 108
1739810047060 2.627788272651473 109
1739810047123 0.35409158257332307 110
1739810047186 1.3686877347948434 111
1739810047267 0.8915548684599347 112
1739810047334 2.271550686094085 113
1739810047393 0.5445671131897468 114
1739810047457 1.5972674111975156 115
1739810047520 0.5473853908957714 116
1739810047599 1.7322578712217502 117
1739810047664 1.07616946944929 118
1739810047728 0.9535300538961261 119
1739810047791 1.432911393481673 120
1739810047855 2.2380736716741323 121
1739810047934 1.4687041235911407 122
1739810047999 0.16052837041603493 123
1739810048063 1.2209128757857954 124
1739810048127 1.9025989358254305 125
1739810048191 2.421383041792299 126
1739810048256 0.2760771764536823 127
1739810048336 1.5589811375875353 128
1739810048403 1.96789497443929 129
1739810048463 0.4513541390274196 130
1739810048527 0.5652243911724858 131
1739810048590 1.1029298191379688 132
1739810048671 0.6337010689554283 133
1739810048735 0.9494643741706282 134
1739810048798 0.9629950751569651 135
1739810048864 2.7805858662326712 136
1739810048943 1.3785854123570405 137
1739810049006 1.6291186743548978 138
1739810049087 0.6320916104897447 139
1739810049151 0.8446061878652846 140
1739810049230 2.2388179568025386 141
1739810049301 0.4844920426483341 142
1739810049358 1.1896537639745255 143
1739810049437 1.8424926387914775 144
1739810049501 2.5059396171788295 145
1739810049565 0.36274728638347686 146
1739810049629 0.9367668848589816 147
1739810049694 1.247883699746458 148
1739810049758 2.7293237608464005 149
1739810049837 1.1072061380932 150
1739810049901 1.2962906656660442 151
1739810049965 1.505153613661401 152
1739810050029 1.6887135411608905 153
1739810050110 0.41143843616468245 154
1739810050175 0.33472216408986055 155
1739810050238 1.840129323994448 156
1739810050302 0.496953613417164 157
1739810050366 1.5038695225423355 158
1739810050445 0.8863113115554608 159
1739810050508 1.624629453687888 160
1739810050572 1.6689609095157103 161
1739810050652 2.7297685227491386 162
1739810050716 1.7417909513894794 163
1739810050781 2.269765909623387 164
1739810050845 0.5220952629326416 165
1739810050909 1.021045517485368 166
1739810050973 1.397573684549303 167
1739810051054 1.6341356009611017 168
1739810051123 0.03598146050880155 169
1739810051182 1.894127471780348 170
1739810051261 2.4617856793829365 171
1739810051325 3.8313158086889714 172
1739810051389 2.820657786446731 173
1739810051469 1.167455175872732 174
1739810051535 0.8066042986182698 175
1739810051615 2.3372241010533052 176
1739810051679 2.0588862049549768 177
1739810051743 1.3926585890169862 178
1739810051807 1.2769255375279671 179
1739810051872 0.8973890192425864 180
1739810051952 2.2667555425859613 181
1739810052016 1.492069171513563 182
1739810052080 1.9405622248121064 183
1739810052144 2.7418244807081877 184
1739810052207 2.6672047261347154 185
1739810052287 1.0647519733186586 186
1739810052351 1.8078376818614053 187
1739810052415 0.6475475076577882 188
1739810052480 1.49666008304961 189
1739810052544 1.2113318082015725 190
1739810052623 0.7608008882670438 191
1739810052687 0.35679884465916156 192
1739810052769 0.5861148839357337 193
1739810052829 1.298984583719603 194
1739810052910 1.478317424419372 195
1739810052984 0.9823730025916092 196
1739810053047 0.8086871508753367 197
1739810053134 1.9353323956604285 198
1739810053210 1.4957872658770341 199
1739810053281 0.4790585974773739 200
1739810053358 1.0712553138186967 201
1739810053435 0.6838357304984473 202
1739810053504 3.19716698917311 203
1739810053574 1.1489018005639353 204
1739810053647 1.4817610702904558 205
1739810053720 3.51234213441902 206
1739810053791 1.5204806028364775 207
1739810053861 1.012564913100787 208
1739810053930 1.7372208616697042 209
1739810053998 1.8937365194142883 210
1739810054068 0.07753233407281064 211
1739810054145 2.70210839462442 212
1739810054218 0.2302920902987566 213
1739810054291 2.1334071901299234 214
1739810054361 2.0345844994010283 215
1739810054425 4.043923459349002 216
1739810054498 0.7654446287936462 217
1739810054558 1.5495247431631334 218
1739810054635 1.1327052917492 219
1739810054689 0.8018374647897126 220
1739810054769 1.9115724825914908 221
1739810054834 1.9421114615656845 222
1739810054898 1.0595824892502217 223
1739810054963 3.6161939911583714 224
1739810055026 2.7200857455324354 225
1739810055096 0.8354162283804857 226
1739810055178 1.6359741494001439 227
1739810055247 1.5569316139353315 228
1739810055315 2.4592722836765417 229
1739810055391 0.5783209447549866 230
1739810055463 0.252013588566473 231
1739810055538 3.2833739685038466 232
1739810055610 2.4994841078775334 233
1739810055679 1.881239419541727 234
1739810055740 0.688619015208695 235
1739810055820 3.968033872273393 236
1739810055893 1.6695776968950506 237
1739810055966 1.2639204396941506 238
1739810056029 1.9968951460977504 239
1739810056110 2.027941535418108 240
1739810056179 0.4448429055654534 241
1739810056242 1.087206453155268 242
1739810056317 1.5174850477124482 243
1739810056373 0.2695171177403222 244
1739810056452 1.1961206775816167 245
1739810056547 1.2727224196921993 246
1739810056630 1.8407676232050059 247
1739810056711 1.32409626845446 248
1739810056777 1.16998778540992 249
1739810056864 1.005888999907069 250
1739810056935 1.3977764779625719 251
1739810057006 2.4761712645266836 252
1739810057077 2.6997006017397576 253
1739810057147 4.921301510171725 254
1739810057216 0.8734467077758716 255
1739810057286 1.5979680878334457 256
