1739809181097 166.0694382597178 0
1739809181113 158.02666853283202 1
1739809181128 155.61352995826516 2
1739809181143 149.66803088176502 3
1739809181159 144.0824564392903 4
1739809181173 143.50183403121096 5
1739809181183 141.68332183495576 6
1739809181203 134.68599857771022 7
1739809181219 131.1282388025464 8
1739809181234 126.61186530122332 9
1739809181249 123.53745774144778 10
1739809181264 119.82596709783694 11
1739809181278 118.98873181743507 12
1739809181292 112.66498877657538 13
1739809181305 110.00561164561354 14
1739809181323 107.35255177447505 15
1739809181338 105.59527417699722 16
1739809181354 97.86960379706018 17
1739809181366 96.74121206759658 18
1739809181383 97.59524682205381 19
1739809181400 91.96052159204955 20
1739809181429 84.81636518926466 21
1739809181444 84.18854228363787 22
1739809181458 81.38980895247866 23
1739809181472 80.4156311273844 24
1739809181487 76.86031030680083 25
1739809181503 74.60358400356894 26
1739809181518 78.2466245761229 27
1739809181534 70.73719268223061 28
1739809181548 76.75117443299956 29
1739809181563 68.41955423794971 30
1739809181578 67.23822355542664 31
1739809181593 64.9189775235441 32
1739809181607 63.04075235950814 33
1739809181620 60.09781166952696 34
1739809181638 59.14965270186924 35
1739809181656 61.2631714188567 36
1739809181674 53.42680917313626 37
1739809181690 55.56300458009365 38
1739809181698 53.340491832991596 39
1739809181713 53.37660290317288 40
1739809181730 49.93597525584495 41
1739809181760 48.68312638389215 42
1739809181778 48.96262820221597 43
1739809181793 45.538920843174004 44
1739809181809 44.69073109942486 45
1739809181826 44.77008098188598 46
1739809181833 41.908840253399305 47
1739809181859 39.93376089008349 48
1739809181875 41.50694642852342 49
1739809181892 40.301559673399254 50
1739809181898 39.321884459869835 51
1739809181915 36.80703943315938 52
1739809181932 35.93833973902586 53
1739809181948 33.775083827742456 54
1739809181965 35.78944758664391 55
1739809181983 34.59605933044431 56
1739809181997 32.04824586590798 57
1739809182014 32.88693416182488 58
1739809182031 33.14922023945844 59
1739809182049 29.33129510716348 60
1739809182064 30.207975600679475 61
1739809182081 30.10144939188813 62
1739809182098 27.8879684475893 63
1739809182110 28.084170804487574 64
1739809182128 25.55158997566423 65
1739809182143 25.23875897038211 66
1739809182147 25.712563129342183 67
1739809182174 25.925012973405348 68
1739809182189 22.77730134186178 69
1739809182201 23.99999131624434 70
1739809182212 23.49546992419355 71
1739809182238 22.26503214279956 72
1739809182252 22.30440451742279 73
1739809182267 20.816041555055836 74
1739809182285 20.83371539911534 75
1739809182301 20.01246363777053 76
1739809182316 19.9578487608719 77
1739809182330 19.340610411316405 78
1739809182343 19.44661134660717 79
1739809182360 19.889743928647878 80
1739809182370 18.264906760476133 81
1739809182390 18.694784494649788 82
1739809182405 15.354691010923556 83
1739809182420 17.72888149148726 84
1739809182434 16.57488974827164 85
1739809182449 16.09166291700777 86
1739809182464 16.6226828168545 87
1739809182479 16.08328463058121 88
1739809182494 15.234907124675408 89
1739809182508 15.469885751648853 90
1739809182523 13.707195623664992 91
1739809182538 13.900531223591797 92
1739809182553 14.11876489579161 93
1739809182569 14.13636611425726 94
1739809182583 12.368239017409747 95
1739809182599 12.840178769712825 96
1739809182614 12.470294147578697 97
1739809182629 12.466737127439671 98
1739809182644 12.362673098931795 99
1739809182658 12.506605838604749 100
1739809182674 11.531888630770903 101
1739809182689 11.964680487416274 102
1739809182703 11.41947625963577 103
1739809182718 11.33976452412337 104
1739809182732 10.783413304513154 105
1739809182749 10.969185961915677 106
1739809182764 10.570706483652456 107
1739809182779 10.208161645299654 108
1739809182793 8.998526323292731 109
1739809182808 10.416039937339892 110
1739809182824 9.583283072553295 111
1739809182839 9.499383778453145 112
1739809182855 9.184079495656766 113
1739809182864 8.363253636341621 114
1739809182880 8.75000660118436 115
1739809182897 8.673083969772748 116
1739809182913 8.312795961180784 117
1739809182928 8.38552686156935 118
1739809182942 8.46789657209781 119
1739809182957 8.564756934931067 120
1739809182973 7.961559720006473 121
1739809182987 7.319098772666394 122
1739809183001 7.271301424274983 123
1739809183016 7.117619605818409 124
1739809183030 7.212659274655283 125
1739809183045 7.281412780682179 126
1739809183061 6.863338977562101 127
1739809183073 6.624031506254303 128
1739809183082 6.8467599062101385 129
1739809183105 7.221043641028438 130
1739809183117 6.5140285342974575 131
1739809183138 7.178731346605589 132
1739809183152 6.152362882396858 133
1739809183166 6.147274242347919 134
1739809183182 6.5753362005146885 135
1739809183198 6.066262266905856 136
1739809183214 6.31627764919988 137
1739809183229 5.804817823958991 138
1739809183246 5.397319553924706 139
1739809183261 6.125461145134182 140
1739809183276 5.793955455604068 141
1739809183291 4.902963220338986 142
1739809183298 5.37340301547504 143
1739809183320 5.151129001931538 144
1739809183334 5.527457203363311 145
1739809183350 5.1963438071144 146
1739809183364 4.946419015098354 147
1739809183377 5.231318033564979 148
1739809183396 5.1723780003588296 149
1739809183411 4.667888000024004 150
1739809183427 4.457783417765142 151
1739809183441 4.465220956924858 152
1739809183452 4.409921856066186 153
1739809183469 4.418665651342054 154
1739809183484 5.063850977874614 155
1739809183500 4.624169468375444 156
1739809183514 4.315691968763128 157
1739809183529 4.401075702824141 158
1739809183535 4.355627841832605 159
1739809183559 4.226885831312918 160
1739809183574 4.547342413660263 161
1739809183589 4.092023311356875 162
1739809183603 4.135658584551922 163
1739809183617 4.182459381375006 164
1739809183630 3.547128010370261 165
1739809183646 3.934256313081982 166
1739809183646 3.6104423883504477 167
1739809183675 3.7319843383312907 168
1739809183692 3.7913441378577146 169
1739809183705 3.5516264248325626 170
1739809183722 3.8281041503303754 171
1739809183735 3.5380252670819927 172
1739809183753 3.883531699981581 173
1739809183768 3.687602950713645 174
1739809183781 3.4207142520783402 175
1739809183796 3.3980604877455884 176
1739809183811 3.3267902315207825 177
1739809183823 3.4816240101495235 178
1739809183839 3.254109010545157 179
1739809183855 3.49962391844202 180
1739809183869 3.4113277564880065 181
1739809183884 2.992222310384355 182
1739809183898 3.163101576688733 183
1739809183914 3.4730179422057734 184
1739809183914 3.278720861854903 185
1739809183940 3.0792597777249915 186
1739809183951 3.067932682664916 187
1739809183973 2.894180931121487 188
1739809183984 2.9937416194334596 189
1739809184004 2.899819919983598 190
1739809184019 2.6380028841719834 191
1739809184035 3.5437661386924333 192
1739809184049 3.092494957699824 193
1739809184064 3.049593198844955 194
1739809184078 2.79214886741999 195
1739809184090 3.1678479606578787 196
1739809184108 3.0285385975504133 197
1739809184123 2.460957930334235 198
1739809184138 2.680706052887332 199
1739809184152 2.675646467703613 200
1739809184167 2.8007403962371256 201
1739809184182 2.871856908927131 202
1739809184198 2.6919138711576465 203
1739809184213 2.6022829257775224 204
1739809184227 2.7347855572004964 205
1739809184242 2.595315785341874 206
1739809184251 2.8776855974044286 207
1739809184271 2.6139610646387417 208
1739809184285 2.5962986318537955 209
1739809184301 2.701074149434015 210
1739809184316 2.7468477027347866 211
1739809184331 2.3685347311747647 212
1739809184345 2.5747143366761542 213
1739809184357 2.395011179132699 214
1739809184375 2.598664384385683 215
1739809184397 2.473924047933303 216
1739809184412 2.5009020083409994 217
1739809184412 2.2194798659476103 218
1739809184429 2.2899947968663237 219
1739809184445 2.7524242014780196 220
1739809184461 2.365117069593095 221
1739809184487 2.1964567941491375 222
1739809184501 2.3168895940189462 223
1739809184517 2.167605018186599 224
1739809184536 2.35439888853739 225
1739809184555 2.154016005256677 226
1739809184572 2.2027313163292037 227
1739809184587 2.0738064718167197 228
1739809184597 2.8027265702665445 229
1739809184613 2.417633967677303 230
1739809184628 2.144357498228081 231
1739809184645 2.2801841383849033 232
1739809184659 1.859015959041124 233
1739809184675 2.319785261199392 234
1739809184690 2.2528304678457447 235
1739809184697 1.923219664905045 236
1739809184713 2.4064188039983967 237
1739809184731 1.970300129567216 238
1739809184749 2.1730230251536056 239
1739809184764 2.0469184520047783 240
1739809184781 1.9175376268172162 241
1739809184797 1.9976660239328243 242
1739809184815 2.1100530408583755 243
1739809184831 2.229157722713049 244
1739809184836 1.9211294546623123 245
1739809184851 2.312738634972524 246
1739809184877 1.8098222557271355 247
1739809184891 1.929714197588369 248
1739809184906 2.042863246404443 249
1739809184922 2.024080984899561 250
1739809184935 2.155282150470857 251
1739809184952 1.9311648021993184 252
1739809184968 1.9350294384264262 253
1739809184982 1.603309572698186 254
1739809184996 1.8111896662297282 255
1739809185011 1.8696247842278215 256
1739809185026 1.8480481583622954 257
1739809185042 1.9192097934562171 258
1739809185055 1.9201249858435043 259
1739809185069 2.034305474969207 260
1739809185084 1.636765445143637 261
1739809185099 2.2915524938979335 262
1739809185114 2.0176051362120506 263
1739809185130 1.8094141698658526 264
1739809185130 1.823902813333756 265
1739809185156 1.949124986441653 266
1739809185166 1.831342367663168 267
1739809185187 1.9431581672628127 268
1739809185193 1.9522151224588866 269
1739809185209 1.846536137119981 270
1739809185227 1.7725721519800002 271
1739809185250 1.9885287572217976 272
1739809185256 1.8372807780840155 273
1739809185278 1.8551900182020296 274
1739809185288 1.8372497987168988 275
1739809185310 1.9970370355154388 276
1739809185325 1.9043920467287339 277
1739809185339 1.7566064819756875 278
1739809185349 2.0049645246390777 279
1739809185368 1.9380895129060354 280
1739809185383 1.7069622886519131 281
1739809185397 1.6637557258757532 282
1739809185411 1.682817198773068 283
1739809185423 1.9917531854604575 284
1739809185430 1.7665921139975174 285
1739809185453 1.599142373762256 286
1739809185461 1.730939709025158 287
1739809185482 1.8850511975941326 288
1739809185498 1.848550280323162 289
1739809185514 1.8700062835068159 290
1739809185529 1.7501325895493451 291
1739809185544 1.7001263222021286 292
1739809185548 1.7107210400302366 293
1739809185571 1.77400528568357 294
1739809185580 1.9682830578011832 295
1739809185604 1.585462429850567 296
1739809185617 1.7955795796846874 297
1739809185635 1.884862040496577 298
1739809185651 1.8379193717106839 299
1739809185664 1.9028515803472057 300
1739809185680 1.7010405618905673 301
1739809185696 1.627303809098154 302
1739809185712 1.6120228234616913 303
1739809185726 1.7884746024309286 304
1739809185749 1.5559148160540204 305
1739809185751 1.5869369061965883 306
1739809185777 1.7511851379177972 307
1739809185786 1.5602054946204935 308
1739809185809 1.7330923491326733 309
1739809185819 1.791321715353821 310
1739809185840 1.731482314065942 311
1739809185855 1.6440033640443823 312
1739809185870 1.7995630453174516 313
1739809185884 1.5605829150995567 314
1739809185899 1.6872319509709381 315
1739809185915 1.5626361171543623 316
1739809185930 1.891166909074556 317
1739809185946 1.7758361803596978 318
1739809185962 1.8100057784081383 319
1739809185977 1.5575607329483483 320
1739809185991 1.5651918378078802 321
1739809185998 1.7013915361133547 322
1739809186018 1.466369888840195 323
1739809186035 1.811884101625361 324
1739809186051 1.741146938999508 325
1739809186065 1.7664047377384595 326
1739809186081 1.609429088703037 327
1739809186094 1.6277354285369172 328
1739809186108 1.6406105622889042 329
1739809186124 1.6051997007607843 330
1739809186141 1.738713205769394 331
1739809186156 1.3216280313127493 332
1739809186170 1.7087370793296561 333
1739809186185 1.638055870001474 334
1739809186202 1.6596674568344927 335
1739809186216 1.440728036183199 336
1739809186231 1.5670550715738834 337
1739809186247 1.5633476697685056 338
1739809186262 1.6787350259234106 339
1739809186278 1.4703179894383394 340
1739809186293 1.6598555101991137 341
1739809186309 1.504829950905419 342
1739809186323 1.6126243988652418 343
1739809186338 1.8441833278748465 344
1739809186352 1.59213250125095 345
1739809186366 1.6203522724088832 346
1739809186381 1.950202931127176 347
1739809186396 1.6464851115271733 348
1739809186411 1.5109158810707417 349
1739809186415 1.503620708846743 350
1739809186440 1.672862405143529 351
1739809186456 1.523194513111181 352
1739809186468 1.5541684153874333 353
1739809186480 1.4106537999664162 354
1739809186498 1.7939843640810889 355
1739809186511 1.5474501468298438 356
1739809186529 1.617516850951857 357
1739809186543 1.819341674557447 358
1739809186555 1.6559377456661724 359
1739809186574 1.7462813968654856 360
1739809186587 1.5698378077427788 361
1739809186603 1.49375713045162 362
1739809186616 1.8361915034287748 363
1739809186632 1.639235653617254 364
1739809186647 1.684173870032395 365
1739809186661 1.6385626104685265 366
1739809186673 1.5197542824446644 367
1739809186680 1.5272755354705445 368
1739809186704 1.6563762199128187 369
1739809186712 1.275234183649353 370
1739809186734 1.7340986195807755 371
1739809186744 1.5261989821742699 372
1739809186764 1.6885704400837565 373
1739809186776 1.6025068609285216 374
1739809186792 1.6798430080093834 375
1739809186808 1.7296844077598095 376
1739809186825 1.611943528870878 377
1739809186840 1.4406759605690003 378
1739809186854 1.8273280201465976 379
1739809186870 1.5757550811643133 380
1739809186884 1.5696575176198595 381
1739809186900 1.548759670322365 382
1739809186913 1.542389843763263 383
1739809186919 1.662908422244356 384
1739809186943 1.5379146268229225 385
1739809186958 1.5149917264769754 386
1739809186973 1.6788812532509767 387
1739809186988 1.444999508700725 388
1739809187003 1.7988314348457166 389
1739809187018 1.5066913417295675 390
1739809187031 1.7102325787198855 391
1739809187048 1.4611422742582292 392
1739809187062 1.4987954166433142 393
1739809187069 1.6441557929369126 394
1739809187093 1.627222711696313 395
1739809187105 1.6254077281959511 396
1739809187125 1.5780567278238256 397
1739809187140 1.416374696755891 398
1739809187152 1.5949694821983669 399
1739809187164 1.742231114558867 400
1739809187184 1.6629228663532187 401
1739809187199 1.6928591614501758 402
1739809187214 1.4413027369248785 403
1739809187216 1.3807654937582448 404
1739809187243 1.8057113064372172 405
1739809187257 1.3589215479717514 406
1739809187269 1.6655104226449424 407
1739809187283 1.6474204098839966 408
1739809187298 1.7341407604695893 409
1739809187312 1.6158179151060543 410
1739809187328 1.6764127311945811 411
1739809187344 1.4540189332458535 412
1739809187361 1.3898560629486085 413
1739809187376 1.6828773244375153 414
1739809187388 1.449489952383485 415
1739809187402 1.519705942916703 416
1739809187420 1.3976924441380978 417
1739809187435 1.480966423365322 418
1739809187450 1.5261326048182693 419
1739809187465 1.6194961417296048 420
1739809187479 1.623378732956174 421
1739809187494 1.5499394542740403 422
1739809187510 1.8234949991352571 423
1739809187515 1.5251394933415694 424
1739809187539 1.7784342326665377 425
1739809187554 1.4274188506859493 426
1739809187568 1.674978023614625 427
1739809187582 1.4386919967336478 428
1739809187596 1.535638494119309 429
1739809187610 1.4940716810870973 430
1739809187622 1.454793000081257 431
1739809187631 1.6858715000311444 432
1739809187653 1.5520162250576914 433
1739809187663 1.5749291057391062 434
1739809187682 1.57364313105101 435
1739809187695 1.5374631617212946 436
1739809187712 1.5503855916483713 437
1739809187726 1.6316905912877728 438
1739809187742 1.7453202461622614 439
1739809187761 1.6061275776297455 440
1739809187776 1.5010910030765283 441
1739809187782 1.5808196572354785 442
1739809187803 1.5537711044640568 443
1739809187818 1.41180230010669 444
