1739810132869 39.46553378681192 0
1739810132955 20.69857720672655 1
1739810133028 4.330795232379961 2
1739810133111 2.4017089330663524 3
1739810133194 2.470154024923077 4
1739810133302 0.9717164498411179 5
1739810133411 1.5287793932531075 6
1739810133502 2.171972331181165 7
1739810133590 0.6769802972783117 8
1739810133672 1.4522783235473538 9
1739810133752 0.8776062203172392 10
1739810133829 1.6207112559750274 11
1739810133906 1.7794618597494924 12
1739810133983 1.5618439667663628 13
1739810134065 1.7594127411625504 14
1739810134151 0.8943853264762559 15
1739810134241 0.8432955324949106 16
1739810134324 1.635112888564229 17
1739810134404 0.6682390221113127 18
1739810134481 1.3229833114128635 19
1739810134564 0.4195547630151548 20
1739810134649 1.03990063055894 21
1739810134727 0.8747929744470297 22
1739810134804 1.4618348512870332 23
1739810134879 3.196984581192376 24
1739810134954 0.40455323902698365 25
1739810135030 2.285869476828328 26
1739810135106 2.6803962164160233 27
1739810135177 1.4426778221988323 28
1739810135257 1.5966937192441417 29
1739810135335 2.0927684924940895 30
1739810135410 1.488216297473279 31
1739810135487 2.0582134394504688 32
1739810135564 1.4837197807277664 33
1739810135635 1.2817971486112292 34
1739810135717 2.429677911703843 35
1739810135799 2.730895192676662 36
1739810135880 0.43467078910753026 37
1739810135962 0.874383992267054 38
1739810136033 2.917104554339315 39
1739810136115 2.508380944691436 40
1739810136198 2.2304022815906697 41
1739810136267 1.094342993712148 42
1739810136359 2.512779445452156 43
1739810136432 2.8687994029111357 44
1739810136516 0.6854447295888393 45
1739810136606 1.8200783780054075 46
1739810136676 1.6799355054992604 47
1739810136762 2.802560540693551 48
1739810136856 1.8869676520860417 49
1739810136948 0.1087431972119899 50
1739810137033 2.3853799612851225 51
1739810137117 0.9926779230554089 52
1739810137199 1.8247979575112159 53
1739810137267 0.7512451769305029 54
1739810137349 1.409622393995424 55
1739810137442 1.6695564811894517 56
1739810137522 1.1014376770890344 57
1739810137599 0.39498469000345915 58
1739810137668 1.8330463639355778 59
1739810137755 1.073419274577696 60
1739810137844 2.399437053829951 61
1739810137925 2.1983828682171382 62
1739810138006 1.7149271743023662 63
1739810138081 2.0397327575483075 64
1739810138147 1.337022419707404 65
1739810138232 1.5200179872675386 66
