1739808996056 181.3496878326208 0
1739808996072 180.62347415917964 1
1739808996088 179.9003113517588 2
1739808996104 179.18018631108444 3
1739808996119 178.46308599477572 4
1739808996135 177.74899741709646 5
1739808996151 177.03790764870735 6
1739808996151 176.3298038164199 7
1739808996167 175.62467310295074 8
1739808996183 174.92250274667776 9
1739808996199 174.22328004139672 10
1739808996215 173.52699233607925 11
1739808996231 172.8336270346317 12
1739808996247 172.14317159565533 13
1739808996263 171.45561353220725 14
1739808996268 170.77094041156246 15
1739808996285 170.08913985497725 16
1739808996295 169.41019953745328 17
1739808996310 168.7341071875027 18
1739808996327 168.0608505869145 19
1739808996342 167.3904175705218 20
1739808996342 166.7227960259703 21
1739808996358 166.05797389348714 22
1739808996374 165.39593916565187 23
1739808996390 164.73667988716716 24
1739808996406 164.08018415463158 25
1739808996422 163.4264401163128 26
1739808996439 162.7754359719217 27
1739808996439 162.1271599723881 28
1739808996454 161.48160041963672 29
1739808996479 160.8387456663646 30
1739808996492 160.19858411581936 31
1739808996505 159.56110422157835 32
1739808996518 158.9262944873289 33
1739808996531 158.2941434666496 34
1739808996544 157.6646397627921 35
1739808996558 157.0377720284645 36
1739808996571 156.4135289656152 37
1739808996584 155.79189932521794 38
1739808996597 155.17287190705767 39
1739808996613 154.55643555951738 40
1739808996625 153.94257917936594 41
1739808996639 153.33129171154684 42
1739808996652 152.72256214896763 43
1739808996665 152.1163795322908 44
1739808996679 151.5127329497249 45
1739808996693 150.9116115368172 46
1739808996705 150.3130044762469 47
1739808996709 149.71690099761932 48
1739808996731 149.123290377261 49
1739808996744 148.53216193801572 50
1739808996759 147.94350504904142 51
1739808996773 147.3573091256079 52
1739808996785 146.77356362889563 53
1739808996798 146.19225806579527 54
1739808996812 145.61338198870797 55
1739808996826 145.0369249953468 56
1739808996837 144.4628767285389 57
1739808996854 143.89122687602858 58
1739808996868 143.32196517028112 59
1739808996881 142.75508138828764 60
1739808996895 142.1905653513705 61
1739808996909 141.62840692499026 62
1739808996922 141.06859601855237 63
1739808996932 140.51112258521582 64
1739808996950 139.95597662170192 65
1739808996976 139.40314816810417 66
1739808996998 138.85262730769907 67
1739808997010 138.30440416675737 68
1739808997035 137.7584689143566 69
1739808997058 137.2148117621942 70
1739808997076 136.6734229644014 71
1739808997089 136.13429281735802 72
1739808997105 135.59741165950823 73
1739808997107 135.0627698711767 74
1739808997131 134.53035787438597 75
1739808997144 134.0001661326744 76
1739808997157 133.47218515091512 77
1739808997168 132.9464054751353 78
1739808997184 132.42281769233688 79
1739808997200 131.90141243031758 80
1739808997208 131.38218035749287 81
1739808997216 130.86511218271875 82
1739808997245 130.3501986551152 83
1739808997259 129.83743056389054 84
1739808997269 129.32679873816647 85
1739808997285 128.81829404680383 86
1739808997302 128.31190739822927 87
1739808997315 127.80762974026248 88
1739808997327 127.30545205994456 89
1739808997343 126.80536538336648 90
1739808997343 126.307360775499 91
1739808997366 125.81142934002291 92
1739808997375 125.31756221916008 93
1739808997397 124.82575059350536 94
1739808997411 124.33598568185913 95
1739808997425 123.84825874106062 96
1739808997438 123.36256106582185 97
1739808997454 122.87888398856255 98
1739808997465 122.39721887924549 99
1739808997478 121.91755714521278 100
1739808997492 121.43989023102276 101
1739808997506 120.96420961828763 102
1739808997517 120.49050682551176 103
1739808997533 120.01877340793087 104
1739808997549 119.5490009573516 105
1739808997549 119.08118110199213 106
1739808997565 118.61530550632332 107
1739808997581 118.15136587091044 108
1739808997596 117.68935393225586 109
1739808997612 117.22926146264214 110
1739808997634 116.77108026997618 111
1739808997644 116.3148021976336 112
1739808997662 115.8604191243041 113
1739808997676 115.40792296383749 114
1739808997692 114.95730566509023 115
1739808997708 114.5085592117728 116
1739808997708 114.0616756222977 117
1739808997732 113.61664694962796 118
1739808997749 113.17346528112665 119
1739808997761 112.73212273840669 120
1739808997775 112.29261147718151 121
1739808997789 111.85492368711638 122
1739808997803 111.41905159168026 123
1739808997817 110.98498744799842 124
1739808997831 110.5527235467057 125
1739808997844 110.1222522118003 126
1739808997858 109.6935658004983 127
1739808997873 109.26665670308887 128
1739808997886 108.84151734278991 129
1739808997899 108.41814017560463 130
1739808997915 107.99651769017848 131
1739808997915 107.57664240765673 132
1739808997942 107.15850688154299 133
1739808997954 106.74210369755794 134
1739808997963 106.32742547349878 135
1739808997979 105.91446485909967 136
1739808997995 105.50321453589211 137
1739808998009 105.09366721706662 138
1739808998021 104.68581564733446 139
1739808998025 104.27965260279035 140
1739808998048 103.87517089077564 141
1739808998062 103.47236334974194 142
1739808998074 103.07122284911566 143
1739808998091 102.67174228916289 144
1739808998105 102.27391460085494 145
1739808998105 101.87773274573455 146
1739808998132 101.48318971578249 147
1739808998138 101.09027853328502 148
1739808998160 100.69899225070168 149
1739808998174 100.3093239505338 150
1739808998187 99.92126674519349 151
1739808998200 99.5348137768734 152
1739808998215 99.14995821741675 153
1739808998228 98.76669326818813 154
1739808998242 98.38501215994489 155
1739808998256 98.00490815270894 156
1739808998269 97.62637453563926 157
1739808998283 97.24940462690486 158
1739808998296 96.87399177355842 159
1739808998311 96.50012935141025 160
1739808998324 96.12781076490313 161
1739808998337 95.75702944698743 162
1739808998343 95.38777885899684 163
1739808998364 95.02005249052476 164
1739808998378 94.65384385930113 165
1739808998391 94.2891465110697 166
1739808998404 93.92595401946615 167
1739808998407 93.56425998589633 168
1739808998432 93.20405803941541 169
1739808998446 92.84534183660733 170
1739808998460 92.48810506146484 171
1739808998473 92.13234142527007 172
1739808998486 91.77804466647567 173
1739808998502 91.42520855058633 174
1739808998514 91.07382687004103 175
1739808998527 90.72389344409557 176
1739808998541 90.37540211870572 177
1739808998556 90.02834676641109 178
1739808998570 89.68272128621908 179
1739808998581 89.33851960348963 180
1739808998597 88.99573566982048 181
1739808998613 88.65436346293282 182
1739808998625 88.31439698655747 183
1739808998629 87.97583027032157 184
1739808998651 87.6386573696358 185
1739808998665 87.30287236558202 186
1739808998679 86.96846936480148 187
1739808998692 86.63544249938347 188
1739808998705 86.30378592675443 189
1739808998708 85.97349382956769 190
1739808998733 85.64456041559345 191
1739808998747 85.31697991760946 192
1739808998760 84.99074659329207 193
1739808998774 84.6658547251078 194
1739808998788 84.34229862020538 195
1739808998788 84.02007261030822 196
1739808998815 83.69917105160735 197
1739808998829 83.37958832465493 198
1739808998843 83.0613188342581 199
1739808998857 82.74435700937343 200
1739808998871 82.42869730300166 201
1739808998884 82.11433419208294 202
1739808998899 81.80126217739279 203
1739808998912 81.48947578343811 204
1739808998926 81.1789695583539 205
1739808998939 80.86973807380039 206
1739808998953 80.56177592486061 207
1739808998963 80.25507772993838 208
1739808998985 79.94963813065665 209
1739808999000 79.64545179175668 210
1739808999013 79.34251340099713 211
1739808999027 79.04081766905394 212
1739808999043 78.74035932942051 213
1739808999056 78.44113313830844 214
1739808999070 78.14313387454855 215
1739808999083 77.8463563394924 216
1739808999096 77.5507953569143 217
1739808999107 77.25644577291365 218
1739808999123 76.96330245581774 219
1739808999123 76.67136029608504 220
1739808999148 76.38061420620886 221
1739808999163 76.09105912062134 222
1739808999177 75.802689995598 223
1739808999191 75.51550180916277 224
1739808999205 75.22948956099313 225
1739808999219 74.94464827232599 226
1739808999232 74.66097298586381 227
1739808999245 74.37845876568117 228
1739808999258 74.09710069713172 229
1739808999266 73.81689388675572 230
1739808999287 73.53783346218755 231
1739808999298 73.25991457206416 232
1739808999315 72.98313238593356 233
1739808999329 72.70748209416381 234
1739808999345 72.43295890785244 235
1739808999357 72.15955805873628 236
1739808999370 71.88727479910148 237
1739808999377 71.61610440169432 238
1739808999398 71.346042159632 239
1739808999412 71.07708338631411 240
1739808999425 70.80922341533426 241
1739808999441 70.54245760039234 242
1739808999457 70.27678131520695 243
1739808999469 70.01218995342828 244
1739808999485 69.7486789285515 245
1739808999494 69.48624367383033 246
1739808999505 69.22487964219108 247
1739808999520 68.96458230614708 248
1739808999536 68.70534715771346 249
1739808999552 68.44716970832233 250
1739808999568 68.19004548873829 251
1739808999573 67.9339700489743 252
1739808999584 67.67893895820805 253
1739808999600 67.42494780469842 254
1739808999617 67.17199219570267 255
1739808999632 66.92006775739365 256
1739808999650 66.66917013477763 257
1739808999663 66.41929499161228 258
1739808999679 66.17043801032519 259
1739808999694 65.92259489193265 260
1739808999695 65.67576135595876 261
1739808999718 65.42993314035499 262
1739808999727 65.18510600142001 263
1739808999743 64.94127571371986 264
1739808999759 64.6984380700086 265
1739808999775 64.45658888114912 266
1739808999775 64.21572397603444 267
1739808999801 63.975839201509295 268
1739808999808 63.73693042229204 269
1739808999823 63.49899352089698 270
1739808999844 63.26202439755695 271
1739808999857 63.026018970146275 272
1739808999871 62.7909731741041 273
1739808999887 62.556882962357925 274
1739808999889 62.32374430524768 275
1739808999907 62.09155319044996 276
1739808999918 61.86030562290262 277
1739808999935 61.629997624729796 278
1739808999951 61.40062523516716 279
1739808999968 61.17218451048748 280
1739808999982 60.94467152392668 281
1739808999989 60.71808236560993 282
1739808999998 60.492413142478384 283
1739809000017 60.26765997821595 284
1739809000030 60.0438190131766 285
1739809000046 59.82088640431189 286
1739809000062 59.598858325098796 287
1739809000078 59.377730965467876 288
1739809000093 59.15750053173178 289
1739809000106 58.93816324651405 290
1739809000121 58.71971534867822 291
1739809000134 58.502153093257206 292
1739809000140 58.28547275138309 293
1739809000156 58.069670610217095 294
1739809000174 57.85474297287997 295
1739809000189 57.6406861583826 296
1739809000204 57.42749650155699 297
1739809000213 57.21517035298747 298
1739809000219 57.0037040789423 299
1739809000235 56.793094061305425 300
1739809000255 56.58333669750875 301
1739809000268 56.37442840046449 302
1739809000286 56.166365598497904 303
1739809000299 55.959144735280404 304
1739809000299 55.752762269762805 305
1739809000318 55.54721467610895 306
1739809000335 55.34249844362967 307
1739809000353 55.13861007671694 308
1739809000362 54.93554609477831 309
1739809000378 54.7333030321718 310
1739809000394 54.531877438140846 311
1739809000410 54.33126587674967 312
1739809000426 54.131464926818914 313
1739809000441 53.93247118186153 314
1739809000457 53.73428125001894 315
1739809000457 53.53689175399754 316
1739809000473 53.34029933100542 317
1739809000489 53.14450063268936 318
1739809000505 52.949492325072114 319
1739809000520 52.755271088490026 320
1739809000536 52.561833617530844 321
1739809000552 52.36917662097178 322
1739809000568 52.17729682171793 323
1739809000583 51.986190956740934 324
1739809000583 51.79585577701786 325
1739809000599 51.606288047470414 326
1739809000615 51.417484546904355 327
1739809000631 51.229442067949236 328
1739809000647 51.04215741699835 329
1739809000662 50.855627414149026 330
1739809000678 50.66984889314307 331
1739809000694 50.484818701307525 332
1739809000694 50.300533699495745 333
1739809000710 50.11699076202862 334
1739809000726 49.9341867766361 335
1739809000742 49.75211864439902 336
1739809000758 49.57078327969113 337
1739809000774 49.39017761012135 338
1739809000790 49.21029857647643 339
1739809000806 49.03114313266357 340
1739809000822 48.85270824565366 341
1739809000838 48.6749908954244 342
1739809000838 48.49798807490397 343
1739809000859 48.32169678991478 344
1739809000870 48.1461140591175 345
1739809000886 47.971236913955345 346
1739809000901 47.79706239859858 347
1739809000917 47.62358756988932 348
1739809000933 47.450809497286514 349
1739809000948 47.27872526281121 350
1739809000948 47.10733196099202 351
1739809000965 46.93662669881087 352
1739809000980 46.76660659564894 353
1739809000996 46.59726878323284 354
1739809001012 46.428610405581146 355
1739809001029 46.26062861895091 356
1739809001044 46.093320591784696 357
1739809001060 45.926683504657625 358
1739809001071 45.7607145502248 359
1739809001076 45.59541093316884 360
1739809001092 45.430769870147735 361
1739809001108 45.266788589742895 362
1739809001124 45.10346433240742 363
1739809001140 44.940794350414585 364
1739809001156 44.778775907806605 365
1739809001172 44.61740628034352 366
1739809001185 44.456682755452455 367
1739809001192 44.29660263217695 368
1739809001204 44.137163221126556 369
1739809001220 43.978361844426786 370
1739809001236 43.82019583566903 371
1739809001252 43.66266253986093 372
1739809001270 43.5057593133768 373
1739809001284 43.34948352390838 374
1739809001300 43.193832550415735 375
1739809001304 43.03880378307839 376
1739809001315 42.88439462324671 377
1739809001334 42.73060248339341 378
1739809001353 42.57742478706535 379
1739809001368 42.424858968835544 380
1739809001380 42.27290247425532 381
1739809001396 42.12155275980671 382
1739809001396 41.970807292855135 383
1739809001416 41.8206635516021 384
1739809001427 41.671119025038344 385
1739809001443 41.522171212896964 386
1739809001459 41.373817625606904 387
1739809001475 41.22605578424658 388
1739809001491 41.078883220497715 389
1739809001507 40.93229747659936 390
1739809001507 40.78629610530214 391
1739809001526 40.64087666982272 392
1739809001541 40.49603674379841 393
1739809001555 40.35177391124203 394
1739809001571 40.20808576649688 395
1739809001587 40.06496991419207 396
1739809001603 39.92242396919786 397
1739809001610 39.780445556581284 398
1739809001619 39.63903231156206 399
1739809001637 39.49818187946844 400
1739809001651 39.357891915693514 401
1739809001667 39.218160085651604 402
1739809001683 39.078984064734776 403
1739809001699 38.940361538269656 404
1739809001714 38.80229020147438 405
1739809001731 38.664767759415724 406
1739809001731 38.52779192696644 407
1739809001750 38.39136042876279 408
1739809001769 38.25547099916225 409
1739809001778 38.12012138220137 410
1739809001795 37.98530933155384 411
1739809001811 37.85103261048882 412
1739809001818 37.71728899182927 413
1739809001830 37.58407625791067 414
1739809001855 37.45139220053972 415
1739809001870 37.319234620953395 416
1739809001883 37.187601329778076 417
1739809001889 37.05649014698888 418
1739809001899 36.92589890186917 419
1739809001917 36.79582543297025 420
1739809001939 36.66626758807125 421
1739809001954 36.537223224139126 422
1739809001973 36.40869020728891 423
1739809001984 36.2806664127441 424
1739809002000 36.15314972479716 425
1739809002017 36.02613803677034 426
1739809002035 35.89962925097654 427
1739809002052 35.773621278680345 428
1739809002068 35.64811204005936 429
1739809002084 35.523099464165526 430
1739809002100 35.398581488886784 431
1739809002118 35.274556060908786 432
1739809002137 35.151021135676785 433
1739809002153 35.027974677357776 434
1739809002167 34.905414658802705 435
1739809002201 34.7833390615089 436
1739809002228 34.661745875582625 437
1739809002261 34.54063309970185 438
1739809002279 34.41999874107913 439
1739809002297 34.299840815424666 440
1739809002318 34.18015734690955 441
1739809002356 34.06094636812916 442
1739809002374 33.94220592006665 443
1739809002389 33.8239340520567 444
1739809002405 33.70612882174939 445
1739809002429 33.588788295074174 446
1739809002441 33.471910546204086 447
1739809002457 33.35549365752009 448
1739809002471 33.23953571957552 449
1739809002488 33.12403483106075 450
1739809002506 33.00898909876799 451
1739809002520 32.894396637556284 452
1739809002535 32.780255570316505 453
1739809002547 32.666564027936715 454
1739809002559 32.55332014926752 455
1739809002565 32.44052208108763 456
1739809002586 32.32816797806959 457
1739809002597 32.21625600274563 458
1739809002613 32.104784325473666 459
1739809002613 31.993751124403445 460
1739809002639 31.883154585442856 461
1739809002653 31.772992902224406 462
1739809002666 31.663264276071782 463
1739809002676 31.553966915966583 464
1739809002694 31.445099038515263 465
1739809002708 31.33665886791609 466
1739809002724 31.228644635926372 467
1739809002724 31.121054581829757 468
1739809002749 31.013886952403695 469
1739809002765 30.907140001887026 470
1739809002780 30.800811991947743 471
1739809002796 30.69490119165089 472
1739809002810 30.58940587742652 473
1739809002825 30.48432433303792 474
1739809002838 30.37965484954992 475
1739809002851 30.275395725297265 476
1739809002867 30.171545265853258 477
1739809002883 30.06810178399844 478
1739809002895 29.96506359968946 479
1739809002901 29.862429040028058 480
1739809002925 29.760196439230153 481
1739809002937 29.65836413859517 482
1739809002951 29.55693048647534 483
1739809002964 29.455893838245302 484
1739809002980 29.355252556271722 485
1739809002986 29.25500500988308 486
1739809003006 29.15514957533961 487
1739809003019 29.055684635803328 488
1739809003032 28.956608581308227 489
1739809003044 28.857919808730582 490
1739809003060 28.75961672175942 491
1739809003060 28.661697730867022 492
1739809003088 28.564161253279707 493
1739809003102 28.46700571294858 494
1739809003116 28.37022954052055 495
1739809003123 28.273831173309357 496
1739809003144 28.177809055266806 497
1739809003155 28.08216163695408 498
1739809003171 27.986887375513234 499
