1739809960488 0.3504819907006388 0
1739809960557 1.87334870516633 1
1739809960623 2.5433317163190234 2
1739809960690 0.6960087660106165 3
1739809960757 2.177780566764938 4
1739809960824 1.788113580499702 5
1739809960891 0.6113154671759148 6
1739809960958 1.6989922320909696 7
1739809961025 2.52174773526615 8
1739809961094 2.3000953548471563 9
1739809961161 3.065368667851374 10
1739809961230 0.4567238477194762 11
1739809961302 0.48090576733875745 12
1739809961376 1.4712181575854304 13
1739809961450 1.5591646771614232 14
1739809961526 0.3058743424911997 15
1739809961600 1.7343733350790511 16
1739809961676 2.770911891757161 17
1739809961754 2.372133005376008 18
1739809961834 3.878951889149178 19
1739809961896 1.060137770732107 20
1739809961976 0.07526819269167544 21
1739809962035 1.91077818962097 22
1739809962117 0.9385037712700051 23
1739809962185 1.6593060368915689 24
1739809962252 1.4727123834858753 25
1739809962319 2.856581754872883 26
1739809962393 0.8666578204617644 27
1739809962449 1.2159622262303218 28
1739809962514 0.7063779412949465 29
1739809962585 0.4243060526304057 30
1739809962669 1.1914809700804743 31
1739809962740 2.489598224889458 32
1739809962805 1.0395973837156565 33
1739809962887 1.4114394950442866 34
1739809962955 3.083395812425691 35
1739809963020 2.606138610744084 36
1739809963104 1.0968186741202484 37
1739809963174 2.886359362421767 38
1739809963237 2.008276567987427 39
1739809963316 0.007647694736286159 40
1739809963379 3.8102449452539533 41
1739809963473 1.8039458963817672 42
1739809963555 1.230353078800154 43
1739809963637 2.1464870295963756 44
1739809963703 2.3364234515159787 45
1739809963804 1.2253118590174268 46
1739809963865 1.0623851480472468 47
1739809963953 2.558893217789445 48
1739809964036 0.2683235247412991 49
1739809964104 0.6082753518468627 50
1739809964189 1.5613220551067621 51
1739809964260 2.1548436194546627 52
1739809964333 1.6206592442947254 53
1739809964406 0.9346224710105027 54
1739809964475 1.770873601935272 55
1739809964534 2.1545920393579334 56
1739809964611 2.047868418589997 57
1739809964679 1.367369558695429 58
1739809964750 0.26857735407802474 59
1739809964818 0.25985835546624136 60
1739809964891 1.1129560812279764 61
1739809964953 0.341148480220048 62
1739809965020 1.3042557958709298 63
1739809965097 2.0271465280491707 64
1739809965151 2.438914158830268 65
1739809965231 1.2486730319868153 66
1739809965294 2.1350611454600594 67
1739809965358 1.2020548157967468 68
1739809965437 1.5270463256067475 69
1739809965504 0.004322550916330175 70
1739809965563 0.9475175994594943 71
1739809965637 0.5763159426752343 72
1739809965728 1.692604166972028 73
1739809965799 0.9122281793690029 74
1739809965863 3.021684620416443 75
1739809965943 1.4379046679360732 76
1739809966007 0.913829409381969 77
1739809966071 0.5231340074346362 78
1739809966151 0.5420868739469609 79
1739809966214 0.7820475834289055 80
1739809966278 3.0716279535703506 81
1739809966341 1.7413791661191873 82
1739809966404 2.2342988798136734 83
1739809966483 2.0265307483269734 84
1739809966546 1.1806553203632137 85
1739809966610 1.4276304160193112 86
1739809966675 3.4558654916705516 87
1739809966754 1.756226086516418 88
1739809966824 1.077082442410763 89
1739809966882 3.0862927184306397 90
1739809966946 1.384681653644281 91
1739809967010 1.8700945728042797 92
1739809967090 1.6921765966020186 93
1739809967153 2.014088316709748 94
1739809967218 1.489443724446753 95
1739809967282 1.7754846840505893 96
1739809967346 1.4079172698626514 97
1739809967411 1.2822380144166634 98
1739809967491 2.556944095618174 99
1739809967555 1.7587054559927504 100
1739809967632 1.4111745280751016 101
1739809967700 1.9594104820684448 102
1739809967764 2.026167062646772 103
1739809967845 1.3568238495505054 104
1739809967914 1.1663067022423745 105
1739809967985 0.8433289414686863 106
1739809968065 3.0083817483283637 107
1739809968141 1.393085312089939 108
1739809968213 1.2266383348434373 109
1739809968281 0.8811195482293734 110
1739809968351 2.866993153922864 111
1739809968416 0.6389393174413933 112
1739809968479 2.836527498534882 113
1739809968552 1.1290638850071784 114
1739809968630 0.3555634461038024 115
1739809968685 1.5231485027832339 116
1739809968766 1.9406653581273454 117
1739809968834 1.1293956043881999 118
1739809968909 3.181473284667768 119
1739809968993 1.325405526796218 120
1739809969073 2.5804822106575362 121
1739809969150 1.2844791563669102 122
1739809969216 1.1796193804007586 123
1739809969292 2.3047140997250386 124
1739809969351 2.826282697325422 125
1739809969432 1.4816214666582352 126
1739809969500 0.006637494306459965 127
1739809969579 0.8519427418133702 128
1739809969650 1.5966713082205262 129
1739809969721 1.8054014050439962 130
1739809969785 1.811617495168659 131
1739809969849 2.589803442508872 132
1739809969928 0.48071788773586704 133
1739809969986 0.6049955135972996 134
1739809970075 1.2977206720961052 135
1739809970136 1.3397501456752128 136
1739809970222 2.8479518307117453 137
1739809970285 0.993162370576195 138
1739809970372 1.2187298580931427 139
1739809970435 1.4067313153721877 140
1739809970516 1.2412309682897298 141
1739809970584 0.8348414805857783 142
1739809970652 0.9706124734212792 143
1739809970719 0.8575994871489498 144
1739809970784 1.57283525697552 145
1739809970852 0.9325592135204598 146
1739809970933 2.502266193010458 147
1739809971001 1.1682656824778368 148
1739809971071 1.191087711098961 149
1739809971133 2.3135277676286288 150
1739809971210 1.215630327210964 151
1739809971269 1.2346253919104384 152
1739809971334 0.7676473296563822 153
1739809971414 0.15542071494649284 154
1739809971477 0.8384368929038745 155
1739809971542 0.45882262847034744 156
1739809971603 2.1238799943703492 157
1739809971668 1.7079859138260385 158
1739809971748 0.05887106682699993 159
1739809971812 1.2681665047239736 160
1739809971876 2.1426641410787295 161
1739809971939 1.6241695029043832 162
1739809972003 1.0886450119201956 163
1739809972082 0.125985933996553 164
1739809972137 1.4784416574755799 165
1739809972217 1.7829385209225568 166
1739809972286 1.4198139814297728 167
1739809972361 0.6881489597398768 168
1739809972424 1.9422475131751433 169
1739809972503 1.5046920305214873 170
1739809972577 0.8072623872020145 171
1739809972645 1.532060772175509 172
1739809972702 1.5578237832084596 173
1739809972781 2.901658647650182 174
1739809972845 1.3998944291109492 175
1739809972909 0.6711091076405663 176
1739809972971 1.2125142516663905 177
1739809973051 0.2948089025650128 178
1739809973115 1.0684796392662959 179
1739809973187 0.14908790473778694 180
1739809973261 2.746868311853641 181
1739809973321 1.652246902310466 182
1739809973406 0.8550399159043046 183
1739809973469 0.9835235986912392 184
1739809973537 0.06887286968112964 185
1739809973614 1.8042719306043538 186
1739809973669 1.0764574646094274 187
1739809973749 1.2994541591616415 188
1739809973823 0.048147081287160984 189
1739809973887 0.48492391731245826 190
1739809973967 0.9165925793990858 191
1739809974035 1.4476597636732698 192
1739809974099 1.1874159899580734 193
1739809974169 0.8586585593240853 194
1739809974226 2.3638541687410055 195
1739809974304 1.6658641422225653 196
1739809974368 2.043945961892188 197
1739809974445 1.32033979233996 198
1739809974520 2.068279784738134 199
1739809974598 1.704608960858887 200
1739809974664 1.3247211863742436 201
1739809974748 2.6661045495787454 202
1739809974820 1.7274811139290684 203
1739809974887 0.9114159272967179 204
1739809974962 1.0848616574897538 205
1739809975019 2.373998647522524 206
1739809975097 2.3990687867297154 207
1739809975167 0.8971546313115593 208
1739809975237 3.043924792836098 209
1739809975304 1.949857047328043 210
1739809975367 0.0005293712432427073 211
1739809975431 0.8333058617296005 212
1739809975517 0.865717012488485 213
1739809975582 3.255849322891804 214
1739809975654 1.4515722734723173 215
1739809975732 0.9139912950178739 216
1739809975787 0.49538375128874607 217
1739809975868 0.8765153412835317 218
1739809975936 1.1028882083358615 219
1739809976000 0.5687022410389024 220
1739809976063 1.3164196764449079 221
1739809976127 2.017374062835456 222
1739809976210 1.066128951313615 223
1739809976269 1.4875840941721836 224
1739809976338 1.2216437229561823 225
1739809976401 2.9513229312820566 226
1739809976487 2.0226968914346624 227
1739809976550 1.1972668205882497 228
1739809976627 0.8585520583309164 229
1739809976686 0.9936979443165631 230
1739809976771 0.37529510710452474 231
1739809976844 1.492042325905599 232
