1739809624979 30.442861174034817 0
1739809625043 12.768246017474363 1
1739809625106 2.4705195029070124 2
1739809625186 2.714325326473555 3
1739809625265 0.5799710024160608 4
1739809625344 1.010920617761875 5
1739809625439 2.4084545697599755 6
1739809625519 1.332325926174831 7
1739809625598 0.23173639309792168 8
1739809625678 4.076418469211768 9
1739809625760 0.6848750266756573 10
1739809625838 1.1402409612549895 11
1739809625916 1.2212467029987413 12
1739809625999 1.4919164444578479 13
1739809626074 1.9717658162267686 14
1739809626139 0.9804798608688616 15
1739809626218 2.1749173595078304 16
1739809626313 0.22685626042186594 17
1739809626393 1.6229056541191944 18
1739809626474 2.034036567859184 19
1739809626536 0.5274256062326561 20
1739809626599 1.7661871031368972 21
1739809626678 2.008555253439393 22
1739809626744 1.3770955068832098 23
1739809626806 0.9418892223814977 24
1739809626886 0.7045433236578033 25
1739809626950 2.1688482059958054 26
1739809627014 1.603706106765106 27
1739809627095 0.7172104636384167 28
1739809627157 2.380684074879929 29
1739809627221 1.0582924859341272 30
1739809627300 3.469168180805661 31
1739809627363 1.9378689548138828 32
1739809627427 2.53489048979192 33
1739809627491 2.562105958108347 34
1739809627571 2.3985698382082017 35
1739809627635 2.0669159319046226 36
1739809627699 3.388075241483985 37
1739809627779 2.597321311961267 38
1739809627842 0.3183716775843489 39
1739809627922 1.3827052650180967 40
1739809628001 1.923251148975078 41
1739809628081 1.4208309384431186 42
1739809628170 2.6328966205684776 43
1739809628238 1.8454941061406624 44
1739809628319 2.4455601637253803 45
1739809628396 1.6168884425096814 46
1739809628476 0.6985346333365517 47
1739809628555 2.8823310934059556 48
1739809628635 0.9716332327474932 49
1739809628713 0.3942206301293968 50
1739809628792 0.5192076583713564 51
1739809628856 1.277995840660052 52
1739809628936 3.540204774834969 53
1739809629015 1.6335035999848084 54
1739809629078 1.3750339887172742 55
1739809629158 1.7986469938375353 56
1739809629238 0.9768964199595788 57
1739809629317 0.5620694334349028 58
1739809629381 1.8756054248148841 59
1739809629460 0.14607929100412723 60
1739809629540 1.251857980519164 61
1739809629604 2.5881174339017 62
1739809629683 1.6890771572772134 63
1739809629762 1.4356984038676888 64
1739809629841 1.0847099336953805 65
1739809629920 0.5195484440676751 66
1739809629999 0.8971260250508488 67
1739809630062 2.07852137954767 68
1739809630141 2.1604657655711184 69
1739809630231 1.9766816492559194 70
1739809630314 3.1804325680908136 71
1739809630392 0.2703810595114188 72
1739809630470 0.6576729454296877 73
1739809630564 0.6264053827409659 74
1739809630643 1.5220337656395124 75
1739809630722 2.1758617483017924 76
1739809630800 0.6403147104028019 77
1739809630864 0.28282558431391785 78
1739809630948 1.7672542955945545 79
1739809631009 2.6905772354252733 80
1739809631073 0.41865629705225244 81
1739809631153 0.18262257415028826 82
1739809631216 2.0445441726843137 83
1739809631280 1.472469180057615 84
1739809631344 2.385284050070309 85
1739809631424 2.467137681985962 86
1739809631494 1.8803026939142489 87
1739809631551 1.1981885812365252 88
1739809631614 1.384209612778721 89
1739809631694 1.1227525499742819 90
1739809631757 0.4457965707719618 91
1739809631822 1.3279208567358955 92
1739809631885 1.849016559528701 93
1739809631949 2.9089015469787243 94
1739809632028 2.2527562224811764 95
1739809632091 1.779367572562065 96
1739809632155 1.698355760160618 97
1739809632219 0.650647954565783 98
1739809632283 1.165054986388425 99
1739809632362 1.6556740553982288 100
1739809632425 0.9122852944736327 101
1739809632504 1.4298027860543576 102
1739809632576 0.9353411197510854 103
1739809632648 0.9130084709411014 104
1739809632710 0.8225401073400643 105
1739809632789 0.6264587751690123 106
1739809632854 1.177641331039959 107
1739809632915 0.7829938074863554 108
1739809632995 2.81535177886624 109
1739809633059 0.927860605202942 110
1739809633123 0.1353560124900912 111
1739809633187 1.7771042011939695 112
1739809633250 2.037565478566032 113
1739809633330 1.2955657951178892 114
1739809633393 1.5489535749310315 115
1739809633457 0.7007291087715565 116
1739809633520 0.8109958665058813 117
1739809633599 1.4902150774549767 118
1739809633662 1.2042915335430944 119
1739809633726 1.1564353171839294 120
1739809633790 0.9608410690263068 121
1739809633869 4.734693982461714 122
1739809633932 2.6411653787629508 123
1739809633996 1.92121307548172 124
1739809634061 1.3051352102252016 125
1739809634125 1.3301988418287582 126
1739809634204 1.8659232943854553 127
1739809634267 1.3870805215829618 128
1739809634331 0.871275833927546 129
1739809634394 0.7479154180702643 130
1739809634458 2.517041835191053 131
1739809634537 0.7240771293977948 132
1739809634601 0.7784480887132554 133
1739809634673 3.097287154926806 134
1739809634744 2.0122980849614 135
1739809634807 0.8578949204420114 136
1739809634890 2.126654523530509 137
1739809634952 0.7975537804485084 138
1739809635016 1.3012935241385086 139
1739809635095 1.0728502502981392 140
1739809635159 1.305693383188733 141
1739809635223 0.7742434187715485 142
1739809635286 0.9908289767320342 143
1739809635349 0.13558182258072576 144
1739809635429 0.7489651422296304 145
1739809635492 1.0781731473366145 146
1739809635556 3.033853956358416 147
1739809635635 1.5547771826845762 148
1739809635699 1.3443771931217452 149
1739809635763 2.4467590079921435 150
1739809635828 1.1746115312023087 151
1739809635907 1.2900068156066056 152
1739809635971 2.066008197116853 153
1739809636034 0.13345484635086977 154
1739809636098 1.8499169683130836 155
1739809636161 0.22365572297706074 156
1739809636241 2.1778267570794165 157
1739809636305 0.5918960004118556 158
1739809636368 1.389550721948914 159
1739809636447 0.9688561998040353 160
1739809636511 0.07588128952657272 161
1739809636577 1.7664472731415728 162
1739809636640 2.325823169211273 163
1739809636704 3.3349773297252203 164
1739809636784 0.6681033130866826 165
1739809636856 0.9597458689263574 166
1739809636927 1.7142381570713874 167
1739809636991 0.7482519173653736 168
1739809637071 2.596100251240532 169
1739809637135 0.6572702302825403 170
1739809637198 1.7804086466079694 171
1739809637278 1.8115160671069548 172
1739809637341 1.1387086148417145 173
1739809637405 0.4835982283148496 174
1739809637468 1.0496861472796655 175
1739809637548 1.5773612855196246 176
1739809637611 0.7231241551976402 177
1739809637675 1.6018734781803634 178
1739809637739 0.7250156422235916 179
1739809637818 1.7404424620870598 180
1739809637882 0.82744461713372 181
1739809637950 2.676812419030399 182
1739809638009 1.9248442989053303 183
1739809638089 0.8119655552706012 184
1739809638153 2.4606163728699175 185
1739809638216 2.066241395244707 186
1739809638279 2.1235796644019422 187
1739809638359 1.64212495813385 188
1739809638422 1.9396618146010722 189
1739809638486 0.012169381215822254 190
1739809638550 0.7316771965345399 191
1739809638629 1.2747640278354984 192
1739809638692 1.9541092512354021 193
1739809638756 1.6078037821236775 194
1739809638820 3.249732517889707 195
1739809638898 1.541368569705821 196
1739809638962 1.5778274808838741 197
1739809639035 2.6789914887891517 198
1739809639108 0.5069159649974277 199
1739809639169 1.7173164219567805 200
1739809639247 1.04287909517672 201
1739809639311 1.8482585134047127 202
1739809639375 0.907803547374489 203
1739809639454 1.3108432699316555 204
1739809639517 2.696346457439765 205
1739809639582 0.6174410974109323 206
1739809639645 3.0265821567853757 207
1739809639709 1.220500872765568 208
1739809639788 0.13401720523278174 209
1739809639852 0.054872788789571636 210
1739809639916 0.6761852538520953 211
1739809639980 0.4783359960627719 212
1739809640059 0.27997133513071715 213
1739809640122 1.4858105575888871 214
1739809640186 1.2195519824406449 215
1739809640250 1.7803420301195132 216
1739809640329 0.5756508290790329 217
1739809640393 1.3183860625616042 218
1739809640456 0.8107558682277751 219
1739809640521 0.9391383555383397 220
1739809640584 1.5179471554251007 221
1739809640664 1.245049342519281 222
1739809640728 1.4360259795963612 223
1739809640791 1.3197616288869911 224
1739809640855 1.1524961077640288 225
1739809640918 0.969563597957636 226
1739809640998 1.4227175206713203 227
1739809641069 1.039952282186453 228
1739809641125 2.2376474985742965 229
1739809641207 0.8473131242031301 230
1739809641267 2.8919676406717483 231
1739809641354 0.4681090194503263 232
1739809641425 1.91935967062796 233
1739809641505 1.5066131846821975 234
1739809641568 0.3648773027400797 235
1739809641631 1.0366758523787596 236
1739809641711 0.46274354512067506 237
1739809641775 0.7258010594219465 238
1739809641839 2.450779203881965 239
1739809641902 1.1861739187220326 240
1739809641966 1.6176311218257295 241
1739809642046 1.0407970377342919 242
1739809642110 0.5968134258043513 243
1739809642174 3.8709661433337286 244
1739809642253 1.3821095656499405 245
1739809642316 0.6996589806900901 246
1739809642379 1.0252387227524529 247
1739809642443 1.1899183085144904 248
1739809642523 0.8922843452499347 249
1739809642592 0.967281940200494 250
1739809642657 2.63708013074982 251
1739809642723 0.6171974673246995 252
1739809642790 0.9078819493000453 253
1739809642857 0.9960132916498998 254
1739809642917 2.3717911701793284 255
1739809642993 2.13670911449115 256
1739809643062 0.5906223097818568 257
1739809643129 0.8205524352283857 258
1739809643194 1.143458649739329 259
1739809643264 0.41016653350093 260
1739809643331 2.18381280457352 261
1739809643400 0.11928173741485258 262
1739809643471 2.5418044093386443 263
1739809643545 1.444628146080117 264
1739809643615 1.4744941974414896 265
1739809643685 1.6381000103805976 266
1739809643754 1.0338138117993882 267
1739809643825 1.347135766197411 268
1739809643892 0.9785659863073541 269
1739809643959 2.620275335268967 270
1739809644028 2.1888756774172897 271
1739809644097 0.8212716212785829 272
1739809644162 2.575978589844309 273
1739809644231 1.2802484465773711 274
1739809644293 1.4437280938372992 275
1739809644356 0.12165852296275809 276
1739809644419 2.6209381569284065 277
1739809644499 0.44048104521864384 278
1739809644563 2.7968582231781345 279
1739809644627 0.6787593223657099 280
1739809644702 2.7549854859993395 281
1739809644770 0.4459571959689168 282
1739809644834 0.3595207312314271 283
1739809644897 4.61971382617814 284
1739809644961 1.8910135499516414 285
1739809645042 2.162148979332879 286
1739809645104 0.8545214308075346 287
1739809645182 0.7604192057908526 288
1739809645247 4.710284444693283 289
1739809645312 0.903476531874548 290
1739809645377 2.3357616262085448 291
1739809645440 2.544395603846418 292
1739809645523 0.7541564577405343 293
1739809645594 0.5224142632949622 294
1739809645661 0.5622370518287839 295
1739809645741 1.2036587750286538 296
1739809645804 1.4237172818880333 297
1739809645884 2.247309723112306 298
1739809645947 1.268905317598705 299
1739809646010 0.9059976475942467 300
1739809646090 1.4991787160001044 301
1739809646154 2.1100426944694495 302
1739809646235 1.7664273635028156 303
1739809646299 1.7551794302967318 304
1739809646364 2.7551000994582293 305
1739809646426 1.8834434594241276 306
1739809646505 2.1943494648087047 307
1739809646568 1.0834321360899641 308
1739809646633 2.240591471581707 309
1739809646696 2.036555604824966 310
1739809646776 0.42417449565624893 311
1739809646839 1.9161113405218808 312
1739809646902 1.3633116674346764 313
1739809646966 1.9275015160702105 314
1739809647045 1.3103487608801798 315
1739809647109 1.446528346023214 316
1739809647184 0.9475130981064446 317
1739809647251 0.7866498483591072 318
1739809647315 1.2087575059477111 319
