1739808910676 169.34901212942756 0
1739808910690 162.65594969454128 1
1739808910705 162.13947912025992 2
1739808910721 161.50449545990708 3
1739808910721 160.8745081732527 4
1739808910737 160.2470605615234 5
1739808910753 159.62219017918383 6
1739808910769 158.99988523979138 7
1739808910784 158.38013498099343 8
1739808910800 157.76292866694016 9
1739808910800 157.1482556078412 10
1739808910816 156.53610515937854 11
1739808910832 155.92646672251996 12
1739808910848 155.31932974332457 13
1739808910863 154.71468371275003 14
1739808910880 154.11251816646006 15
1739808910895 153.5128226846333 16
1739808910911 152.91558689177242 17
1739808910911 152.32080045651466 18
1739808910927 151.72845309144245 19
1739808910942 151.13853455289575 20
1739808910975 150.5510346407844 21
1739808910990 149.96594319840165 22
1739808910990 149.38325011223836 23
1739808911006 148.80294531179825 24
1739808911022 148.2250187694135 25
1739808911038 147.6494605000617 26
1739808911054 147.07626056118303 27
1739808911070 146.5054090524986 28
1739808911086 145.93689611582943 29
1739808911086 145.37071193491613 30
1739808911101 144.80684673523976 31
1739808911117 144.24529078384273 32
1739808911133 143.68603438915127 33
1739808911149 143.12906790079793 34
1739808911165 142.57438170944565 35
1739808911181 142.02196624661158 36
1739808911181 141.4718119844927 37
1739808911197 140.9239094357914 38
1739808911212 140.3782491535422 39
1739808911230 139.83482173093924 40
1739808911244 139.2936178011641 41
1739808911260 138.75462803721499 42
1739808911276 138.21784315173605 43
1739808911291 137.68325389684784 44
1739808911291 137.1508510639784 45
1739808911307 136.62062548369488 46
1739808911323 136.09256802553614 47
1739808911339 135.566669597846 48
1739808911355 135.04292114760696 49
1739808911371 134.5213136602752 50
1739808911387 134.00183815961566 51
1739808911403 133.48448570753808 52
1739808911403 132.96924740393393 53
1739808911419 132.4561143865139 54
1739808911435 131.94507783064577 55
1739808911451 131.43612894919363 56
1739808911467 130.92925899235726 57
1739808911484 130.42445924751226 58
1739808911500 129.92172103905125 59
1739808911500 129.42103572822523 60
1739808911516 128.922394712986 61
1739808911531 128.42578942782916 62
1739808911551 127.93121134363757 63
1739808911563 127.43865196752584 64
1739808911579 126.94810284268529 65
1739808911595 126.45955554822949 66
1739808911595 125.97300169904067 67
1739808911611 125.48843294561672 68
1739808911627 125.00584097391862 69
1739808911643 124.52521750521899 70
1739808911659 124.04655429595084 71
1739808911675 123.56984313755723 72
1739808911691 123.09507585634142 73
1739808911707 122.62224431331781 74
1739808911707 122.1513404040635 75
1739808911722 121.68235605857025 76
1739808911743 121.21528324109751 77
1739808911754 120.75011395002564 78
1739808911770 120.28684021771004 79
1739808911786 119.82545411033578 80
1739808911802 119.36594772777302 81
1739808911802 118.90831320343273 82
1739808911818 118.45254270412339 83
1739808911834 117.99862842990797 84
1739808911850 117.54656261396195 85
1739808911866 117.0963375224315 86
1739808911882 116.64794545429247 87
1739808911898 116.20137874121004 88
1739808911898 115.75662974739889 89
1739808911913 115.313690869484 90
1739808911929 114.87255453636209 91
1739808911945 114.43321320906347 92
1739808911961 113.99565938061471 93
1739808911980 113.55988557590184 94
1739808911993 113.12588435153408 95
1739808912009 112.69364829570804 96
1739808912025 112.2631700280729 97
1739808912040 111.83444219959568 98
1739808912040 111.40745749242747 99
1739808912056 110.98220861976998 100
1739808912072 110.55868832574289 101
1739808912088 110.13688938525151 102
1739808912104 109.7168046038552 103
1739808912120 109.29842681763638 104
1739808912136 108.88174889306985 105
1739808912136 108.46676372689302 106
1739808912152 108.05346424597647 107
1739808912168 107.64184340719495 108
1739808912184 107.23189419729935 109
1739808912200 106.82360963278883 110
1739808912216 106.4169827597837 111
1739808912232 106.01200665389864 112
1739808912248 105.60867442011683 113
1739808912248 105.20697919266419 114
1739808912264 104.80691413488456 115
1739808912279 104.40847243911506 116
1739808912295 104.0116473265622 117
1739808912311 103.61643204717852 118
1739808912327 103.22281987953966 119
1739808912343 102.83080413072204 120
1739808912359 102.44037813618097 121
1739808912359 102.05153525962943 122
1739808912375 101.6642688929172 123
1739808912393 101.2785724559107 124
1739808912407 100.89443939637316 125
1739808912423 100.51186318984536 126
1739808912439 100.13083733952699 127
1739808912455 99.75135537615841 128
1739808912455 99.37341085790291 129
1739808912471 98.99699737022952 130
1739808912486 98.62210852579639 131
1739808912502 98.2487379643344 132
1739808912518 97.87687935253169 133
1739808912534 97.50652638391834 134
1739808912550 97.1376727787516 135
1739808912550 96.77031228390183 136
1739808912565 96.40443867273865 137
1739808912581 96.0400457450178 138
1739808912598 95.67712732676829 139
1739808912613 95.31567727018012 140
1739808912629 94.95568945349268 141
1739808912645 94.59715778088326 142
1739808912661 94.24007618235623 143
1739808912661 93.88443861363277 144
1739808912677 93.53023905604097 145
1739808912697 93.17747151640641 146
1739808912714 92.82613002694316 147
1739808912728 92.47620864514546 148
1739808912741 92.12770145367953 149
1739808912754 91.78060256027621 150
1739808912765 91.43490609762371 151
1739808912771 91.09060622326112 152
1739808912787 90.74769711947216 153
1739808912803 90.40617299317952 154
1739808912820 90.06602807583965 155
1739808912835 89.72725662333784 156
1739808912851 89.38985291588389 157
1739808912852 89.05381125790834 158
1739808912867 88.71912597795887 159
1739808912884 88.38579142859729 160
1739808912899 88.05380198629709 161
1739808912915 87.72315205134112 162
1739808912931 87.39383604772007 163
1739808912946 87.0658484230311 164
1739808912946 86.73918364837706 165
1739808912962 86.41383621826613 166
1739808912978 86.08980065051173 167
1739808912994 85.76707148613319 168
1739808913010 85.44564328925641 169
1739808913026 85.12551064701542 170
1739808913042 84.8066681694539 171
1739808913042 84.4891104894275 172
1739808913058 84.1728322625064 173
1739808913074 83.85782816687825 174
1739808913090 83.54409290325158 175
1739808913111 83.23162119475978 176
1739808913121 82.92040778686521 177
1739808913137 82.61044744726382 178
1739808913153 82.30173496579036 179
1739808913169 81.99426515432374 180
1739808913169 81.68803284669298 181
1739808913184 81.3830328985834 182
1739808913200 81.0792601874434 183
1739808913216 80.77670961239151 184
1739808913232 80.47537609412385 185
1739808913248 80.17525457482203 186
1739808913264 79.87634001806144 187
1739808913280 79.57862740871981 188
1739808913280 79.28211175288654 189
1739808913296 78.98678807777172 190
1739808913312 78.69265143161643 191
1739808913328 78.39969688360269 192
1739808913343 78.10791952376407 193
1739808913359 77.8173144628968 194
1739808913375 77.52787683247114 195
1739808913391 77.23960178454293 196
1739808913407 76.95248449166601 197
1739808913407 76.6665201468046 198
1739808913422 76.38170396324611 199
1739808913438 76.09803117451455 200
1739808913454 75.81549703428401 201
1739808913470 75.53409681629279 202
1739808913486 75.25382581425775 203
1739808913502 74.97467934178894 204
1739808913517 74.69665273230486 205
1739808913517 74.41974133894774 206
1739808913533 74.1439405344996 207
1739808913549 73.86924571129829 208
1739808913565 73.595652281154 209
1739808913582 73.32315567526632 210
1739808913597 73.05175134414137 211
1739808913613 72.7814347575095 212
1739808913629 72.51220140424326 213
1739808913629 72.2440467922757 214
1739808913645 71.97696644851895 215
1739808913661 71.7109559187835 216
1739808913677 71.44601076769727 217
1739808913693 71.1821265786255 218
1739808913709 70.91929895359088 219
1739808913725 70.65752351319371 220
1739808913741 70.3967958965329 221
1739808913741 70.13711176112687 222
1739808913757 69.87846678283508 223
1739808913773 69.62085665577972 224
1739808913789 69.36427709226788 225
1739808913805 69.10872382271393 226
1739808913821 68.85419259556231 227
1739808913837 68.60067917721054 228
1739808913853 68.3481793519328 229
1739808913864 68.09668892180352 230
1739808913869 67.84620370662155 231
1739808913885 67.59671954383458 232
1739808913901 67.34823228846375 233
1739808913917 67.10073781302884 234
1739808913933 66.8542320074736 235
1739808913949 66.60871077909135 236
1739808913965 66.36417005245117 237
1739808913965 66.12060576932402 238
1739808913981 65.87801388860953 239
1739808913997 65.63639038626293 240
1739808914013 65.39573125522229 241
1739808914029 65.15603250533611 242
1739808914045 64.91729016329124 243
1739808914061 64.67950027254106 244
1739808914061 64.44265889323398 245
1739808914077 64.20676210214229 246
1739808914093 63.971805992591236 247
1739808914108 63.73778667438851 248
1739808914124 63.50470027375391 249
1739808914140 63.2725429332494 250
1739808914156 63.041310811709465 251
1739808914172 62.81100008417171 252
1739808914172 62.58160694180776 253
1739808914188 62.35312759185452 254
1739808914204 62.125558257545705 255
1739808914221 61.89889517804362 256
1739808914237 61.673134608371235 257
1739808914253 61.448272819344645 258
1739808914269 61.22430609750568 259
1739808914285 61.00123074505497 260
1739808914285 60.7790430797851 261
1739808914300 60.55773943501419 262
1739808914317 60.33731615951984 263
1739808914333 60.11776961747301 264
1739808914349 59.89909618837263 265
1739808914365 59.681292266980144 266
1739808914380 59.46435426325456 267
1739808914380 59.248278602287606 268
1739808914396 59.03306172423929 269
1739808914412 58.81870008427366 270
1739808914428 58.60519015249489 271
1739808914444 58.39252841388364 272
1739808914460 58.18071136823358 273
1739808914476 57.9697355300884 274
1739808914482 57.759597428678845 275
1739808914492 57.550293607860205 276
1739808914508 57.34182062605 277
1739808914524 57.1341750561659 278
1739808914540 56.92735348556399 279
1739808914556 56.72135251597725 280
1739808914572 56.51616876345429 281
1739808914572 56.31179885829837 282
1739808914588 56.10823944500666 283
1739808914603 55.90548718220986 284
1739808914619 55.70353874261186 285
1739808914635 55.50239081292988 286
1739808914651 55.3020400938348 287
1739808914667 55.10248329989163 288
1739808914683 54.903717159500445 289
1739808914699 54.70573841483733 290
1739808914699 54.50854382179583 291
1739808914715 54.31213014992849 292
1739808914731 54.11649418238861 293
1739808914747 53.921632715872406 294
1739808914763 53.7275425605613 295
1739808914779 53.53422054006452 296
1739808914794 53.34166349136187 297
1739808914810 53.14986826474685 298
1739808914810 52.9588317237699 299
1739808914826 52.76855074518201 300
1739808914842 52.57902221887847 301
1739808914858 52.39024304784292 302
1739808914873 52.20221014809164 303
1739808914891 52.01492044861801 304
1739808914904 51.828370891337265 305
1739808914914 51.64255843103162 306
1739808914932 51.457480035295234 307
1739808914943 51.27313268447988 308
1739808914951 51.08951337164055 309
1739808914968 50.906619102481415 310
1739808914983 50.72444689530189 311
1739808914999 50.54299378094313 312
1739808915014 50.36225680273457 313
1739808915014 50.182233016440776 314
1739808915031 50.002919490208576 315
1739808915046 49.82431330451428 316
1739808915066 49.64641155211122 317
1739808915078 49.46921133797755 318
1739808915094 49.292709779264136 319
1739808915110 49.11690400524279 320
1739808915126 48.94179115725472 321
1739808915126 48.76736838865911 322
1739808915142 48.59363286478201 323
1739808915157 48.42058176286538 324
1739808915173 48.24821227201644 325
1739808915189 48.07652159315709 326
1739808915205 47.90550693897375 327
1739808915221 47.73516553386721 328
1739808915237 47.565494613902835 329
1739808915237 47.396491426760925 330
1739808915253 47.22815323168727 331
1739808915269 47.06047729944398 332
1739808915285 46.893460912260494 333
1739808915301 46.72710136378475 334
1739808915317 46.56139595903466 335
1739808915333 46.396342014349706 336
1739808915349 46.23193685734277 337
1739808915349 46.068177826852256 338
1739808915365 45.90506227289424 339
1739808915381 45.74258755661498 340
1739808915396 45.58075105024354 341
1739808915412 45.41955013704472 342
1739808915429 45.25898221127204 343
1739808915444 45.099044678121054 344
1739808915460 44.93973495368275 345
1739808915460 44.78105046489731 346
1739808915476 44.62298864950791 347
1739808915492 44.46554695601476 348
1739808915508 44.308722843629425 349
1739808915524 44.15251378222923 350
1739808915540 43.99691725231186 351
1739808915556 43.841930744950325 352
1739808915572 43.68755176174792 353
1739808915588 43.53377781479342 354
1739808915588 43.380606426616545 355
1739808915605 43.22803513014357 356
1739808915619 43.076061468653094 357
1739808915635 42.92468299573206 358
1739808915651 42.773897275231924 359
1739808915667 42.623701881224974 360
1739808915683 42.47409439796095 361
1739808915683 42.325072419823734 362
1739808915699 42.1766335512883 363
1739808915715 42.028775406877784 364
1739808915731 41.88149561112081 365
1739808915746 41.73479179850896 366
1739808915763 41.5886616134544 367
1739808915779 41.44310271024773 368
1739808915779 41.29811275301603 369
1739808915794 41.15368941568098 370
1739808915810 41.009830381917325 371
1739808915827 40.86653334511138 372
1739808915848 40.72379600831975 373
1739808915858 40.58161608422827 374
1739808915874 40.43999129511107 375
1739808915890 40.298919372789825 376
1739808915906 40.15839805859321 377
1739808915906 40.01842510331646 378
1739808915922 39.87899826718122 379
1739808915938 39.74011531979544 380
1739808915954 39.60177404011352 381
1739808915970 39.463972216396584 382
1739808915986 39.32670764617296 383
1739808916001 39.18997813619881 384
1739808916017 39.05378150241892 385
1739808916017 38.9181155699277 386
1739808916033 38.78297817293025 387
1739808916049 38.64836715470374 388
1739808916065 38.514280367558825 389
1739808916081 38.380715672801294 390
1739808916097 38.24767094069387 391
1739808916113 38.115144050418166 392
1739808916113 37.9831328900368 393
1739808916129 37.8516353564557 394
1739808916145 37.7206493553865 395
1739808916161 37.59017280130921 396
1739808916177 37.46020361743494 397
1739808916193 37.33073973566883 398
1739808916209 37.201779096573155 399
1739808916225 37.07331964933056 400
1739808916225 36.94535935170741 401
1739808916241 36.81789617001743 402
1739808916257 36.69092807908534 403
1739808916273 36.56445306221078 404
1739808916288 36.43846911113228 405
1739808916304 36.31297422599152 406
1739808916320 36.18796641529751 407
1739808916336 36.06344369589121 408
1739808916336 35.93940409291014 409
1739808916352 35.81584563975308 410
1739808916368 35.69276637804511 411
1739808916384 35.57016435760259 412
1739808916400 35.44803763639852 413
1739808916416 35.326384280527776 414
1739808916432 35.20520236417279 415
1739808916432 35.08448996956911 416
1739808916448 34.964245186971276 417
1739808916464 34.84446611461879 418
1739808916479 34.72515085870224 419
1739808916495 34.606297533329524 420
1739808916511 34.48790426049231 421
1739808916527 34.36996917003252 422
1739808916543 34.252490399609094 423
1739808916559 34.135466094664764 424
1739808916559 34.01889440839307 425
1739808916575 33.902773501705454 426
1739808916591 33.78710154319852 427
1739808916607 33.671876709121456 428
1739808916628 33.55709718334356 429
1739808916638 33.442761157321875 430
1739808916654 33.328866830069096 431
1739808916670 33.21541240812143 432
1739808916686 33.1023961055067 433
1739808916686 32.98981614371266 434
1739808916702 32.877670751655245 435
1739808916718 32.765958165647106 436
1739808916734 32.65467662936627 437
1739808916750 32.54382439382488 438
1739808916766 32.43339971733809 439
1739808916782 32.3234008654931 440
1739808916798 32.21382611111832 441
1739808916798 32.10467373425272 442
1739808916813 31.995942022115145 443
1739808916829 31.887629269073965 444
1739808916845 31.779733776616748 445
1739808916861 31.67225385332002 446
1739808916877 31.565187814819318 447
1739808916893 31.45853398377917 448
1739808916909 31.35229068986332 449
1739808916909 31.2464562697051 450
1739808916925 31.141029066877834 451
1739808916941 31.036007431865453 452
1739808916957 30.931389722033227 453
1739808916973 30.8271743015985 454
1739808916989 30.72335954160179 455
1739808917004 30.619943819877772 456
1739808917020 30.516925521026504 457
1739808917020 30.41430303638477 458
1739808917036 30.312074763997543 459
1739808917052 30.21023910858953 460
1739808917075 30.108794481536894 461
1739808917089 30.007739300839045 462
1739808917102 29.907071991090614 463
1739808917115 29.806790983453467 464
1739808917120 29.70689471562891 465
1739808917130 29.607381631829984 466
1739808917146 29.508250182753844 467
1739808917161 29.409498825554362 468
1739808917178 29.31112602381469 469
1739808917199 29.21313024752009 470
1739808917213 29.115509973030804 471
1739808917226 29.01826368305501 472
1739808917242 28.92138986662199 473
1739808917257 28.824887019055314 474
1739808917257 28.72875364194624 475
1739808917273 28.6329882431271 476
1739808917289 28.53758933664493 477
1739808917305 28.4425554427351 478
1739808917321 28.34788508779516 479
1739808917337 28.253576804358712 480
1739808917354 28.159629131069444 481
1739808917369 28.066040612655247 482
1739808917369 27.972809799902468 483
1739808917385 27.87993524963026 484
1739808917402 27.78741552466503 485
1739808917418 27.69524919381502 486
1739808917433 27.60343483184498 487
1739808917449 27.511971019450936 488
1739808917465 27.42085634323512 489
1739808917465 27.330089395680936 490
1739808917481 27.239668775128084 491
1739808917497 27.149593085747792 492
1739808917513 27.05986093751808 493
1739808917529 26.970470946199242 494
1739808917545 26.881421733309324 495
1739808917561 26.792711926099823 496
1739808917576 26.70434015753136 497
1739808917592 26.61630506624956 498
1739808917592 26.52860529656099 499
