1739808921854 169.08902758239503 0
1739808921869 168.41495087770787 1
1739808921885 168.34909720110764 2
1739808921901 168.2820695215232 3
1739808921917 168.21507228297477 4
1739808921917 168.14810308989556 5
1739808921934 168.08116193498782 6
1739808921949 168.01424880623185 7
1739808921965 167.94736369162243 8
1739808921981 167.88050657915957 9
1739808921997 167.8136774568485 10
1739808922013 167.74687631269958 11
1739808922013 167.6801031347284 12
1739808922029 167.61335791095578 13
1739808922045 167.5466406294077 14
1739808922061 167.47995127811535 15
1739808922077 167.41328984511514 16
1739808922093 167.34665631844854 17
1739808922093 167.28005068616233 18
1739808922109 167.21347293630842 19
1739808922125 167.14692305694393 20
1739808922143 167.08040103613118 21
1739808922156 167.01390686193753 22
1739808922172 166.94744052243573 23
1739808922188 166.8810020057035 24
1739808922204 166.81459129982375 25
1739808922220 166.74820839288478 26
1739808922220 166.6818532729798 27
1739808922236 166.6155259282073 28
1739808922252 166.54922634667085 29
1739808922268 166.48295451647928 30
1739808922284 166.41671042574654 31
1739808922300 166.35049406259165 32
1739808922316 166.2843054151389 33
1739808922316 166.21814447151772 34
1739808922332 166.15201121986257 35
1739808922348 166.08590564831317 36
1739808922364 166.01982774501434 37
1739808922380 165.95377749811598 38
1739808922396 165.88775489577333 39
1739808922396 165.82175992614648 40
1739808922412 165.75579257740085 41
1739808922428 165.689852837707 42
1739808922444 165.62394069524046 43
1739808922460 165.55805613818202 44
1739808922476 165.49219915471758 45
1739808922476 165.4263697330381 46
1739808922498 165.3605678613397 47
1739808922509 165.2947935278236 48
1739808922525 165.2290467206962 49
1739808922541 165.16332742816897 50
1739808922557 165.09763563845843 51
1739808922557 165.0319713397863 52
1739808922573 164.96633452037935 53
1739808922589 164.90072516846948 54
1739808922605 164.83514327229366 55
1739808922621 164.76958882009401 56
1739808922621 164.7040618001177 57
1739808922637 164.63856220061706 58
1739808922653 164.57309000984938 59
1739808922669 164.50764521607724 60
1739808922687 164.44222780756812 61
1739808922701 164.37683777259468 62
1739808922701 164.31147509943463 63
1739808922717 164.24613977637082 64
1739808922732 164.18083179169113 65
1739808922748 164.11555113368846 66
1739808922764 164.05029779066095 67
1739808922780 163.98507175091163 68
1739808922796 163.91987300274874 69
1739808922796 163.8547015344855 70
1739808922812 163.78955733444022 71
1739808922828 163.72444039093634 72
1739808922844 163.65935069230224 73
1739808922860 163.59428822687147 74
1739808922876 163.5292529829825 75
1739808922892 163.46424494897906 76
1739808922892 163.39926411320977 77
1739808922908 163.33431046402833 78
1739808922925 163.26938398979357 79
1739808922940 163.20448467886922 80
1739808922957 163.13961251962422 81
1739808922972 163.07476750043242 82
1739808922986 163.00994960967276 83
1739808922998 162.94515883572922 84
1739808923012 162.88039516699087 85
1739808923026 162.81565859185164 86
1739808923036 162.75094909871072 87
1739808923054 162.68626667597218 88
1739808923072 162.6216113120451 89
1739808923083 162.55698299534367 90
1739808923083 162.49238171428715 91
1739808923099 162.42780745729962 92
1739808923115 162.3632602128104 93
1739808923135 162.29873996925363 94
1739808923147 162.23424671506854 95
1739808923147 162.1697804386995 96
1739808923162 162.1053411285957 97
1739808923178 162.04092877321145 98
1739808923194 161.97654336100598 99
1739808923210 161.9121848804436 100
1739808923226 161.84785331999356 101
1739808923242 161.78354866813018 102
1739808923242 161.7192709133327 103
1739808923258 161.65502004408546 104
1739808923274 161.5907960488776 105
1739808923290 161.52659891620345 106
1739808923305 161.46242863456226 107
1739808923321 161.39828519245816 108
1739808923321 161.3341685784005 109
1739808923337 161.2700787809033 110
1739808923353 161.20601578848584 111
1739808923368 161.14197958967216 112
1739808923384 161.07797017299148 113
1739808923400 161.01398752697787 114
1739808923416 160.95003164017035 115
1739808923416 160.8861025011129 116
1739808923432 160.8222000983546 117
1739808923448 160.75832442044936 118
1739808923464 160.69447545595602 119
1739808923482 160.6306531934386 120
1739808923495 160.56685762146586 121
1739808923511 160.50308872861152 122
1739808923511 160.4393465034544 123
1739808923527 160.37563093457814 124
1739808923543 160.31194201057147 125
1739808923561 160.24827972002782 126
1739808923575 160.1846440515458 127
1739808923591 160.1210349937289 128
1739808923607 160.05745253518546 129
1739808923607 159.99389666452885 130
1739808923635 159.93036737037744 131
1739808923645 159.86686464135428 132
1739808923658 159.8033884660876 133
1739808923676 159.7399388332105 134
1739808923689 159.67651573136087 135
1739808923701 159.61311914918176 136
1739808923701 159.54974907532093 137
1739808923716 159.48640549843114 138
1739808923732 159.42308840717018 139
1739808923748 159.35979779020053 140
1739808923764 159.29653363618976 141
1739808923780 159.23329593381033 142
1739808923795 159.17008467173946 143
1739808923795 159.10689983865947 144
1739808923815 159.04374142325753 145
1739808923828 158.98060941422565 146
1739808923844 158.9175038002608 147
1739808923859 158.8544245700648 148
1739808923876 158.7913717123444 149
1739808923892 158.72834521581126 150
1739808923892 158.66534506918197 151
1739808923908 158.60237126117778 152
1739808923924 158.53942378052517 153
1739808923939 158.47650261595533 154
1739808923955 158.41360775620421 155
1739808923955 158.35073919001292 156
1739808923971 158.2878969061272 157
1739808923987 158.22508089329784 158
1739808924003 158.1622911402804 159
1739808924025 158.09952763583536 160
1739808924035 158.03679036872802 161
1739808924051 157.97407932772862 162
1739808924067 157.91139450161225 163
1739808924067 157.84873587915888 164
1739808924083 157.78610344915325 165
1739808924099 157.72349720038503 166
1739808924115 157.66091712164874 167
1739808924131 157.59836320174384 168
1739808924146 157.53583542947445 169
1739808924146 157.4733337936497 170
1739808924162 157.41085828308348 171
1739808924178 157.3484088865947 172
1739808924194 157.28598559300684 173
1739808924210 157.22358839114852 174
1739808924228 157.16121726985293 175
1739808924241 157.09887221795827 176
1739808924257 157.03655322430748 177
1739808924275 156.97426027774847 178
1739808924289 156.91199336713382 179
1739808924289 156.84975248132105 180
1739808924305 156.7875376091725 181
1739808924321 156.72534873955527 182
1739808924337 156.6631858613414 183
1739808924353 156.60104896340755 184
1739808924353 156.5389380346355 185
1739808924369 156.4768530639115 186
1739808924385 156.41479404012694 187
1739808924401 156.35276095217782 188
1739808924416 156.29075378896496 189
1739808924432 156.22877253939416 190
1739808924448 156.16681719237576 191
1739808924448 156.10488773682522 192
1739808924464 156.04298416166256 193
1739808924480 155.98110645581264 194
1739808924495 155.9192546082052 195
1739808924512 155.85742860777472 196
1739808924527 155.79562844346054 197
1739808924527 155.73385410420667 198
1739808924543 155.67210557896206 199
1739808924559 155.61038285668033 200
1739808924575 155.54868592631993 201
1739808924592 155.4870147768441 202
1739808924608 155.42536939722086 203
1739808924624 155.36374977642302 204
1739808924624 155.30215590342812 205
1739808924640 155.24058776721859 206
1739808924656 155.1790453567815 207
1739808924672 155.11752866110876 208
1739808924687 155.05603766919705 209
1739808924703 154.99457237004776 210
1739808924703 154.93313275266718 211
1739808924724 154.87171880606624 212
1739808924735 154.81033051926065 213
1739808924751 154.7489678812709 214
1739808924768 154.68763088112226 215
1739808924784 154.62631950784476 216
1739808924784 154.56503375047308 217
1739808924800 154.50377359804685 218
1739808924815 154.44253903961015 219
1739808924831 154.38133006421214 220
1739808924847 154.32014666090652 221
1739808924863 154.25898881875176 222
1739808924863 154.19785652681114 223
1739808924879 154.1367497741526 224
1739808924895 154.07566854984884 225
1739808924911 154.01461284297733 226
1739808924927 153.95358264262026 227
1739808924943 153.8925779378645 228
1739808924943 153.83159871780174 229
1739808924959 153.7706449715283 230
1739808924975 153.70971668814528 231
1739808924991 153.64881385675852 232
1739808925007 153.5879364664785 233
1739808925023 153.5270845064205 234
1739808925023 153.46625796570447 235
1739808925039 153.40545683345516 236
1739808925055 153.34468109880186 237
1739808925070 153.28393075087877 238
1739808925091 153.22320577882462 239
1739808925102 153.16250617178298 240
1739808925102 153.10183191890204 241
1739808925118 153.04118300933476 242
1739808925134 152.98055943223872 243
1739808925150 152.9199611767763 244
1739808925165 152.85938823211438 245
1739808925181 152.79884058742485 246
1739808925181 152.73831823188405 247
1739808925197 152.677821154673 248
1739808925215 152.61734934497758 249
1739808925229 152.55690279198822 250
1739808925244 152.49648148490004 251
1739808925261 152.43608541291292 252
1739808925261 152.37571456523133 253
1739808925277 152.31536893106443 254
1739808925293 152.25504849962618 255
1739808925308 152.19475326013506 256
1739808925325 152.13448320181422 257
1739808925325 152.0742383138916 258
1739808925341 152.0140185855998 259
1739808925357 151.95382400617598 260
1739808925378 151.89365456486195 261
1739808925389 151.83351025090428 262
1739808925405 151.77339105355423 263
1739808925421 151.71329696206755 264
1739808925421 151.6532279657048 265
1739808925437 151.59318405373116 266
1739808925453 151.5331652154164 267
1739808925469 151.47317144003497 268
1739808925485 151.41320271686598 269
1739808925485 151.35325903519322 270
1739808925501 151.29334038430505 271
1739808925517 151.23344675349446 272
1739808925533 151.17357813205925 273
1739808925548 151.1137345093016 274
1739808925564 151.05391587452849 275
1739808925580 150.9941222170515 276
1739808925580 150.93435352618687 277
1739808925596 150.87460979125538 278
1739808925612 150.81489100158254 279
1739808925628 150.75519714649843 280
1739808925645 150.69552821533776 281
1739808925660 150.63588419743982 282
1739808925660 150.57626508214855 283
1739808925676 150.5166708588126 284
1739808925692 150.45710151678512 285
1739808925708 150.39755704542387 286
1739808925724 150.33803743409126 287
1739808925740 150.2785426721543 288
1739808925740 150.21907274898464 289
1739808925755 150.15962765395847 290
1739808925771 150.1002073764566 291
1739808925787 150.04081190586456 292
1739808925805 149.98144123157226 293
1739808925819 149.92209534297433 294
1739808925844 149.86277422947003 295
1739808925850 149.80347788046316 296
1739808925874 149.74420628536208 297
1739808925888 149.6849594335799 298
1739808925897 149.625737314534 299
1739808925912 149.56653991764668 300
1739808925912 149.50736723234465 301
1739808925928 149.44821924805922 302
1739808925944 149.38909595422624 303
1739808925960 149.3299973402863 304
1739808925975 149.27092339568435 305
1739808925975 149.21187410987008 306
1739808925991 149.1528494722976 307
1739808926013 149.0938494724258 308
1739808926023 149.03487409971785 309
1739808926039 148.9759233436418 310
1739808926055 148.91699719367006 311
1739808926055 148.8580956392795 312
1739808926071 148.7992186699519 313
1739808926087 148.74036627517327 314
1739808926103 148.68153844443435 315
1739808926119 148.62273516723036 316
1739808926119 148.56395643306107 317
1739808926135 148.50520223143087 318
1739808926152 148.44647255184861 319
1739808926167 148.3877673838277 320
1739808926183 148.32908671688614 321
1739808926199 148.27043054054644 322
1739808926215 148.21179884433562 323
1739808926230 148.1531916177853 324
1739808926230 148.09460885043163 325
1739808926247 148.03605053181522 326
1739808926263 147.97751665148124 327
1739808926279 147.91900719897947 328
1739808926295 147.86052216386412 329
1739808926310 147.80206153569392 330
1739808926310 147.74362530403226 331
1739808926327 147.6852134584468 332
1739808926342 147.62682598851 333
1739808926358 147.5684628837987 334
1739808926374 147.51012413389415 335
1739808926390 147.45180972838233 336
1739808926407 147.39351965685364 337
1739808926407 147.33525390890287 338
1739808926423 147.27701247412946 339
1739808926439 147.2187953421374 340
1739808926454 147.16060250253506 341
1739808926471 147.10243394493529 342
1739808926487 147.0442896589556 343
1739808926487 146.9861696342178 344
1739808926502 146.9280738603483 345
1739808926518 146.87000232697807 346
1739808926534 146.81195502374248 347
1739808926550 146.75393194028138 348
1739808926566 146.69593306623912 349
1739808926582 146.63795839126465 350
1739808926582 146.5800079050112 351
1739808926598 146.52208159713666 352
1739808926614 146.46417945730326 353
1739808926630 146.4063014751778 354
1739808926647 146.34844764043154 355
1739808926652 146.2906179427402 356
1739808926662 146.232812371784 357
1739808926678 146.17503091724754 358
1739808926693 146.11727356882002 359
1739808926709 146.059540316195 360
1739808926729 146.00183114907063 361
1739808926741 145.9441460571493 362
1739808926741 145.8864850301381 363
1739808926757 145.82884805774844 364
1739808926772 145.7712351296962 365
1739808926789 145.71364623570176 366
1739808926805 145.6560813654899 367
1739808926820 145.59854050878997 368
1739808926836 145.54102365533558 369
1739808926852 145.48353079486492 370
1739808926852 145.42606191712056 371
1739808926868 145.36861701184958 372
1739808926884 145.31119606880344 373
1739808926900 145.2537990777381 374
1739808926916 145.19642602841384 375
1739808926932 145.13907691059558 376
1739808926932 145.0817517140524 377
1739808926948 145.02445042855805 378
1739808926963 144.96717304389063 379
1739808926979 144.90991954983255 380
1739808926995 144.85268993617083 381
1739808927011 144.79548419269685 382
1739808927011 144.73830230920635 383
1739808927027 144.6811442754995 384
1739808927043 144.624010081381 385
1739808927059 144.56689971665983 386
1739808927075 144.50981317114952 387
1739808927091 144.45275043466782 388
1739808927091 144.3957114970371 389
1739808927107 144.33869634808397 390
1739808927123 144.28170497763955 391
1739808927139 144.22473737553932 392
1739808927155 144.1677935316232 393
1739808927171 144.1108734357355 394
1739808927171 144.05397707772482 395
1739808927187 143.99710444744434 396
1739808927204 143.9402555347515 397
1739808927220 143.88343032950814 398
1739808927235 143.82662882158064 399
1739808927252 143.76985100083954 400
1739808927252 143.71309685715994 401
1739808927267 143.65636638042125 402
1739808927283 143.59965956050732 403
1739808927299 143.54297638730623 404
1739808927315 143.4863168507107 405
1739808927331 143.4296809406176 406
1739808927331 143.37306864692823 407
1739808927347 143.3164799595483 408
1739808927363 143.25991486838794 409
1739808927379 143.20337336336152 410
1739808927395 143.1468554343879 411
1739808927411 143.0903610713902 412
1739808927411 143.03389026429593 413
1739808927426 142.97744300303708 414
1739808927442 142.92101927754987 415
1739808927458 142.86461907777493 416
1739808927474 142.80824239365717 417
1739808927490 142.751889215146 418
1739808927501 142.69555953219503 419
1739808927506 142.63925333476234 420
1739808927522 142.58297061281033 421
1739808927538 142.52671135630564 422
1739808927554 142.4704755552194 423
1739808927570 142.41426319952703 424
1739808927586 142.3580742792083 425
1739808927586 142.30190878424725 426
1739808927602 142.24576670463236 427
1739808927617 142.18964803035635 428
1739808927633 142.13355275141637 429
1739808927649 142.07748085781387 430
1739808927665 142.02143233955454 431
1739808927681 141.96540718664855 432
1739808927697 141.90940538911028 433
1739808927697 141.8534269369585 434
1739808927713 141.79747182021617 435
1739808927729 141.7415400289108 436
1739808927745 141.68563155307405 437
1739808927761 141.62974638274196 438
1739808927761 141.5738845079548 439
1739808927779 141.5180459187573 440
1739808927793 141.46223060519836 441
1739808927809 141.40643855733128 442
1739808927825 141.35066976521364 443
1739808927841 141.2949242189073 444
1739808927857 141.23920190847844 445
1739808927857 141.18350282399757 446
1739808927873 141.1278269555395 447
1739808927889 141.07217429318322 448
1739808927905 141.0165448270122 449
1739808927921 140.96093854711404 450
1739808927937 140.90535544358082 451
1739808927953 140.8497955065087 452
1739808927953 140.79425872599825 453
1739808927968 140.7387450921543 454
1739808927994 140.68325459508597 455
1739808928008 140.6277872249067 456
1739808928022 140.5723429717341 457
1739808928035 140.5169218256902 458
1739808928049 140.46152377690112 459
1739808928063 140.4061488154975 460
1739808928068 140.3507969316141 461
1739808928079 140.29546811538992 462
1739808928094 140.2401623569684 463
1739808928116 140.18487964649697 464
1739808928127 140.12961997412768 465
1739808928142 140.0743833300165 466
1739808928158 140.01916970432393 467
1739808928158 139.9639790872145 468
1739808928174 139.90881146885727 469
1739808928190 139.85366683942527 470
1739808928205 139.79854518909602 471
1739808928221 139.74344650805116 472
1739808928238 139.68837078647658 473
1739808928254 139.63331801456246 474
1739808928254 139.5782881825033 475
1739808928269 139.52328128049768 476
1739808928285 139.46829729874852 477
1739808928301 139.41333622746305 478
1739808928317 139.3583980568526 479
1739808928333 139.30348277713279 480
1739808928349 139.24859037852352 481
1739808928349 139.19372085124888 482
1739808928364 139.13887418553722 483
1739808928380 139.0840503716211 484
1739808928396 139.02924939973735 485
1739808928412 138.9744712601269 486
1739808928428 138.9197159430351 487
1739808928428 138.86498343871136 488
1739808928444 138.81027373740943 489
1739808928461 138.75558682938714 490
1739808928477 138.7009227049067 491
1739808928493 138.64628135423445 492
1739808928508 138.5916627676409 493
1739808928522 138.53706693540087 494
1739808928526 138.48249384779336 495
1739808928540 138.42794349510152 496
1739808928556 138.37341586761278 497
1739808928572 138.31891095561875 498
1739808928588 138.2644287494152 499
