1739808971386 175.71595268480246 0
1739808971396 168.7649800818783 1
1739808971412 162.1026547479732 2
1739808971428 155.7167205967428 3
1739808971444 149.5954481575953 4
1739808971456 143.72761180764488 5
1739808971466 138.10246799118246 6
1739808971475 132.70973438376322 7
1739808971495 127.5395699598729 8
1739808971507 122.58255592492148 9
1739808971523 117.82967747401865 10
1739808971542 113.27230634161775 11
1739808971555 108.90218410767645 12
1739808971571 104.71140622747598 13
1739808971571 100.69240675366922 14
1739808971587 96.83794372049398 15
1739808971603 93.14108516139554 16
1739808971619 89.59519573255179 17
1739808971635 86.1939239159907 18
1739808971651 82.93118977713267 19
1739808971666 79.8011732526861 20
1739808971687 76.79830294586816 21
1739808971702 73.91724540692661 22
1739808971717 71.15289487789373 23
1739808971729 68.50036348141964 24
1739808971729 65.95497183440929 25
1739808971756 63.51224006802346 26
1739808971771 61.1678792364068 27
1739808971784 58.91778309727184 28
1739808971804 56.7580202482013 29
1739808971820 54.684826603232224 30
1739808971832 52.69459819495628 31
1739808971839 50.7838842880122 32
1739808971854 48.94938079046021 33
1739808971870 47.187923950114964 34
1739808971886 45.49648432347541 35
1739808971886 43.87216100542688 36
1739808971906 42.31217610840459 37
1739808971918 40.81386948019887 38
1739808971934 39.37469365005271 39
1739808971950 37.99220899315201 40
1739808971968 36.6640791040382 41
1739808971981 35.388066369885294 42
1739808971997 34.16202773497603 43
1739808972013 32.983910648088475 44
1739808972018 31.851749184864737 45
1739808972029 30.763660337577065 46
1739808972045 29.717840465036755 47
1739808972061 28.712561895705864 48
1739808972077 27.7461696773732 49
1739808972093 26.817078467044407 50
1739808972109 25.923769554971663 51
1739808972109 25.064788017012123 52
1739808972128 24.238739989756695 53
1739808972144 23.44429006311208 54
1739808972162 22.68015878524949 55
1739808972172 21.945120275054705 56
1739808972188 21.2379999374251 57
1739808972203 20.557672276961213 58
1739808972219 19.903058805793826 59
1739808972235 19.273126041472302 60
1739808972251 18.666883591016823 61
1739808972251 18.08338231740598 62
1739808972267 17.521712584933436 63
1739808972283 16.981002580021737 64
1739808972299 16.460416704229473 65
1739808972315 15.959154036329672 66
1739808972322 15.476446860472679 67
1739808972330 15.011559257576272 68
1739808972349 14.563785757209835 69
1739808972362 14.132450047357763 70
1739808972378 13.716903739560845 71
1739808972394 13.316525187042764 72
1739808972409 12.930718353532493 73
1739808972425 12.558911730592905 74
1739808972441 12.200557301360504 75
1739808972441 11.855129548692227 76
1739808972461 11.522124505802104 77
1739808972477 11.201058847553563 78
1739808972492 10.891469020652771 79
1739808972511 10.592910411064361 80
1739808972527 10.304956547043648 81
1739808972542 10.027198336249045 82
1739808972553 9.75924333546486 83
1739808972569 9.500715051528516 84
1739808972585 9.251252272116776 85
1739808972601 9.010508425104268 86
1739808972617 8.778150965262949 87
1739808972617 8.553860787124671 88
1739808972635 8.337331662879924 89
1739808972649 8.12826970423465 90
1739808972668 7.926392847193682 91
1739808972680 7.731430358783928 92
1739808972696 7.543122364773273 93
1739808972712 7.361219397481862 94
1739808972717 7.185481962821622 95
1739808972728 7.0156801257372114 96
1739808972746 6.851593113257303 97
1739808972760 6.693008934399415 98
1739808972776 6.5397240162042065 99
1739808972791 6.391542855206303 100
1739808972807 6.248277683678954 101
1739808972807 6.109748150018169 102
1739808972827 5.975781012659628 103
1739808972839 5.846209846947738 104
1739808972862 5.720874764401316 105
1739808972879 5.599622143844427 106
1739808972888 5.482304373893789 107
1739808972902 5.368779606316148 108
1739808972918 5.258911519790032 109
1739808972918 5.152569093626434 110
1739808972945 5.049626391022046 111
1739808972949 4.949962351437311 112
1739808972981 4.853460591708865 113
1739808972981 4.760009215523054 114
1739808972997 4.669500630893052 115
1739808973013 4.581831375297771 116
1739808973028 4.496901948155262 117
1739808973044 4.414616650317578 118
1739808973060 4.334883430287429 119
1739808973076 4.257613736869999 120
1739808973076 4.182722377985528 121
1739808973092 4.110127385380115 122
1739808973108 4.039749884983537 123
1739808973124 3.971513972673619 124
1739808973140 3.9053465952171282 125
1739808973155 3.8411774361669417 126
1739808973172 3.7789388065048346 127
1739808973187 3.718565539828203 128
1739808973203 3.6599948918877327 129
1739808973203 3.603166444291346 130
1739808973219 3.548022012197656 131
1739808973235 3.4945055558297238 132
1739808973251 3.442563095647292 133
1739808973267 3.392142631022466 134
1739808973283 3.3431940622705745 135
1739808973299 3.2956691158942637 136
1739808973299 3.2495212729049574 137
1739808973315 3.204705700091653 138
1739808973331 3.161179184112609 139
1739808973347 3.1189000682907695 140
1739808973362 3.077828191998911 141
1739808973378 3.0379248325253947 142
1739808973395 2.999152649315991 143
1739808973411 2.9614756304918273 144
1739808973426 2.924859041547719 145
1739808973426 2.889269376139202 146
1739808973442 2.85467430887065 147
1739808973458 2.821042650000376 148
1739808973474 2.788344301982437 149
1739808973490 2.7565502177681265 150
1739808973506 2.7256323607935125 151
1739808973522 2.695563666582469 152
1739808973538 2.6663180058976916 153
1739808973544 2.6378701493750425 154
1739808973554 2.6101957335793267 155
1739808973570 2.583271228422252 156
1739808973586 2.5570739058858334 157
1739808973602 2.5315818099968976 158
1739808973618 2.506773728000688 159
1739808973634 2.4826291626837613 160
1739808973649 2.459128305798498 161
1739808973649 2.4362520125435174 162
1739808973665 2.413981777056319 163
1739808973681 2.3922997088762306 164
1739808973697 2.371188510337594 165
1739808973713 2.350631454854759 166
1739808973729 2.330612366062122 167
1739808973745 2.311115597773976 168
1739808973760 2.2921260147304565 169
1739808973760 2.2736289740972446 170
1739808973776 2.2556103076881096 171
1739808973792 2.238056304880637 172
1739808973808 2.2209536961967498 173
1739808973824 2.2042896375208443 174
1739808973840 2.188051694929474 175
1739808973840 2.172227830107644 176
1739808973857 2.1568063863277924 177
1739808973872 2.1417760749685986 178
1739808973898 2.127125962551615 179
1739808973911 2.112845458274785 180
1739808973920 2.0989243020226387 181
1739808973935 2.0853525528339287 182
1739808973953 2.0721205778081617 183
1739808973966 2.0592190414333906 184
1739808973975 2.0466388953182264 185
1739808973983 2.0343713683118274 186
1739808973999 2.022407956996297 187
1739808974015 2.010740416536542 188
1739808974034 1.9993607518732652 189
1739808974047 1.9882612092454004 190
1739808974063 1.9774342680288128 191
1739808974063 1.9668726328786854 192
1739808974079 1.9565692261634964 193
1739808974098 1.9465171806790302 194
1739808974110 1.9367098326312715 195
1739808974126 1.9271407148776238 196
1739808974142 1.9178035504161668 197
1739808974158 1.9086922461132256 198
1739808974173 1.8998008866598612 199
1739808974173 1.8911237287482852 200
1739808974189 1.8826551954595752 201
1739808974205 1.8743898708544477 202
1739808974221 1.8663224947591341 203
1739808974237 1.8584479577387638 204
1739808974253 1.8507612962509643 205
1739808974269 1.8432576879727076 206
1739808974285 1.8359324472936414 207
1739808974285 1.8287810209695372 208
1739808974301 1.821798983929623 209
1739808974317 1.8149820352319221 210
1739808974332 1.8083259941608951 211
1739808974349 1.801826796461942 212
1739808974365 1.7954804907075383 213
1739808974365 1.7892832347899752 214
1739808974380 1.7832312925359086 215
1739808974398 1.7773210304380722 216
1739808974412 1.771548914499739 217
1739808974429 1.7659115071876685 218
1739808974450 1.7604054644894418 219
1739808974460 1.7550275330712906 220
1739808974476 1.7497745475326305 221
1739808974492 1.7446434277536798 222
1739808974508 1.7396311763327343 223
1739808974508 1.7347348761097028 224
1739808974524 1.7299516877727685 225
1739808974540 1.7252788475450558 226
1739808974555 1.7207136649483714 227
1739808974571 1.7162535206411906 228
1739808974587 1.7118958643281414 229
1739808974603 1.7076382127384209 230
1739808974619 1.7034781476705583 231
1739808974619 1.699413314101188 232
1739808974635 1.6954414183554518 233
1739808974651 1.6915602263368417 234
1739808974667 1.6877675618143253 235
1739808974682 1.6840613047646993 236
1739808974698 1.6804393897681753 237
1739808974714 1.6768998044553443 238
1739808974714 1.6734405880036238 239
1739808974730 1.670059829681499 240
1739808974746 1.6667556674388115 241
1739808974764 1.6635262865415124 242
1739808974777 1.6603699182492904 243
1739808974793 1.657284838534588 244
1739808974809 1.6542693668415513 245
1739808974809 1.6513218648835306 246
1739808974825 1.648440735477788 247
1739808974847 1.645624421416127 248
1739808974857 1.6428714043702162 249
1739808974873 1.6401802038303872 250
1739808974889 1.6375493760768143 251
1739808974905 1.6349775131818962 252
1739808974921 1.6324632420428515 253
1739808974921 1.6300052234434683 254
1739808974937 1.6276021511440095 255
1739808974959 1.6252527509983707 256
1739808974969 1.6229557800975372 257
1739808974985 1.6207100259384875 258
1739808975001 1.6185143056176696 259
1739808975017 1.6163674650482736 260
1739808975017 1.6142683782004748 261
1739808975032 1.6122159463639048 262
1739808975048 1.6102090974316514 263
1739808975064 1.60824678520502 264
1739808975080 1.6063279887184525 265
1739808975096 1.604451711583885 266
1739808975112 1.6026169813539641 267
1739808975127 1.6008228489034895 268
1739808975143 1.5990683878284995 269
1739808975143 1.5973526938624492 270
1739808975159 1.5956748843089186 271
1739808975175 1.5940340974903382 272
1739808975191 1.592429492212228 273
1739808975207 1.5908602472424351 274
1739808975223 1.5893255608049592 275
1739808975239 1.5878246500878261 276
1739808975239 1.5863567507646363 277
1739808975254 1.5849211165293475 278
1739808975270 1.5835170186438807 279
1739808975292 1.5821437454981315 280
1739808975303 1.5808006021820509 281
1739808975319 1.5794869100693898 282
1739808975335 1.5782020064127653 283
1739808975351 1.576945243949711 284
1739808975351 1.575715990519364 285
1739808975367 1.574513628689492 286
1739808975382 1.5733375553935165 287
1739808975398 1.5721871815772626 288
1739808975416 1.571061931855143 289
1739808975430 1.5699612441754747 290
1739808975446 1.5688845694946776 291
1739808975446 1.5678313714600909 292
1739808975462 1.5668011261011525 293
1739808975477 1.5657933215286788 294
1739808975493 1.564807457642069 295
1739808975509 1.5638430458441017 296
1739808975526 1.5628996087632159 297
1739808975541 1.561976679982983 298
1739808975557 1.561073803778584 299
1739808975557 1.5601905348601135 300
1739808975573 1.55932643812249 301
1739808975589 1.5584810884017903 302
1739808975605 1.5576540702378345 303
1739808975621 1.5568449776428388 304
1739808975637 1.5560534138759587 305
1739808975653 1.5552789912235836 306
1739808975653 1.5545213307851806 307
1739808975669 1.553780062264578 308
1739808975685 1.553054823766508 309
1739808975701 1.5523452615982603 310
1739808975716 1.5516510300763373 311
1739808975732 1.550971791337939 312
1739808975748 1.5503072151571646 313
1739808975748 1.5496569787657941 314
1739808975764 1.5490207666785374 315
1739808975780 1.5483982705226114 316
1739808975796 1.5477891888715352 317
1739808975817 1.5471932270830462 318
1739808975828 1.5466100971410048 319
1739808975844 1.5460395175011798 320
1739808975860 1.5454812129408404 321
1739808975876 1.544934914412012 322
1739808975876 1.5444003588983342 323
1739808975892 1.5438772892754065 324
1739808975907 1.5433654541745319 325
1739808975923 1.54286460784978 326
1739808975940 1.5423745100482609 327
1739808975956 1.5418949258835561 328
1739808975972 1.541425625712197 329
1739808975987 1.5409663850131148 330
1739808975987 1.540516984270024 331
1739808976004 1.5400772088565846 332
1739808976020 1.5396468489243682 333
1739808976035 1.5392256992934639 334
1739808976056 1.5388135593457337 335
1739808976071 1.538410232920584 336
1739808976085 1.5380155282132566 337
1739808976091 1.5376292576754969 338
1739808976099 1.537251237918618 339
1739808976120 1.5368812896188342 340
1739808976139 1.536519237424862 341
1739808976153 1.5361649098676757 342
1739808976162 1.5358181392724155 343
1739808976178 1.5354787616723682 344
1739808976194 1.5351466167249532 345
1739808976194 1.5348215476297007 346
1739808976210 1.534503401048159 347
1739808976231 1.5341920270256568 348
1739808976242 1.533887278914912 349
1739808976257 1.533589013301421 350
1739808976275 1.5332970899305869 351
1739808976289 1.5330113716365406 352
1739808976305 1.5327317242726397 353
1739808976321 1.5324580166435595 354
1739808976321 1.5321901204389676 355
1739808976337 1.5319279101687349 356
1739808976353 1.5316712630996627 357
1739808976369 1.5314200591936404 358
1739808976385 1.53117418104727 359
1739808976401 1.5309335138328526 360
1739808976418 1.5306979452407563 361
1739808976418 1.5304673654230951 362
1739808976437 1.530241666938717 363
1739808976449 1.5300207446994412 364
1739808976465 1.5298044959175476 365
1739808976481 1.5295928200544557 366
1739808976497 1.529385618770582 367
1739808976513 1.5291827958763446 368
1739808976528 1.5289842572842982 369
1739808976545 1.5287899109623435 370
1739808976560 1.528599666888014 371
1739808976576 1.528413437003813 372
1739808976576 1.5282311351735476 373
1739808976592 1.5280526771396852 374
1739808976608 1.5278779804816385 375
1739808976624 1.527706964575042 376
1739808976640 1.5275395505519216 377
1739808976656 1.5273756612617826 378
1739808976672 1.5272152212335708 379
1739808976672 1.5270581566384978 380
1739808976688 1.526904395253714 381
1739808976704 1.5267538664267886 382
1739808976720 1.5266065010410046 383
1739808976736 1.5264622314814293 384
1739808976753 1.526320991601752 385
1739808976768 1.5261827166918776 386
1739808976768 1.526047343446225 387
1739808976784 1.5259148099327737 388
1739808976800 1.5257850555627763 389
1739808976816 1.525658021061164 390
1739808976832 1.5255336484376276 391
1739808976848 1.5254118809583195 392
1739808976864 1.5252926631182189 393
1739808976880 1.5251759406141023 394
1739808976880 1.525061660318117 395
1739808976896 1.5249497702519526 396
1739808976912 1.5248402195615869 397
1739808976928 1.524732958492603 398
1739808976943 1.524627938366048 399
1739808976959 1.5245251115548297 400
1739808976975 1.524424431460659 401
1739808976991 1.5243258524914827 402
1739808977007 1.5242293300394338 403
1739808977007 1.5241348204592664 404
1739808977023 1.5240422810472818 405
1739808977039 1.5239516700207023 406
1739808977055 1.5238629464975284 407
1739808977070 1.5237760704768308 408
1739808977087 1.5236910028194695 409
1739808977103 1.523607705229277 410
1739808977118 1.5235261402346127 411
1739808977118 1.5234462711703627 412
1739808977134 1.523368062160329 413
1739808977150 1.5232914780999898 414
1739808977166 1.523216484639678 415
1739808977187 1.5231430481681019 416
1739808977198 1.5230711357962388 417
1739808977214 1.5230007153415963 418
1739808977230 1.5229317553128023 419
1739808977245 1.5228642248945599 420
1739808977245 1.5227980939329109 421
1739808977261 1.5227333329208386 422
1739808977277 1.522669912984181 423
1739808977292 1.5226078058678727 424
1739808977308 1.5225469839224588 425
1739808977324 1.5224874200909368 426
1739808977340 1.5224290878958762 427
1739808977356 1.522371961426812 428
1739808977356 1.522316015327939 429
1739808977372 1.5222612247860532 430
1739808977388 1.522207565518775 431
1739808977404 1.522155013763028 432
1739808977419 1.522103546263766 433
1739808977435 1.5220531402629505 434
1739808977451 1.522003773488773 435
1739808977467 1.5219554241451094 436
1739808977483 1.5219080709012238 437
1739808977483 1.5218616928816575 438
1739808977499 1.5218162696563933 439
1739808977515 1.5217717812311866 440
1739808977531 1.5217282080381485 441
1739808977546 1.5216855309265083 442
1739808977562 1.5216437311535862 443
1739808977578 1.5216027903759723 444
1739808977594 1.5215626906408868 445
1739808977594 1.5215234143777385 446
1739808977610 1.5214849443898613 447
1739808977626 1.521447263846436 448
1739808977642 1.5214103562745893 449
1739808977658 1.5213742055516641 450
1739808977674 1.52133879589765 451
1739808977690 1.5213041118678043 452
1739808977705 1.5212701383454057 453
1739808977721 1.5212368605346824 454
1739808977721 1.5212042639538939 455
1739808977737 1.521172334428552 456
1739808977753 1.5211410580848104 457
1739808977769 1.5211104213429811 458
1739808977785 1.5210804109111964 459
1739808977801 1.5210510137792177 460
1739808977817 1.5210222172123653 461
1739808977817 1.5209940087455955 462
1739808977833 1.5209663761776888 463
1739808977848 1.5209393075655873 464
1739808977864 1.5209127912188332 465
1739808977880 1.5208868156941482 466
1739808977896 1.5208613697901083 467
1739808977912 1.520836442541964 468
1739808977928 1.520812023216542 469
1739808977928 1.5207881013072804 470
1739808977944 1.5207646665293642 471
1739808977960 1.520741708814964 472
1739808977976 1.5207192183085783 473
1739808977992 1.5206971853624869 474
1739808978008 1.5206756005322895 475
1739808978024 1.5206544545725507 476
1739808978040 1.5206337384325346 477
1739808978040 1.5206134432520306 478
1739808978055 1.5205935603572827 479
1739808978071 1.5205740812569817 480
1739808978087 1.5205549976383785 481
1739808978103 1.5205363013634514 482
1739808978119 1.5205179844651662 483
1739808978135 1.520500039143831 484
1739808978151 1.520482457763504 485
1739808978151 1.5204652328485073 486
1739808978167 1.520448357079996 487
1739808978183 1.5204318232926068 488
1739808978199 1.5204156244711828 489
1739808978215 1.5203997537475689 490
