1739809214274 168.63359935893916 0
1739809214292 168.46874418453595 1
1739809214306 174.41980921047033 2
1739809214327 169.2399917577486 3
1739809214340 165.11194240633606 4
1739809214359 171.48298830685724 5
1739809214375 167.12748803211744 6
1739809214389 163.40434111909588 7
1739809214406 167.11703492686948 8
1739809214422 164.3476463281848 9
1739809214427 163.09664370678817 10
1739809214453 160.90098299374787 11
1739809214464 166.4592436372888 12
1739809214472 157.80067781597265 13
1739809214490 165.39425764151906 14
1739809214506 162.15495411355974 15
1739809214522 161.91859612573836 16
1739809214539 163.06571208049007 17
1739809214558 155.79368885909858 18
1739809214573 161.67956356051351 19
1739809214589 159.85122574457517 20
1739809214606 161.37129765621222 21
1739809214622 157.2784015541875 22
1739809214639 158.38013323383325 23
1739809214656 155.8083147937959 24
1739809214673 155.95662117180913 25
1739809214689 159.09582247438138 26
1739809214706 156.05243418434665 27
1739809214722 151.08008319779105 28
1739809214738 156.23879485607574 29
1739809214754 150.48464848396847 30
1739809214760 148.9288984872295 31
1739809214777 157.0392916130939 32
1739809214790 154.33291329826878 33
1739809214806 150.50667232649045 34
1739809214823 150.7883569008215 35
1739809214841 152.88350974486804 36
1739809214856 151.78507575701332 37
1739809214872 149.47101156135486 38
1739809214889 149.72938877306578 39
1739809214909 149.82077903770175 40
1739809214923 151.40902784667384 41
1739809214939 150.57146219950837 42
1739809214956 146.79714852460756 43
1739809214972 141.86721589316622 44
1739809214977 149.48203956978955 45
1739809214993 150.07687700200583 46
1739809215006 150.6838791354559 47
1739809215023 139.8087494525738 48
1739809215042 143.0804332668916 49
1739809215056 144.08954878766363 50
1739809215073 148.96631770003012 51
1739809215089 141.36750141263767 52
1739809215106 144.29543759493038 53
1739809215122 144.03344479592994 54
1739809215139 142.0486688238455 55
1739809215156 140.4402068120214 56
1739809215171 142.2811007495721 57
1739809215178 142.10538560990864 58
1739809215189 136.1521152475023 59
1739809215209 144.18955861673348 60
1739809215223 145.06195078872537 61
1739809215239 143.65191632954765 62
1739809215256 139.71096127306365 63
1739809215272 139.9041619038666 64
1739809215290 141.2649190947761 65
1739809215307 140.05306800801205 66
1739809215327 139.45819452823153 67
1739809215344 139.26599273580908 68
1739809215359 135.99133123780982 69
1739809215372 141.94391040996805 70
1739809215387 137.47337628363826 71
1739809215403 139.2496494830574 72
1739809215416 133.76256984396628 73
1739809215422 138.70116638305421 74
1739809215438 134.14298743987177 75
1739809215456 134.76566666413652 76
1739809215480 130.62904554568718 77
1739809215486 138.37544789972665 78
1739809215502 132.38818744684053 79
1739809215518 132.61130596879738 80
1739809215542 128.48706478512952 81
1739809215550 132.6350022083043 82
1739809215566 135.95987056071178 83
1739809215583 134.9400111587363 84
1739809215598 134.68135628418256 85
1739809215614 127.87061189011997 86
1739809215630 131.9923808871158 87
1739809215645 128.94697400852752 88
1739809215661 129.31646344730717 89
1739809215677 130.76356239726096 90
1739809215693 128.29854735948186 91
1739809215708 129.06872630569748 92
1739809215724 128.78535968619408 93
1739809215740 127.54238251420354 94
1739809215756 126.7961064615746 95
1739809215772 131.01119310279458 96
1739809215788 123.99188960004868 97
1739809215804 123.40994885971087 98
1739809215811 127.02456160655437 99
1739809215836 129.3715066445843 100
1739809215836 125.7530814561335 101
1739809215856 125.69650328974548 102
1739809215870 122.85834305326485 103
1739809215883 124.34988727698034 104
1739809215907 126.86866957381805 105
1739809215915 122.00108356700402 106
1739809215931 122.59061458108147 107
1739809215948 122.10028396816806 108
1739809215963 124.74798183185912 109
1739809215979 120.50560546757968 110
1739809215995 119.18014616689061 111
1739809216011 122.29843477036611 112
1739809216027 121.14438819079734 113
1739809216043 119.69281215136785 114
1739809216059 121.56565011229962 115
1739809216075 120.84869341874052 116
1739809216091 119.23655094256029 117
1739809216106 117.53025006850861 118
1739809216112 113.89484423175342 119
1739809216138 117.45160493861952 120
1739809216143 116.80658491084709 121
1739809216154 112.40937637673692 122
1739809216170 124.39722813118881 123
1739809216189 116.84182956683536 124
1739809216206 120.33992083296103 125
1739809216221 118.29113918170238 126
1739809216239 113.55009518675459 127
1739809216251 116.28038591249837 128
1739809216265 113.56556655480865 129
1739809216281 114.36572599593092 130
1739809216297 114.7620147527498 131
1739809216313 111.8545558798957 132
1739809216328 115.2122304654962 133
1739809216344 112.00031056093218 134
1739809216360 113.3501300733976 135
1739809216376 114.30659328065288 136
1739809216392 112.15577043707222 137
1739809216408 107.5005839182402 138
1739809216423 114.92198922942522 139
1739809216439 111.52640342670509 140
1739809216455 109.20160522347089 141
1739809216471 110.5054339447015 142
1739809216487 110.15970356009757 143
1739809216503 109.90473334000167 144
1739809216509 109.471557276923 145
1739809216523 110.73236342807932 146
1739809216549 112.35605295685768 147
1739809216565 107.47685920781016 148
1739809216570 109.09748119437917 149
1739809216586 106.47639292418187 150
1739809216597 104.83370064882844 151
1739809216626 110.92586033705552 152
1739809216638 104.50051955333649 153
1739809216646 103.18372578141873 154
1739809216661 109.46034858620625 155
1739809216676 106.31999619954301 156
1739809216692 102.2221312395713 157
1739809216707 101.68435408634474 158
1739809216723 106.68981049906394 159
1739809216739 106.87580036294962 160
1739809216755 104.95628235658648 161
1739809216771 105.27569308121969 162
1739809216793 100.06058523131293 163
1739809216802 108.9690547543108 164
1739809216827 101.12124367312396 165
1739809216834 101.51870852417039 166
1739809216850 102.52075986046277 167
1739809216873 105.67113208596751 168
1739809216888 103.27806174711348 169
1739809216897 106.13290238268345 170
1739809216917 102.7634884816108 171
1739809216929 98.71488780593947 172
1739809216947 98.3393892976931 173
1739809216961 105.13521103178385 174
1739809216976 100.64021270448384 175
1739809216992 101.61021034726058 176
1739809217008 100.96733297740072 177
1739809217024 96.75775692453455 178
1739809217039 98.01616999563318 179
1739809217055 97.94882017694418 180
1739809217071 98.09267689720416 181
1739809217087 98.51019448968448 182
1739809217093 99.5777814307302 183
1739809217119 99.03248577089293 184
1739809217124 95.82891763440274 185
1739809217139 98.44661034367074 186
1739809217155 98.72403208247266 187
1739809217172 93.97074012033686 188
1739809217186 97.1233912043251 189
1739809217201 93.44149785671173 190
1739809217223 98.99814787413446 191
1739809217230 95.21702701290127 192
1739809217245 95.92812360569387 193
1739809217261 99.18190098439003 194
1739809217277 94.61655635673984 195
1739809217293 92.31360511030466 196
1739809217309 92.42821735941232 197
1739809217325 91.21179359889528 198
1739809217341 94.94350626976382 199
1739809217357 94.79230226638957 200
1739809217373 96.51811052054892 201
1739809217389 95.73643531484348 202
1739809217404 91.47555007172933 203
1739809217420 91.6461838008546 204
1739809217436 93.41587694783954 205
1739809217452 94.41993138817033 206
1739809217458 91.93644167765702 207
1739809217473 92.55500175525067 208
1739809217487 86.48092242086668 209
1739809217499 88.86915573580042 210
1739809217517 86.3785663312961 211
1739809217531 93.69316585371296 212
1739809217547 94.50230738934648 213
1739809217563 90.47029954798415 214
1739809217579 87.66969707240328 215
1739809217595 88.78047905533508 216
1739809217611 89.4976974393536 217
1739809217627 93.86368822981002 218
1739809217643 86.44881556563774 219
1739809217659 86.00484438368908 220
1739809217675 85.69313628219727 221
1739809217691 89.61995283536231 222
1739809217707 85.94521920077162 223
1739809217712 90.62068343511028 224
1739809217727 86.87007557658738 225
1739809217739 86.85045513495955 226
1739809217757 86.81211176428447 227
1739809217773 83.32365422786238 228
1739809217787 87.55519157434792 229
1739809217803 87.96251098271372 230
1739809217819 84.68918706207839 231
1739809217835 83.69099563745397 232
1739809217851 84.23088830130631 233
1739809217866 83.43961462529818 234
1739809217882 84.03099608598704 235
1739809217898 84.55560254435154 236
1739809217916 79.88990301877118 237
1739809217932 83.56524304627041 238
1739809217946 84.0002425582978 239
1739809217962 85.59512461741151 240
1739809217977 82.35361385297884 241
1739809217993 81.14312961429233 242
1739809217999 83.37986736002688 243
1739809218013 80.42769226179348 244
1739809218028 81.63073788328485 245
1739809218040 84.72518028027258 246
1739809218059 80.53102536786555 247
1739809218074 76.84029165356208 248
1739809218088 82.2325894526506 249
1739809218104 80.1355593113199 250
1739809218120 77.50091900074744 251
1739809218141 82.94179213414985 252
1739809218152 79.1265197244961 253
1739809218168 78.23739468649973 254
1739809218183 80.05528230973893 255
1739809218199 78.08819229709088 256
1739809218216 75.86357687719963 257
1739809218232 78.10609408981732 258
1739809218248 78.26054353544446 259
1739809218263 78.69426647684308 260
1739809218269 76.51925574332309 261
1739809218283 77.8900746580922 262
1739809218299 74.89098652125139 263
1739809218314 78.18563221745552 264
1739809218331 76.70746788701798 265
1739809218345 78.81912361305018 266
1739809218359 74.58615511651762 267
1739809218374 75.9220291262553 268
1739809218389 78.54814949020435 269
1739809218407 74.37043514996803 270
1739809218421 75.91710052964707 271
1739809218437 72.92481341179413 272
1739809218458 79.97677882420165 273
1739809218468 73.76266664693294 274
1739809218492 73.32894336728353 275
1739809218500 74.48910461517447 276
1739809218516 76.94453505709957 277
1739809218531 78.07516100982244 278
1739809218547 72.71810575730474 279
1739809218564 76.17715823365147 280
1739809218580 71.71140200165044 281
1739809218596 74.77445005218785 282
1739809218612 73.94924638778731 283
1739809218628 76.08889521331722 284
1739809218644 73.52487573086769 285
1739809218659 72.92505887633983 286
1739809218675 72.56000508524846 287
1739809218691 71.25305337282218 288
1739809218707 76.4524843965296 289
1739809218713 73.18276288923148 290
1739809218737 70.16698392260726 291
1739809218745 69.5445511186902 292
1739809218757 72.09405384983059 293
1739809218772 69.1984073959785 294
1739809218797 73.30172335560277 295
1739809218813 71.2336754834026 296
1739809218825 70.44329635012893 297
1739809218834 71.71508127881691 298
1739809218857 69.8021376102814 299
1739809218865 67.8883670368383 300
1739809218885 68.19629115999241 301
1739809218896 70.25779504030676 302
1739809218916 68.4888095333724 303
1739809218928 71.01173567921806 304
1739809218945 70.95465386641739 305
1739809218960 68.643566466195 306
1739809218976 71.33143208845294 307
1739809218991 67.30283884116962 308
1739809219006 69.44738709780144 309
1739809219012 66.40304705833451 310
1739809219036 67.32170225544358 311
1739809219039 66.56377523626294 312
1739809219066 64.79423633838586 313
1739809219071 69.15040718454067 314
1739809219096 67.14752214138652 315
1739809219103 64.9859022435918 316
1739809219126 66.41026881107322 317
1739809219135 65.98933519192062 318
1739809219156 69.0402068346676 319
1739809219167 64.93439992044023 320
1739809219182 66.29864099431462 321
1739809219201 65.0022150959342 322
1739809219215 65.38769618188212 323
1739809219230 66.15955624107507 324
1739809219246 66.08838021552565 325
1739809219262 64.70824194230056 326
1739809219278 65.89314377521033 327
1739809219294 66.63858083388995 328
1739809219310 67.27112143449675 329
1739809219326 64.94858951763183 330
1739809219341 63.79007902730414 331
1739809219357 65.20910629877457 332
1739809219357 64.66271968842646 333
1739809219385 64.82506831598498 334
1739809219393 66.84702667308598 335
1739809219416 63.785381109423575 336
1739809219421 61.65434377843203 337
1739809219446 59.866294470782094 338
1739809219453 65.17049604599595 339
1739809219476 64.66052290469769 340
1739809219485 62.54851179145744 341
1739809219507 64.69232766361856 342
1739809219516 62.727150669355645 343
1739809219538 61.64600162491726 344
1739809219548 60.89194772426933 345
1739809219569 61.47065441824606 346
1739809219580 61.67386264864281 347
1739809219599 61.818704466729834 348
1739809219611 61.54463698377256 349
1739809219630 62.411459643840864 350
1739809219643 58.84517758911127 351
1739809219662 64.25852361239257 352
1739809219675 60.143891580245274 353
1739809219693 59.98036066350397 354
1739809219707 62.26364595135157 355
1739809219725 62.093716238946534 356
1739809219738 58.39620838193072 357
1739809219754 59.09758230365419 358
1739809219770 60.70879458701444 359
1739809219786 59.289799533131905 360
1739809219802 58.919514629993145 361
1739809219820 59.3054774566738 362
1739809219834 59.54842375841374 363
1739809219849 55.27847743551097 364
1739809219865 58.3382685894494 365
1739809219881 57.62405890397615 366
1739809219897 60.10280787917453 367
1739809219910 56.28611377708396 368
1739809219913 58.605983807159426 369
1739809219940 58.98793673350944 370
1739809219958 55.665668826757845 371
1739809219971 54.94145737326948 372
1739809219976 58.342317233494384 373
1739809220002 57.26602927957516 374
1739809220008 55.59010153058234 375
1739809220033 61.2047749969041 376
1739809220039 57.911431685371234 377
1739809220062 58.35210384480602 378
1739809220072 54.16038642671152 379
1739809220095 58.274350614615116 380
1739809220103 55.73105246391403 381
1739809220119 54.51190501037172 382
1739809220143 57.29196023806087 383
1739809220156 55.19904711791431 384
1739809220167 55.16441969525704 385
1739809220187 53.24188119384252 386
1739809220199 56.253246289776314 387
1739809220217 56.81699991209956 388
1739809220231 54.292682214762465 389
1739809220247 55.325062015266134 390
1739809220263 53.04524413535786 391
1739809220279 52.480136803495 392
1739809220294 53.40835863481135 393
1739809220310 54.75001575335526 394
1739809220326 52.80551475773439 395
1739809220342 53.04911826300531 396
1739809220358 53.25071912514404 397
1739809220373 53.02798608622284 398
1739809220389 52.8141522536151 399
1739809220404 52.560349278123546 400
1739809220422 53.12763756355713 401
1739809220436 51.620117863408765 402
1739809220452 54.261461715626204 403
1739809220468 52.00355084252113 404
1739809220468 51.9267664776286 405
1739809220495 53.01293323997238 406
1739809220500 53.36064887991447 407
1739809220526 51.871909167360066 408
1739809220532 53.64660662478046 409
1739809220557 53.58163716370177 410
1739809220564 51.725619892867996 411
1739809220588 51.29583144155772 412
1739809220596 51.54224399288034 413
1739809220617 52.84782526715667 414
1739809220628 49.9465094965836 415
1739809220647 51.71578857859774 416
1739809220661 52.249339256138335 417
1739809220679 51.95339041247952 418
1739809220691 50.86099469985973 419
1739809220710 49.93863562291865 420
1739809220723 51.11846198496738 421
1739809220741 50.66718613994143 422
1739809220755 50.83196577609452 423
1739809220770 50.476592925071735 424
1739809220786 50.94320215074051 425
1739809220802 47.08703037295083 426
1739809220818 48.235423350770695 427
1739809220834 50.77318966351438 428
1739809220834 51.16572887183154 429
1739809220862 48.35999015808642 430
1739809220868 47.58466717198101 431
1739809220882 47.98089100314421 432
1739809220898 47.04216297540355 433
1739809220926 47.220501342888205 434
1739809220940 48.0815839620539 435
1739809220952 48.41113124739041 436
1739809220961 49.88540391576264 437
1739809220982 50.617161484924026 438
1739809221003 48.295572763486796 439
1739809221017 46.85347836335195 440
1739809221024 48.092112221388106 441
1739809221045 46.012075503957384 442
1739809221056 48.01650423892509 443
1739809221077 48.59457581050672 444
1739809221087 48.28235420878372 445
1739809221107 45.1165181414625 446
1739809221119 46.20112811999621 447
1739809221138 47.206638824662626 448
1739809221151 47.27605765725161 449
1739809221167 45.54376692483579 450
1739809221184 47.7245821209802 451
1739809221199 45.17243023036 452
1739809221215 44.58678234513647 453
1739809221227 43.73992620000367 454
1739809221244 44.77664108200846 455
1739809221256 46.07123890900801 456
1739809221262 45.41971025783753 457
1739809221287 44.98534680828144 458
1739809221294 43.947340935297 459
1739809221319 44.07997268593029 460
1739809221326 44.47253374166755 461
1739809221349 43.7818585150287 462
1739809221358 44.84156451560095 463
1739809221380 47.34309702637332 464
1739809221390 45.11338512018438 465
1739809221410 46.65243930034456 466
1739809221421 45.30669137395439 467
1739809221441 43.35860350964499 468
1739809221453 46.03908805439523 469
1739809221469 46.908183306133274 470
1739809221485 43.35540369726434 471
1739809221500 44.62681689556339 472
1739809221516 43.2291879954798 473
1739809221532 40.98961319192312 474
1739809221548 42.8158481160296 475
1739809221564 43.38658036560581 476
1739809221579 41.35750636865267 477
1739809221595 42.1186387755411 478
1739809221611 43.4673371450393 479
1739809221627 42.584986736216436 480
1739809221643 45.57317453922193 481
1739809221659 42.46318306731217 482
1739809221659 44.59924734376543 483
1739809221686 43.77281239489432 484
1739809221691 42.82268771959711 485
1739809221716 42.01194321271419 486
1739809221723 42.27084427998249 487
1739809221747 39.99040358406256 488
1739809221755 41.76464707035279 489
1739809221778 39.71330786106914 490
1739809221787 41.43569806752073 491
1739809221808 42.70002370619455 492
1739809221827 40.7127120057052 493
1739809221839 39.789689399814954 494
1739809221850 42.090111485469706 495
1739809221871 41.703935501875 496
1739809221882 41.03190160594261 497
1739809221902 40.18727696109683 498
1739809221914 40.20284488402728 499
