1739809070489 169.31656436873206 0
1739809070505 168.642376270549 1
1739809070520 168.57651045524597 2
1739809070536 168.50947139032797 3
1739809070536 168.4424627450857 4
1739809070552 168.3754821267867 5
1739809070568 168.30852952814075 6
1739809070584 168.24160493714288 7
1739809070600 168.1747083418026 8
1739809070616 168.10783973013477 9
1739809070634 168.04099909015918 10
1739809070648 167.97418640990102 11
1739809070648 167.90740167739057 12
1739809070664 167.8406448806633 13
1739809070680 167.77391600775994 14
1739809070696 167.7072150467263 15
1739809070712 167.64054198561348 16
1739809070728 167.5738968124777 17
1739809070744 167.50727951538028 18
1739809070759 167.44069008238787 19
1739809070759 167.37412850157224 20
1739809070791 167.3075947610102 21
1739809070791 167.24108884878393 22
1739809070807 167.17461075298058 23
1739809070823 167.10816046169268 24
1739809070838 167.04173796301774 25
1739809070854 166.97534324505847 26
1739809070870 166.90897629592277 27
1739809070886 166.84263710372363 28
1739809070902 166.7763256565794 29
1739809070902 166.7100419426132 30
1739809070917 166.6437859499537 31
1739809070934 166.5775576667344 32
1739809070949 166.51135708109416 33
1739809070966 166.4451841811769 34
1739809070981 166.3790389551316 35
1739809070997 166.3129213911125 36
1739809070997 166.24683147727887 37
1739809071013 166.18076920179521 38
1739809071029 166.11473455283112 39
1739809071045 166.04872751856132 40
1739809071063 165.98274808716556 41
1739809071076 165.91679624682885 42
1739809071076 165.85087198574126 43
1739809071092 165.78497529209795 44
1739809071108 165.7191061540993 45
1739809071124 165.6532645599507 46
1739809071140 165.58745049786273 47
1739809071156 165.52166395605087 48
1739809071156 165.45590492273612 49
1739809071172 165.39017338614414 50
1739809071190 165.32446933450595 51
1739809071203 165.25879275605757 52
1739809071219 165.19314363904027 53
1739809071242 165.12752197170022 54
1739809071251 165.06192774228876 55
1739809071267 164.99636093906233 56
1739809071283 164.9308215502825 57
1739809071283 164.8653095642158 58
1739809071299 164.79982496913402 59
1739809071315 164.73436775331385 60
1739809071331 164.6689379050372 61
1739809071347 164.60353541259101 62
1739809071362 164.5381602642673 63
1739809071378 164.47281244836316 64
1739809071378 164.40749195318068 65
1739809071394 164.34219876702716 66
1739809071411 164.2769328782149 67
1739809071426 164.21169427506115 68
1739809071442 164.14648294588844 69
1739809071458 164.08129887902422 70
1739809071475 164.01614206280107 71
1739809071490 163.9510124855565 72
1739809071490 163.88591013563322 73
1739809071507 163.8208350013789 74
1739809071523 163.75578707114633 75
1739809071538 163.69076633329328 76
1739809071554 163.62577277618254 77
1739809071570 163.56080638818207 78
1739809071583 163.4958671576648 79
1739809071603 163.43095507300862 80
1739809071621 163.3660701225966 81
1739809071639 163.3012122948167 82
1739809071661 163.23638157806204 83
1739809071674 163.17157796073073 84
1739809071680 163.10680143122582 85
1739809071703 163.0420519779555 86
1739809071712 162.97732958933295 87
1739809071729 162.9126342537763 88
1739809071744 162.84796595970886 89
1739809071759 162.7833246955588 90
1739809071767 162.7187104497593 91
1739809071775 162.65412321074865 92
1739809071791 162.5895629669702 93
1739809071807 162.52502970687206 94
1739809071822 162.46052341890763 95
1739809071839 162.39604409153515 96
1739809071839 162.33159171321785 97
1739809071854 162.26716627242405 98
1739809071870 162.20276775762702 99
1739809071886 162.138396157305 100
1739809071902 162.07405145994127 101
1739809071917 162.0097336540241 102
1739809071933 161.94544272804671 103
1739809071933 161.8811786705073 104
1739809071949 161.81694146990907 105
1739809071965 161.75273111476028 106
1739809071981 161.68854759357401 107
1739809071997 161.62439089486847 108
1739809072012 161.5602610071668 109
1739809072029 161.49615791899694 110
1739809072044 161.43208161889208 111
1739809072044 161.36803209539028 112
1739809072060 161.30400933703444 113
1739809072076 161.24001333237257 114
1739809072092 161.1760440699576 115
1739809072108 161.1121015383474 116
1739809072124 161.0481857261048 117
1739809072140 160.98429662179763 118
1739809072140 160.9204342139986 119
1739809072156 160.8565984912854 120
1739809072172 160.79278944224075 121
1739809072188 160.72900705545214 122
1739809072203 160.6652513195122 123
1739809072219 160.6015222230184 124
1739809072235 160.53781975457312 125
1739809072239 160.47414390278377 126
1739809072262 160.41049465626259 127
1739809072276 160.34687200362688 128
1739809072282 160.28327593349874 129
1739809072298 160.21970643450527 130
1739809072317 160.15616349527852 131
1739809072331 160.09264710445544 132
1739809072331 160.02915725067788 133
1739809072346 159.96569392259258 134
1739809072362 159.90225710885136 135
1739809072378 159.83884679811072 136
1739809072394 159.77546297903228 137
1739809072410 159.71210564028246 138
1739809072427 159.64877477053264 139
1739809072441 159.58547035845913 140
1739809072448 159.52219239274297 141
1739809072456 159.45894086207036 142
1739809072472 159.39571575513222 143
1739809072488 159.3325170606245 144
1739809072504 159.26934476724787 145
1739809072519 159.2061988637081 146
1739809072519 159.14307933871572 147
1739809072535 159.07998618098617 148
1739809072551 159.01691937923985 149
1739809072568 158.9538789222019 150
1739809072583 158.8908647986025 151
1739809072605 158.82787699717667 152
1739809072617 158.76491550666424 153
1739809072630 158.70198031581 154
1739809072647 158.63907141336358 155
1739809072647 158.57618878807943 156
1739809072662 158.51333242871704 157
1739809072679 158.45050232404054 158
1739809072694 158.3876984628192 159
1739809072710 158.32492083382684 160
1739809072726 158.26216942584236 161
1739809072742 158.19944422764948 162
1739809072742 158.13674522803683 163
1739809072758 158.0740724157977 164
1739809072774 158.01142577973047 165
1739809072790 157.94880530863824 166
1739809072806 157.886210991329 167
1739809072821 157.82364281661552 168
1739809072837 157.7611007733156 169
1739809072853 157.69858485025162 170
1739809072853 157.636095036251 171
1739809072869 157.57363132014598 172
1739809072885 157.5111936907736 173
1739809072901 157.44878213697567 174
1739809072917 157.3863966475989 175
1739809072933 157.32403721149498 176
1739809072949 157.26170381752004 177
1739809072949 157.19939645453547 178
1739809072964 157.13711511140724 179
1739809072980 157.07485977700617 180
1739809072996 157.01263044020794 181
1739809073012 156.95042708989308 182
1739809073028 156.88824971494685 183
1739809073043 156.82609830425938 184
1739809073043 156.76397284672552 185
1739809073060 156.70187333124517 186
1739809073076 156.63979974672276 187
1739809073091 156.57775208206772 188
1739809073107 156.51573032619413 189
1739809073123 156.45373446802105 190
1739809073138 156.39176449647218 191
1739809073154 156.3298204004761 192
1739809073154 156.26790216896615 193
1739809073170 156.20600979088047 194
1739809073186 156.14414325516208 195
1739809073202 156.0823025507586 196
1739809073218 156.02048766662264 197
1739809073234 155.95869859171148 198
1739809073250 155.89693531498722 199
1739809073250 155.83519782541666 200
1739809073266 155.77348611197158 201
1739809073282 155.71180016362825 202
1739809073298 155.65013996936798 203
1739809073314 155.58850551817673 204
1739809073329 155.5268967990452 205
1739809073346 155.46531380096897 206
1739809073346 155.4037565129483 207
1739809073362 155.34222492398817 208
1739809073378 155.28071902309844 209
1739809073394 155.21923879929372 210
1739809073410 155.15778424159325 211
1739809073426 155.09635533902122 212
1739809073426 155.03495208060636 213
1739809073442 154.97357445538233 214
1739809073458 154.91222245238743 215
1739809073474 154.85089606066472 216
1739809073490 154.78959526926215 217
1739809073506 154.7283200672322 218
1739809073506 154.6670704436322 219
1739809073522 154.60584638752422 220
1739809073538 154.5446478879751 221
1739809073554 154.48347493405632 222
1739809073570 154.42232751484417 223
1739809073586 154.36120561941962 224
1739809073586 154.30010923686842 225
1739809073602 154.23903835628104 226
1739809073617 154.17799296675258 227
1739809073633 154.11697305738303 228
1739809073649 154.05597861727705 229
1739809073665 153.99500963554385 230
1739809073681 153.9340661012976 231
1739809073681 153.87314800365704 232
1739809073710 153.81225533174563 233
1739809073712 153.75138807469162 234
1739809073727 153.69054622162787 235
1739809073743 153.62972976169203 236
1739809073759 153.56893868402645 237
1739809073775 153.50817297777806 238
1739809073775 153.44743263209867 239
1739809073791 153.38671763614465 240
1739809073807 153.32602797907714 241
1739809073823 153.26536365006197 242
1739809073839 153.2047246382696 243
1739809073854 153.14411093287526 244
1739809073854 153.08352252305883 245
1739809073880 153.0229593980049 246
1739809073886 152.96242154690268 247
1739809073908 152.90190895894614 248
1739809073918 152.84142162333387 249
1739809073933 152.78095952926915 250
1739809073941 152.72052266596006 251
1739809073960 152.66011102261913 252
1739809073972 152.59972458846372 253
1739809073982 152.53936335271584 254
1739809073998 152.47902730460208 255
1739809074014 152.41871643335384 256
1739809074029 152.35843072820703 257
1739809074045 152.29817017840233 258
1739809074061 152.23793477318512 259
1739809074077 152.17772450180524 260
1739809074077 152.1175393535174 261
1739809074093 152.05737931758085 262
1739809074109 151.99724438325947 263
1739809074125 151.9371345398219 264
1739809074141 151.8770497765413 265
1739809074156 151.81699008269564 266
1739809074156 151.75695544756735 267
1739809074172 151.69694586044363 268
1739809074188 151.6369613106162 269
1739809074204 151.57700178738156 270
1739809074220 151.51706728004078 271
1739809074236 151.45715777789954 272
1739809074244 151.39727327026816 273
1739809074252 151.33741374646158 274
1739809074268 151.2775791957995 275
1739809074283 151.217769607606 276
1739809074299 151.15798497121003 277
1739809074315 151.09822527594494 278
1739809074331 151.03849051114884 279
1739809074331 150.9787806661645 280
1739809074347 150.91909573033917 281
1739809074363 150.8594356930248 282
1739809074379 150.79980054357785 283
1739809074395 150.74019027135958 284
1739809074411 150.68060486573566 285
1739809074411 150.62104431607648 286
1739809074427 150.561508611757 287
1739809074452 150.50199774215682 288
1739809074465 150.44251169665995 289
1739809074473 150.38305046465538 290
1739809074490 150.32361403553628 291
1739809074505 150.2642023987007 292
1739809074505 150.2048155435511 293
1739809074522 150.14545345949466 294
1739809074537 150.0861161359431 295
1739809074553 150.02680356231264 296
1739809074568 149.96751572802432 297
1739809074585 149.90825262250345 298
1739809074600 149.84901423518016 299
1739809074616 149.78980055548902 300
1739809074629 149.73061157286926 301
1739809074643 149.67144727676467 302
1739809074648 149.61230765662353 303
1739809074664 149.55319270189878 304
1739809074680 149.49410240204793 305
1739809074697 149.435036746533 306
1739809074697 149.37599572482054 307
1739809074713 149.31697932638187 308
1739809074729 149.2579875406925 309
1739809074745 149.19902035723288 310
1739809074760 149.1400777654878 311
1739809074776 149.08115975494667 312
1739809074778 149.02226631510342 313
1739809074793 148.9633974354565 314
1739809074808 148.90455310550902 315
1739809074824 148.84573331476855 316
1739809074840 148.78693805274716 317
1739809074856 148.7281673089616 318
1739809074856 148.66942107293312 319
1739809074872 148.6106993341873 320
1739809074888 148.55200208225457 321
1739809074904 148.49332930666966 322
1739809074919 148.43468099697202 323
1739809074935 148.37605714270543 324
1739809074951 148.31745773341837 325
1739809074967 148.2588827586637 326
1739809074967 148.20033220799897 327
1739809074983 148.14180607098606 328
1739809074999 148.08330433719152 329
1739809075015 148.02482699618633 330
1739809075031 147.9663740375461 331
1739809075047 147.90794545085075 332
1739809075047 147.849541225685 333
1739809075063 147.79116135163773 334
1739809075078 147.73280581830264 335
1739809075094 147.67447461527775 336
1739809075110 147.61616773216574 337
1739809075126 147.55788515857358 338
1739809075142 147.4996268841129 339
1739809075158 147.44139289839984 340
1739809075158 147.38318319105485 341
1739809075174 147.32499775170314 342
1739809075190 147.26683656997423 343
1739809075205 147.20869963550214 344
1739809075221 147.15058693792542 345
1739809075237 147.09249846688718 346
1739809075253 147.03443421203485 347
1739809075253 146.9763941630205 348
1739809075269 146.91837830950053 349
1739809075285 146.86038664113596 350
1739809075301 146.8024191475922 351
1739809075323 146.74447581853917 352
1739809075333 146.68655664365122 353
1739809075349 146.62866161260726 354
1739809075365 146.57079071509054 355
1739809075365 146.51294394078892 356
1739809075381 146.4551212793946 357
1739809075397 146.3973227206043 358
1739809075413 146.33954825411925 359
1739809075429 146.28179786964506 360
1739809075445 146.22407155689177 361
1739809075461 146.166369305574 362
1739809075461 146.1086911054107 363
1739809075477 146.05103694612535 364
1739809075493 145.99340681744584 365
1739809075509 145.93580070910454 366
1739809075525 145.87821861083825 367
1739809075541 145.82066051238814 368
1739809075556 145.7631264035 369
1739809075556 145.70561627392385 370
1739809075572 145.64813011341428 371
1739809075588 145.59066791173032 372
1739809075604 145.53322965863532 373
1739809075620 145.47581534389724 374
1739809075636 145.41842495728827 375
1739809075636 145.3610584885852 376
1739809075652 145.30371592756913 377
1739809075668 145.24639726402566 378
1739809075684 145.18910248774475 379
1739809075700 145.1318315885208 380
1739809075716 145.07458455615273 381
1739809075716 145.01736138044365 382
1739809075734 144.9601620512013 383
1739809075748 144.90298655823779 384
1739809075764 144.8458348913695 385
1739809075779 144.78870704041736 386
1739809075795 144.73160299520674 387
1739809075811 144.67452274556723 388
1739809075811 144.617466281333 389
1739809075827 144.56043359234255 390
1739809075843 144.50342466843878 391
1739809075859 144.44643949946902 392
1739809075881 144.38947807528493 393
1739809075890 144.33254038574265 394
1739809075906 144.2756264207026 395
1739809075922 144.2187361700297 396
1739809075922 144.1618696235932 397
1739809075938 144.10502677126678 398
1739809075954 144.0482076029284 399
1739809075970 143.99141210846048 400
1739809075986 143.9346402777499 401
1739809076002 143.87789210068775 402
1739809076002 143.82116756716962 403
1739809076018 143.7644666670954 404
1739809076034 143.7077893903694 405
1739809076050 143.65113572690035 406
1739809076065 143.59450566660115 407
1739809076082 143.53789919938927 408
1739809076082 143.4813163151865 409
1739809076097 143.42475700391893 410
1739809076114 143.36822125551703 411
1739809076129 143.31170905991576 412
1739809076145 143.25522040705417 413
1739809076162 143.1987552868759 414
1739809076177 143.14231368932886 415
1739809076177 143.08589560436536 416
1739809076193 143.0295010219419 417
1739809076209 142.97312993201956 418
1739809076225 142.91678232456357 419
1739809076242 142.86045818954364 420
1739809076257 142.80415751693369 421
1739809076257 142.74788029671214 422
1739809076274 142.6916265188616 423
1739809076290 142.63539617336912 424
1739809076306 142.579189250226 425
1739809076321 142.52300573942796 426
1739809076337 142.46684563097497 427
1739809076353 142.4107089148714 428
1739809076353 142.3545955811259 429
1739809076369 142.2985056197514 430
1739809076385 142.24243902076532 431
1739809076401 142.18639577418924 432
1739809076417 142.13037587004908 433
1739809076433 142.0743792983751 434
1739809076433 142.01840604920199 435
1739809076449 141.96245611256853 436
1739809076466 141.906529478518 437
1739809076481 141.8506261370979 438
1739809076498 141.79474607836 439
1739809076514 141.73888929236054 440
1739809076514 141.6830557691599 441
1739809076529 141.62724549882282 442
1739809076545 141.57145847141834 443
1739809076561 141.5156946770198 444
1739809076577 141.45995410570484 445
1739809076592 141.40423674755542 446
1739809076609 141.34854259265776 447
1739809076623 141.29287163110232 448
1739809076635 141.23722385298396 449
1739809076648 141.18159924840174 450
1739809076656 141.12599780745907 451
1739809076672 141.07041952026356 452
1739809076693 141.01486437692725 453
1739809076704 140.95933236756622 454
1739809076719 140.9038234823011 455
1739809076735 140.84833771125668 456
1739809076752 140.79287504456192 457
1739809076752 140.7374354723501 458
1739809076769 140.68201898475903 459
1739809076792 140.62662557193036 460
1739809076807 140.57125522401032 461
1739809076820 140.5159079311493 462
1739809076831 140.4605836835019 463
1739809076847 140.40528247122717 464
1739809076847 140.35000428448822 465
1739809076863 140.29474911345244 466
1739809076879 140.23951694829157 467
1739809076895 140.18430777918155 468
1739809076911 140.1291215963026 469
1739809076911 140.0739583898392 470
1739809076927 140.01881814997995 471
1739809076944 139.96370086691783 472
1739809076959 139.9086065308501 473
1739809076975 139.85353513197813 474
1739809076990 139.79848666050762 475
1739809077006 139.74346110664843 476
1739809077023 139.6884584606148 477
1739809077027 139.63347871262505 478
1739809077042 139.57852185290182 479
1739809077061 139.523587871672 480
1739809077069 139.46867675916658 481
1739809077085 139.41378850562094 482
1739809077101 139.3589231012746 483
1739809077115 139.3040805363713 484
1739809077117 139.24926080115904 485
1739809077142 139.19446388589006 486
1739809077148 139.1396897808207 487
1739809077169 139.08493847621165 488
1739809077180 139.03020996232777 489
1739809077196 138.97550422943812 490
1739809077203 138.92082126781597 491
1739809077223 138.8661610677388 492
1739809077228 138.81152361948833 493
1739809077249 138.75690891335043 494
1739809077260 138.7023169396153 495
1739809077276 138.6477476885771 496
1739809077292 138.59320115053444 497
1739809077304 138.53867731579004 498
1739809077308 138.48417617465074 499
