1739809034819 179.77324055262648 0
1739809034828 179.70133163552853 1
1739809034844 179.62945292521695 2
1739809034860 179.5576044087168 3
1739809034876 179.48578607305876 4
1739809034892 179.41399790527902 5
1739809034892 179.34223989241957 6
1739809034908 179.270512021528 7
1739809034924 179.19881427965746 8
1739809034940 179.12714665386673 9
1739809034955 179.05550913122036 10
1739809034971 178.9839016987883 11
1739809034988 178.9123243436463 12
1739809035004 178.8407770528756 13
1739809035004 178.7692598135632 14
1739809035020 178.6977726128015 15
1739809035035 178.62631543768873 16
1739809035052 178.55488827532858 17
1739809035067 178.4834911128305 18
1739809035083 178.41212393730925 19
1739809035101 178.3407867358856 20
1739809035121 178.26947949568552 21
1739809035132 178.19820220384085 22
1739809035146 178.12695484748886 23
1739809035146 178.05573741377253 24
1739809035162 177.98454988984034 25
1739809035179 177.91339226284637 26
1739809035194 177.8422645199504 27
1739809035210 177.7711666483175 28
1739809035226 177.70009863511865 29
1739809035245 177.62906046753022 30
1739809035259 177.55805213273425 31
1739809035274 177.4870736179182 32
1739809035288 177.4161249102753 33
1739809035288 177.34520599700417 34
1739809035304 177.2743168653091 35
1739809035321 177.20345750239983 36
1739809035337 177.1326278954918 37
1739809035353 177.06182803180593 38
1739809035369 176.99105789856867 39
1739809035369 176.92031748301213 40
1739809035385 176.8496067723738 41
1739809035401 176.77892575389683 42
1739809035417 176.70827441482993 43
1739809035432 176.63765274242732 44
1739809035448 176.56706072394866 45
1739809035448 176.49649834665937 46
1739809035464 176.42596559783013 47
1739809035481 176.35546246473743 48
1739809035496 176.28498893466303 49
1739809035513 176.21454499489442 50
1739809035513 176.1441306327246 51
1739809035529 176.07374583545183 52
1739809035545 176.00339059038026 53
1739809035561 175.9330648848193 54
1739809035577 175.86276870608398 55
1739809035593 175.79250204149486 56
1739809035609 175.72226487837787 57
1739809035609 175.65205720406462 58
1739809035625 175.58187900589215 59
1739809035641 175.51173027120302 60
1739809035657 175.44161098734523 61
1739809035673 175.3715211416724 62
1739809035689 175.30146072154344 63
1739809035689 175.231429714323 64
1739809035706 175.16142810738108 65
1739809035722 175.09145588809318 66
1739809035737 175.02151304384026 67
1739809035753 174.95159956200888 68
1739809035769 174.88171542999092 69
1739809035769 174.81186063518388 70
1739809035801 174.74203516499068 71
1739809035801 174.67223900681967 72
1739809035817 174.60247214808473 73
1739809035834 174.53273457620523 74
1739809035850 174.4630262786059 75
1739809035865 174.39334724271703 76
1739809035865 174.32369745597435 77
1739809035881 174.25407690581906 78
1739809035898 174.18448557969782 79
1739809035914 174.11492346506267 80
1739809035929 174.0453905493712 81
1739809035945 173.97588682008637 82
1739809035961 173.9064122646767 83
1739809035961 173.836966870616 84
1739809035977 173.76755062538362 85
1739809035993 173.69816351646438 86
1739809036009 173.62880553134852 87
1739809036025 173.5594766575316 88
1739809036041 173.4901768825147 89
1739809036056 173.42090619380446 90
1739809036056 173.35166457891268 91
1739809036073 173.28245202535683 92
1739809036089 173.21326852065965 93
1739809036111 173.14411405234935 94
1739809036121 173.0749886079596 95
1739809036137 173.00589217502943 96
1739809036153 172.9368247411033 97
1739809036153 172.86778629373106 98
1739809036169 172.79877682046808 99
1739809036185 172.729796308875 100
1739809036201 172.66084474651788 101
1739809036217 172.5919221209683 102
1739809036232 172.52302841980313 103
1739809036232 172.45416363060468 104
1739809036249 172.38532774096055 105
1739809036264 172.31652073846402 106
1739809036280 172.24774261071337 107
1739809036296 172.1789933453126 108
1739809036312 172.1102729298709 109
1739809036312 172.0415813520029 110
1739809036328 171.97291859932872 111
1739809036344 171.90428465947357 112
1739809036360 171.83567952006842 113
1739809036376 171.76710316874932 114
1739809036392 171.69855559315778 115
1739809036407 171.63003678094074 116
1739809036407 171.56154671975045 117
1739809036423 171.49308539724447 118
1739809036439 171.42465280108584 119
1739809036455 171.35624891894295 120
1739809036471 171.28787373848937 121
1739809036471 171.2195272474043 122
1739809036487 171.15120943337206 123
1739809036505 171.0829202840824 124
1739809036518 171.01465978723056 125
1739809036534 170.94642793051685 126
1739809036550 170.87822470164713 127
1739809036566 170.81005008833256 128
1739809036566 170.74190407828962 129
1739809036581 170.67378665924008 130
1739809036597 170.60569781891112 131
1739809036613 170.5376375450353 132
1739809036629 170.46960582535027 133
1739809036645 170.40160264759936 134
1739809036645 170.33362799953093 135
1739809036661 170.26568186889875 136
1739809036677 170.19776424346202 137
1739809036693 170.1298751109851 138
1739809036709 170.0620144592378 139
1739809036709 169.99418227599503 140
1739809036725 169.92637854903734 141
1739809036741 169.8586032661503 142
1739809036757 169.79085641512495 143
1739809036773 169.72313798375757 144
1739809036789 169.65544795984974 145
1739809036805 169.58778633120838 146
1739809036805 169.52015308564563 147
1739809036821 169.452548210979 148
1739809036837 169.38497169503123 149
1739809036852 169.31742352563046 150
1739809036868 169.24990369060998 151
1739809036884 169.1824121778085 152
1739809036884 169.11494897506986 153
1739809036900 169.04751407024332 154
1739809036916 168.9801074511834 155
1739809036932 168.91272910574975 156
1739809036948 168.84537902180745 157
1739809036964 168.77805718722686 158
1739809036964 168.71076358988353 159
1739809036980 168.64349821765828 160
1739809036997 168.5762610584372 161
1739809037012 168.50905210011177 162
1739809037028 168.4418713305785 163
1739809037044 168.37471873773933 164
1739809037044 168.3075943095014 165
1739809037060 168.24049803377707 166
1739809037076 168.17342989848407 167
1739809037092 168.1063898915453 168
1739809037108 168.03937800088883 169
1739809037123 167.9723942144481 170
1739809037139 167.90543852016168 171
1739809037157 167.83851090597355 172
1739809037171 167.77161135983275 173
1739809037171 167.7047398696936 174
1739809037187 167.63789642351574 175
1739809037203 167.57108100926396 176
1739809037219 167.50429361490822 177
1739809037235 167.4375342284239 178
1739809037250 167.37080283779144 179
1739809037250 167.30409943099656 180
1739809037266 167.23742399603015 181
1739809037290 167.17077652088835 182
1739809037304 167.10415699357256 183
1739809037313 167.03756540208929 184
1739809037329 166.9710017344504 185
1739809037345 166.90446597867285 186
1739809037345 166.8379581227788 187
1739809037361 166.77147815479566 188
1739809037376 166.705026062756 189
1739809037392 166.6386018346977 190
1739809037408 166.57220545866372 191
1739809037425 166.5058369227022 192
1739809037440 166.43949621486658 193
1739809037454 166.37318332321536 194
1739809037465 166.30689823581235 195
1739809037472 166.24064094072648 196
1739809037487 166.17441142603187 197
1739809037503 166.10820967980783 198
1739809037520 166.04203569013885 199
1739809037536 165.97588944511452 200
1739809037536 165.90977093282973 201
1739809037551 165.84368014138448 202
1739809037567 165.77761705888398 203
1739809037587 165.7115816734385 204
1739809037599 165.64557397316352 205
1739809037615 165.5795939461798 206
1739809037631 165.5136415806131 207
1739809037631 165.44771686459447 208
1739809037653 165.38181978626002 209
1739809037663 165.315950333751 210
1739809037679 165.25010849521388 211
1739809037694 165.18429425880026 212
1739809037710 165.11850761266692 213
1739809037726 165.05274854497563 214
1739809037742 164.98701704389356 215
1739809037742 164.92131309759276 216
1739809037758 164.85563669425062 217
1739809037774 164.7899878220495 218
1739809037790 164.72436646917703 219
1739809037806 164.6587726238259 220
1739809037822 164.59320627419396 221
1739809037822 164.52766740848406 222
1739809037838 164.46215601490445 223
1739809037855 164.3966720816682 224
1739809037870 164.33121559699376 225
1739809037886 164.26578654910446 226
1739809037902 164.20038492622888 227
1739809037918 164.13501071660073 228
1739809037918 164.06966390845875 229
1739809037934 164.00434449004686 230
1739809037950 163.93905244961402 231
1739809037966 163.8737877754144 232
1739809037982 163.80855045570715 233
1739809037997 163.74334047875652 234
1739809037997 163.67815783283203 235
1739809038013 163.61300250620803 236
1739809038029 163.54787448716422 237
1739809038045 163.48277376398522 238
1739809038061 163.41770032496086 239
1739809038077 163.35265415838592 240
1739809038093 163.28763525256036 241
1739809038093 163.2226435957892 242
1739809038111 163.15767917638257 243
1739809038125 163.09274198265558 244
1739809038141 163.02783200292853 245
1739809038157 162.96294922552676 246
1739809038173 162.89809363878055 247
1739809038189 162.83326523102548 248
1739809038189 162.76846399060204 249
1739809038205 162.70368990585578 250
1739809038221 162.63894296513746 251
1739809038237 162.57422315680267 252
1739809038253 162.50953046921228 253
1739809038269 162.44486489073205 254
1739809038269 162.3802264097329 255
1739809038285 162.31561501459072 256
1739809038301 162.25103069368652 257
1739809038317 162.1864734354063 258
1739809038333 162.1219432281412 259
1739809038349 162.05744006028723 260
1739809038349 161.9929639202456 261
1739809038365 161.92851479642246 262
1739809038381 161.86409267722905 263
1739809038397 161.7996975510817 264
1739809038413 161.73532940640155 265
1739809038429 161.67098823161507 266
1739809038445 161.6066740151535 267
1739809038445 161.54238674545326 268
1739809038461 161.47812641095567 269
1739809038477 161.4138930001072 270
1739809038493 161.34968650135932 271
1739809038509 161.28550690316834 272
1739809038526 161.22135419399584 273
1739809038530 161.15722836230822 274
1739809038541 161.093129396577 275
1739809038557 161.02905728527858 276
1739809038573 160.96501201689458 277
1739809038589 160.90099357991141 278
1739809038605 160.8370019628205 279
1739809038621 160.77303715411847 280
1739809038621 160.70909914230674 281
1739809038637 160.6451879158918 282
1739809038653 160.58130346338504 283
1739809038669 160.51744577330302 284
1739809038685 160.45361483416713 285
1739809038701 160.38981063450385 286
1739809038717 160.32603316284457 287
1739809038732 160.2622824077257 288
1739809038732 160.19855835768854 289
1739809038749 160.13486100127952 290
1739809038765 160.07119032704992 291
1739809038780 160.00754632355606 292
1739809038796 159.94392897935919 293
1739809038812 159.88033828302554 294
1739809038812 159.81677422312634 295
1739809038828 159.75323678823767 296
1739809038844 159.68972596694076 297
1739809038860 159.62624174782164 298
1739809038875 159.5627841194713 299
1739809038892 159.49935307048585 300
1739809038892 159.4359485894661 301
1739809038908 159.37257066501803 302
1739809038924 159.30921928575248 303
1739809038940 159.24589444028516 304
1739809038956 159.18259611723687 305
1739809038972 159.11932430523328 306
1739809038988 159.05607899290504 307
1739809038988 158.99286016888757 308
1739809039005 158.92966782182154 309
1739809039026 158.8665019403522 310
1739809039036 158.80336251313003 311
1739809039052 158.74024952881018 312
1739809039069 158.67716297605298 313
1739809039084 158.61410284352348 314
1739809039084 158.55106911989174 315
1739809039100 158.48806179383277 316
1739809039116 158.4250808540264 317
1739809039132 158.3621262891575 318
1739809039148 158.2991980879157 319
1739809039164 158.23629623899572 320
1739809039180 158.17342073109705 321
1739809039180 158.11057155292417 322
1739809039197 158.0477486931864 323
1739809039213 157.984952140598 324
1739809039229 157.92218188387812 325
1739809039245 157.8594379117508 326
1739809039260 157.79672021294505 327
1739809039276 157.73402877619463 328
1739809039276 157.67136359023834 329
1739809039292 157.60872464381978 330
1739809039308 157.54611192568748 331
1739809039324 157.48352542459477 332
1739809039340 157.42096512930007 333
1739809039340 157.35843102856643 334
1739809039357 157.29592311116193 335
1739809039373 157.23344136585948 336
1739809039389 157.17098578143688 337
1739809039405 157.1085563466768 338
1739809039420 157.04615305036677 339
1739809039436 156.98377588129927 340
1739809039436 156.92142482827145 341
1739809039452 156.8590998800855 342
1739809039476 156.7968010255485 343
1739809039490 156.7345282534722 344
1739809039499 156.67228155267335 345
1739809039515 156.61006091197356 346
1739809039531 156.5478663201993 347
1739809039531 156.48569776618174 348
1739809039547 156.42355523875705 349
1739809039578 156.3614387267662 350
1739809039578 156.2993482190551 351
1739809039595 156.23728370447432 352
1739809039611 156.1752451718794 353
1739809039633 156.11323261013067 354
1739809039647 156.05124600809333 355
1739809039658 155.98928535463736 356
1739809039658 155.92735063863773 357
1739809039674 155.86544184897394 358
1739809039689 155.80355897453063 359
1739809039706 155.74170200419715 360
1739809039721 155.67987092686758 361
1739809039737 155.6180657314409 362
1739809039753 155.55628640682102 363
1739809039753 155.49453294191642 364
1739809039769 155.4328053256406 365
1739809039785 155.37110354691183 366
1739809039800 155.30942759465316 367
1739809039816 155.2477774577924 368
1739809039832 155.18615312526234 369
1739809039848 155.1245545860004 370
1739809039848 155.0629818289488 371
1739809039864 155.0014348430548 372
1739809039885 154.9399136172701 373
1739809039896 154.87841814055145 374
1739809039912 154.8169484018604 375
1739809039928 154.75550439016314 376
1739809039943 154.6940860944307 377
1739809039959 154.63269350363905 378
1739809039975 154.5713266067687 379
1739809039991 154.50998539280513 380
1739809039991 154.44866985073858 381
1739809040007 154.38737996956397 382
1739809040023 154.3261157382811 383
1739809040039 154.2648771458944 384
1739809040055 154.20366418141333 385
1739809040070 154.1424768338519 386
1739809040086 154.08131509222895 387
1739809040086 154.02017894556815 388
1739809040102 153.9590683828978 389
1739809040118 153.89798339325108 390
1739809040134 153.83692396566596 391
1739809040152 153.77589008918505 392
1739809040166 153.7148817528558 393
1739809040182 153.6538989457304 394
1739809040182 153.59294165686572 395
1739809040198 153.53200987532347 396
1739809040214 153.47110359017012 397
1739809040230 153.41022279047687 398
1739809040245 153.34936746531957 399
1739809040261 153.28853760377893 400
1739809040277 153.22773319494033 401
1739809040277 153.1669542278939 402
1739809040293 153.10620069173464 403
1739809040309 153.04547257556206 404
1739809040325 152.9847698684805 405
1739809040341 152.9240925595991 406
1739809040357 152.86344063803162 407
1739809040373 152.80281409289663 408
1739809040373 152.7422129133174 409
1739809040389 152.68163708842184 410
1739809040405 152.6210866073427 411
1739809040421 152.5605614592174 412
1739809040437 152.50006163318804 413
1739809040453 152.43958711840148 414
1739809040469 152.37913790400933 415
1739809040485 152.31871397916782 416
1739809040485 152.25831533303787 417
1739809040501 152.19794195478522 418
1739809040517 152.13759383358027 419
1739809040534 152.07727095859804 420
1739809040548 152.0169733190184 421
1739809040564 151.95670090402578 422
1739809040579 151.89645370280937 423
1739809040580 151.83623170456303 424
1739809040597 151.7760348984853 425
1739809040612 151.7158632737795 426
1739809040628 151.6557168196535 427
1739809040644 151.59559552531996 428
1739809040660 151.53549937999617 429
1739809040676 151.47542837290416 430
1739809040676 151.41538249327047 431
1739809040691 151.3553617303266 432
1739809040707 151.29536607330851 433
1739809040723 151.23539551145677 434
1739809040739 151.17545003401693 435
1739809040755 151.11552963023894 436
1739809040771 151.05563428937742 437
1739809040771 150.99576400069185 438
1739809040787 150.93591875344617 439
1739809040803 150.8760985369091 440
1739809040819 150.81630334035398 441
1739809040835 150.75653315305877 442
1739809040851 150.6967879643062 443
1739809040867 150.63706776338344 444
1739809040867 150.5773725395826 445
1739809040885 150.5177022822002 446
1739809040898 150.4580569805375 447
1739809040914 150.39843662390038 448
1739809040930 150.33884120159937 449
1739809040946 150.27927070294967 450
1739809040948 150.21972511727108 451
1739809040965 150.16020443388805 452
1739809040978 150.1007086421297 453
1739809040993 150.04123773132963 454
1739809041009 149.9817916908263 455
1739809041025 149.9223705099627 456
1739809041041 149.86297417808632 457
1739809041041 149.80360268454945 458
1739809041057 149.74425601870894 459
1739809041072 149.68493416992624 460
1739809041088 149.62563712756742 461
1739809041108 149.56636488100318 462
1739809041120 149.50711741960882 463
1739809041136 149.4478947327643 464
1739809041140 149.38869680985417 465
1739809041156 149.3295236402675 466
1739809041167 149.2703752133981 467
1739809041183 149.21125151864427 468
1739809041199 149.15215254540897 469
1739809041215 149.09307828309986 470
1739809041231 149.03402872112892 471
1739809041236 148.97500384891302 472
1739809041262 148.9160036558734 473
1739809041268 148.8570281314361 474
1739809041278 148.79807726503157 475
1739809041294 148.73915104609492 476
1739809041310 148.68024946406587 477
1739809041326 148.62137250838867 478
1739809041341 148.5625201685122 479
1739809041356 148.50369243388997 480
1739809041357 148.44488929397986 481
1739809041373 148.3861107382445 482
1739809041389 148.32735675615112 483
1739809041405 148.26862733717138 484
1739809041421 148.20992247078166 485
1739809041427 148.15124214646278 486
1739809041437 148.09258635370023 487
1739809041452 148.03395508198395 488
1739809041468 147.97534832080854 489
1739809041484 147.9167660596731 490
1739809041500 147.8582082880814 491
1739809041506 147.79967499554158 492
1739809041516 147.74116617156653 493
1739809041534 147.68268180567344 494
1739809041548 147.62422188738435 495
1739809041564 147.56578640622567 496
1739809041579 147.50737535172837 497
1739809041587 147.44898871342792 498
1739809041600 147.39062648086454 499
