1739809135415 130.91043283124554 0
1739809135422 92.36661667436226 1
1739809135438 71.21504936551597 2
1739809135454 50.135818660095545 3
1739809135470 41.89222862000027 4
1739809135486 31.248902733924513 5
1739809135501 24.792906400851443 6
1739809135518 19.365239529758416 7
1739809135534 15.181036780126771 8
1739809135549 11.406841667447672 9
1739809135565 9.872184563882564 10
1739809135581 8.219140100517388 11
1739809135581 7.143348264986539 12
1739809135598 4.873203057890604 13
1739809135614 4.517812109141443 14
1739809135630 4.723760684785771 15
1739809135646 3.7516031341343425 16
1739809135662 2.981727793416525 17
1739809135684 3.2582166220626316 18
1739809135698 2.7687834375692995 19
1739809135709 2.6103408965384918 20
1739809135725 2.3602856803976486 21
1739809135741 2.3430315057153503 22
1739809135757 2.333212045837839 23
1739809135772 2.1137220293752796 24
1739809135788 2.0644764178672883 25
1739809135808 1.6499542137146441 26
1739809135823 2.103147521010547 27
1739809135835 1.7231464576099962 28
1739809135851 1.8329826116830856 29
1739809135851 1.5837495810182223 30
1739809135867 1.3296173283933845 31
1739809135883 1.6061524290350067 32
1739809135899 1.7570891577778003 33
1739809135915 1.681190528388442 34
1739809135931 1.5048065008404523 35
1739809135948 1.6517003736521387 36
1739809135963 1.507707664375783 37
1739809135979 1.8067698743021356 38
1739809135995 1.6221646783031691 39
1739809136011 1.6997268098286988 40
1739809136027 1.7177512341564176 41
1739809136027 1.577469223728512 42
1739809136043 1.4924708307234142 43
1739809136059 1.7845195109595047 44
1739809136075 1.6168247184609696 45
1739809136091 1.471683563607131 46
1739809136107 1.467810242763675 47
1739809136123 1.558150897632716 48
1739809136139 1.3595502040458283 49
1739809136155 1.4715830724389438 50
1739809136171 1.437037694136675 51
1739809136187 1.8443471326163103 52
1739809136202 1.4103922584898965 53
1739809136202 1.5186849413780061 54
1739809136218 1.512955858971975 55
1739809136234 1.6166674412055146 56
1739809136250 1.599069764361175 57
1739809136266 1.5316343021094239 58
1739809136282 1.3500213067351374 59
1739809136298 1.634052199113815 60
1739809136314 1.801248271791288 61
1739809136330 1.6731232786834158 62
1739809136346 1.2794093442894883 63
1739809136362 1.4207586926516809 64
1739809136362 1.662242493413689 65
1739809136378 1.7498320515400032 66
1739809136394 1.4488139892254905 67
1739809136410 1.6388073652463206 68
1739809136426 1.4171143864156557 69
1739809136442 1.750060372846347 70
1739809136458 1.543664737535096 71
1739809136474 1.4178355632463175 72
1739809136490 1.5237513855575584 73
1739809136506 1.7757934634537569 74
1739809136522 1.4986889502273637 75
1739809136522 1.5705282470088604 76
1739809136538 1.5579802800874711 77
1739809136554 1.555252567919302 78
1739809136570 1.569773532207752 79
1739809136586 1.4162818023656931 80
1739809136601 1.7539490736691565 81
1739809136617 1.6525397620433566 82
