1739810204576 169.08902758239503 0
1739810204592 162.40892741464336 1
1739810204607 156.04522575042586 2
1739810204615 149.93229812487593 3
1739810204634 144.06003125376736 4
1739810204650 138.41933580335802 5
1739810204666 133.0008556756506 6
1739810204673 127.79581436261783 7
1739810204682 122.79559540491215 8
1739810204699 117.99248578581914 9
1739810204714 113.3785130210575 10
1739810204729 108.9462087058058 11
1739810204745 104.68823048873276 12
1739810204765 100.59803528099364 13
1739810204783 96.66882845481494 14
1739810204797 92.89409916086079 15
1739810204815 89.26806119825382 16
1739810204832 85.784688889306 17
1739810204849 82.43820836639227 18
1739810204866 79.2235032748349 19
1739810204884 76.13522954092979 20
1739810204900 73.16839797250309 21
1739810204914 70.31808607582306 22
1739810204931 67.57995767568522 23
1739810204946 64.94945592355286 24
1739810204962 62.422214518127376 25
1739810204977 59.99440089452049 26
1739810204977 57.66186115366315 27
1739810205001 55.42106056809007 28
1739810205012 53.268269631264694 29
1739810205026 51.19991460857579 30
1739810205041 49.21287193147113 31
1739810205057 47.303832804983465 32
1739810205073 45.469626481100974 33
1739810205089 43.7074933956493 34
1739810205107 42.01449763193458 35
1739810205121 40.38782556302027 36
1739810205133 38.82503992038938 37
1739810205149 37.32345335585056 38
1739810205164 35.88081735557487 39
1739810205164 34.49472833178812 40
1739810205185 33.16288234898728 41
1739810205196 31.883294299555732 42
1739810205215 30.653760364175493 43
1739810205231 29.47244876939387 44
1739810205247 28.337391486143936 45
1739810205263 27.246701506883603 46
1739810205269 26.19876249938147 47
1739810205279 25.191766559810535 48
1739810205297 24.224221842700118 49
1739810205310 23.294461127939364 50
1739810205326 22.40110715740811 51
1739810205342 21.542673526884034 52
1739810205358 20.71773407087587 53
1739810205358 19.92507451594733 54
1739810205389 19.163326574208547 55
1739810205402 18.431368918126484 56
1739810205418 17.727940224051984 57
1739810205434 17.052004704620717 58
1739810205449 16.40239990651924 59
1739810205467 15.778168765847875 60
1739810205484 15.178276319872158 61
1739810205499 14.601728127834074 62
1739810205517 14.047681570009017 63
1739810205532 13.51518199318926 64
1739810205547 13.00345054519433 65
1739810205559 12.511607840925869 66
1739810205564 12.038933702872761 67
1739810205588 11.584618330090455 68
1739810205596 11.147995533414921 69
1739810205617 10.728319841598793 70
1739810205627 10.32497474187093 71
1739810205645 9.937274235022535 72
1739810205659 9.564647517433961 73
1739810205675 9.206483474219459 74
1739810205675 8.86219265194512 75
1739810205721 8.531274026152602 76
1739810205739 8.213163487475125 77
1739810205760 7.907396941515192 78
1739810205770 7.613455651510899 79
1739810205790 7.330909496069348 80
1739810205802 7.059281692002044 81
1739810205821 6.798173371332212 82
1739810205833 6.547146542476592 83
1739810205854 6.305831089863975 84
1739810205867 6.0738248891254605 85
1739810205886 5.850784277262034 86
1739810205904 5.636340292309033 87
1739810205919 5.430173609155307 88
1739810205935 5.231945926389511 89
1739810205951 5.041360312489783 90
1739810205966 4.858106812354161 91
1739810205983 4.6819091005397775 92
1739810205999 4.512483427436499 93
1739810206017 4.3495724304353605 94
1739810206032 4.192916584927975 95
1739810206048 4.042275980626323 96
1739810206064 3.8974134856608225 97
1739810206076 3.7581052536629844 98
1739810206080 3.624134850287773 99
1739810206104 3.495293217016466 100
1739810206112 3.371383048535736 101
1739810206128 3.2522089014333146 102
1739810206144 3.1375911481146885 103
1739810206160 3.027346882565922 104
1739810206176 2.9213128119625273 105
1739810206187 2.819317577382326 106
1739810206192 2.7212129780402496 107
1739810206215 2.626838292173323 108
1739810206227 2.536059260996185 109
1739810206245 2.4487249638772184 110
1739810206255 2.3647140197259455 111
1739810206273 2.283884540964132 112
1739810206287 2.2061270391976993 113
1739810206287 2.131307954292624 114
1739810206303 2.0593287789177643 115
1739810206326 1.9900636321984573 116
1739810206336 1.9234241441065671 117
1739810206352 1.8592915176238245 118
1739810206368 1.7975867390628004 119
1739810206380 1.738197548368537 120
1739810206384 1.6810535653374539 121
1739810206407 1.6260485645637797 122
1739810206415 1.573120130238717 123
1739810206435 1.522167610253853 124
1739810206447 1.4731359338635979 125
1739810206465 1.4259295985400275 126
1739810206480 1.3805003053188998 127
1739810206495 1.3367573121100345 128
1739810206508 1.2946585610699513 129
1739810206522 1.2541177131621672 130
1739810206533 1.2150984604544008 131
1739810206548 1.1775185387490124 132
1739810206565 1.141346935334553 133
1739810206582 1.1065051594251623 134
1739810206595 1.0729670726475775 135
1739810206610 1.0406726051645256 136
1739810206626 1.0095551815696995 137
1739810206642 0.9796032249255484 138
1739810206657 0.9507386443517527 139
1739810206672 0.922953621483448 140
1739810206687 0.8961731574393357 141
1739810206703 0.8703928765329271 142
1739810206718 0.8455406611981511 143
1739810206733 0.821615286302094 144
1739810206737 0.7985473217833362 145
1739810206759 0.7763384229443855 146
1739810206764 0.7549216689091507 147
1739810206787 0.7343013456730448 148
1739810206796 0.7144128774471936 149
1739810206817 0.6952629500438522 150
1739810206828 0.676789181717304 151
1739810206846 0.6590004446905072 152
1739810206860 0.6418364121985185 153
1739810206876 0.6253079456463496 154
1739810206876 0.6093566451838618 155
1739810206901 0.5939951791508008 156
1739810206908 0.5791669566372364 157
1739810206929 0.5648862845445053 158
1739810206940 0.5510982721883434 159
1739810206956 0.5378187095078364 160
1739810206972 0.5250135611029851 161
1739810206986 0.5126418911134855 162
1739810207001 0.5007294190368294 163
1739810207013 0.48921721137007607 164
1739810207029 0.47813193657044595 165
1739810207042 0.467416236038569 166
1739810207045 0.4570976148253059 167
1739810207070 0.4471202084716664 168
1739810207081 0.43751225521353043 169
1739810207097 0.42821930987367485 170
1739810207114 0.41927024875462304 171
1739810207130 0.4106119765262235 172
1739810207143 0.4022739201117409 173
1739810207159 0.39420426957607174 174
1739810207174 0.3864329221177503 175
1739810207189 0.37890929332236273 176
1739810207204 0.3716636768889275 177
1739810207219 0.3646466582553306 178
1739810207233 0.3578888599263916 179
1739810207247 0.3513634141350327 180
1739810207248 0.3450365550566343 181
1739810207274 0.3389472542842614 182
1739810207282 0.3330409309396191 183
1739810207302 0.32735654447412355 184
1739810207311 0.321840710213621 185
1739810207327 0.3165323308954851 186
1739810207343 0.311379172343523 187
1739810207359 0.3064200401494475 188
1739810207359 0.30160380771575945 189
1739810207384 0.2969691468796151 190
1739810207391 0.29246599827384057 191
1739810207411 0.28813286690038953 192
1739810207423 0.283920722646659 193
1739810207441 0.2798678738543246 194
1739810207455 0.275926283880211 195
1739810207468 0.27213403758373933 196
1739810207483 0.2684440580295913 197
1739810207496 0.2648941825422608 198
1739810207499 0.2614608029937139 199
1739810207523 0.2581134559280161 200
1739810207531 0.2548975382868933 201
1739810207550 0.251760364509353 202
1739810207562 0.2487468392054231 203
1739810207578 0.24580532494693513 204
1739810207584 0.24298022325479218 205
1739810207605 0.24022091332309076 206
1739810207615 0.23757128459735086 207
1739810207631 0.23498170284581832 208
1739810207647 0.2324955380743502 209
1739810207659 0.23006411394014897 210
1739810207663 0.22773027512915311 211
1739810207687 0.22544627577371537 212
1739810207699 0.22325443071606801 213
1739810207714 0.22110789833704733 214
1739810207730 0.21904846034995482 215
1739810207746 0.2170535470268075 216
1739810207750 0.2150937927943193 217
1739810207772 0.2132181463688588 218
1739810207778 0.2113740469273175 219
1739810207794 0.20960971117555474 220
1739810207809 0.207873591793511 221
1739810207826 0.20621317892521163 222
1739810207833 0.2045779118629089 223
1739810207854 0.20301456030417445 224
1739810207867 0.20147352423319437 225
1739810207883 0.20000085961077335 226
1739810207883 0.1985479021097783 227
1739810207912 0.19716000119159713 228
1739810207916 0.19578940408235157 229
1739810207933 0.19448076144768428 230
1739810207949 0.19318720875369316 231
1739810207966 0.19195270598385433 232
1739810207982 0.19075514923225453 233
1739810207995 0.18956568261790116 234
1739810207999 0.1884352164472869 235
1739810208023 0.18731113757384515 236
1739810208032 0.18624349198176618 237
1739810208050 0.1851806718267895 238
1739810208066 0.18417187314154887 239
1739810208081 0.18316646815671758 240
1739810208081 0.18221281738924214 241
1739810208109 0.1812612486814348 242
1739810208116 0.1803593015042376 243
1739810208137 0.17945823558017826 244
1739810208148 0.1786047838092315 245
1739810208164 0.17775111476441982 246
1739810208180 0.1769431692293302 247
1739810208191 0.17615858833369735 248
1739810208198 0.17536831472509745 249
1739810208216 0.17462509834340056 250
1739810208233 0.17387541121715758 251
1739810208249 0.17317105168462607 252
1739810208249 0.17245951792515754 253
1739810208274 0.17179167609239582 254
1739810208283 0.17111602518601984 255
1739810208303 0.17048251834048 256
1739810208316 0.1698406307513235 257
1739810208334 0.16923942143703047 258
1739810208349 0.16862931784638466 259
1739810208360 0.1680585035137551 260
1739810208366 0.16747833485739352 261
1739810208387 0.166936138280214 262
1739810208400 0.1663841765232099 263
1739810208416 0.16586893692467541 264
1739810208432 0.16536825061901886 265
1739810208463 0.16485326453656357 266
1739810208487 0.16437721096489324 267
1739810208506 0.16388665107865716 268
1739810208516 0.16343382660182548 269
1739810208538 0.16296632326769736 270
1739810208547 0.16253541446991962 271
1739810208569 0.1620896853449005 272
1739810208579 0.1616794627437152 273
1739810208598 0.16125430672487487 274
1739810208611 0.1608636189414857 275
1739810208629 0.16045791054770017 276
1739810208643 0.16008567890307523 277
1739810208659 0.159698363066273 278
1739810208674 0.15934357657101167 279
1739810208692 0.15899880921566464 280
1739810208708 0.15863490036452932 281
1739810208722 0.1583061455378075 282
1739810208728 0.15795833379436114 283
1739810208760 0.15764473073345683 284
1739810208760 0.15731216966751524 285
1739810208777 0.1570129104510985 286
1739810208792 0.15669480496687835 287
1739810208815 0.15640913094238068 288
1739810208824 0.15610473382946785 289
1739810208844 0.1558319322971041 290
1739810208856 0.15554054102854778 291
1739810208871 0.15527994216296326 292
1739810208887 0.15500089592211352 293
1739810208887 0.15475186991399584 294
1739810208905 0.15448454683311652 295
1739810208928 0.1542465012344518 296
1739810208934 0.15401539017370655 297
1739810208957 0.15376221871691373 298
1739810208966 0.15354123128262354 299
1739810208985 0.15329844748471547 300
1739810208997 0.1530870747909695 301
1739810209015 0.15285417202899906 302
1739810209031 0.15265193465207183 303
1739810209045 0.152428435120118 304
1739810209052 0.1522348811888783 305
1739810209072 0.15202033404846818 306
1739810209077 0.15183503746839827 307
1739810209100 0.1516290171277215 308
1739810209109 0.15145157592875336 309
1739810209130 0.1512536804412537 310
1739810209141 0.15108371524037176 311
1739810209162 0.15091900283711282 312
1739810209177 0.15073023808658434 313
1739810209189 0.1505724393798731 314
1739810209201 0.15039095401692285 315
1739810209219 0.1502397405850503 316
1739810209231 0.1500652022755676 317
1739810209247 0.14992026369064512 318
1739810209262 0.14975235786813246 319
1739810209279 0.14961340057959815 320
1739810209294 0.1494518293585307 321
1739810209311 0.14931857565250528 322
1739810209316 0.149163056814968 323
1739810209337 0.1490352438440042 324
1739810209342 0.14888550989434904 325
1739810209358 0.14876288877251317 326
1739810209374 0.14861868605516956 327
1739810209394 0.14850102101378357 328
1739810209414 0.14838740137665024 329
1739810209435 0.14824869866604548 330
1739810209452 0.14813967182984702 331
1739810209469 0.14800598693608807 332
1739810209486 0.1479013471262547 333
1739810209502 0.1477724666300704 334
1739810209525 0.14767201865286927 335
1739810209545 0.14754773974485832 336
1739810209561 0.14745129836624046 337
1739810209575 0.14733142823725207 338
1739810209582 0.14723881760222346 339
1739810209608 0.14712317287304227 340
1739810209614 0.1470342259627152 341
1739810209637 0.1469226321503097 342
1739810209645 0.14683719027400327 343
1739810209661 0.1467550916423512 344
1739810209678 0.14664691177497804 345
1739810209693 0.1465680624424171 346
1739810209710 0.14646359866823896 347
1739810209725 0.14638785926919806 348
1739810209741 0.1462869624264904 349
1739810209753 0.146214200390202 350
1739810209757 0.14611672827281816 351
1739810209781 0.14604681744456482 352
1739810209789 0.14595263442577483 353
1739810209810 0.14588545471183556 354
1739810209821 0.14579443139128953 355
1739810209842 0.14572986842597235 356
1739810209850 0.14564188129822736 357
1739810209870 0.14557982613148857 358
1739810209885 0.1455206300327664 359
1739810209898 0.14543462097915444 360
1739810209914 0.14537774666311698 361
1739810209930 0.14529455466490054 362
1739810209935 0.1452399059831676 363
1739810209958 0.14515942374145022 364
1739810209966 0.14510690901379358 365
1739810209987 0.14502903393695044 366
1739810209998 0.14497856571480802 367
1739810210014 0.14490319967945955 368
1739810210029 0.14485469452358096 369
1739810210032 0.14478174364948637 370
1739810210056 0.1447351219207809 371
1739810210069 0.14466449635874196 372
1739810210083 0.14461968202146303 373
1739810210094 0.14457738559846095 374
1739810210110 0.14450772840222942 375
1739810210122 0.1444670996969823 376
1739810210139 0.14439962550534075 377
1739810210149 0.14436059720113978 378
1739810210165 0.14429522667022973 379
1739810210181 0.14425773445452045 380
1739810210195 0.14419439153129449 381
1739810210209 0.14415837394423506 382
1739810210216 0.14409698570948865 383
1739810210238 0.14406238400113083 384
1739810210249 0.14400288052115076 385
1739810210265 0.1439696385167011 386
1739810210265 0.14391195270299278 387
1739810210292 0.1438800166756437 388
1739810210297 0.14385035358531556 389
1739810210320 0.14379291267655525 390
1739810210329 0.14376444743453407 391
1739810210345 0.14370873413220944 392
1739810210360 0.14368141911246107 393
1739810210376 0.14362737317920304 394
1739810210376 0.14360116281575977 395
1739810210402 0.14354872639042443 396
1739810210409 0.1435235770778503 397
1739810210430 0.14347269456869777 398
1739810210441 0.14344856456796382 399
1739810210459 0.14339918255135026 400
1739810210473 0.14337603190078582 401
1739810210488 0.14332809902504529 402
1739810210504 0.14330588945606368 403
1739810210520 0.14328577402344353 404
1739810210526 0.14323755929942142 405
1739810210544 0.1432182987643189 406
1739810210552 0.14317147942943614 407
1739810210574 0.14315303990316006 408
1739810210583 0.14310756905649888 409
1739810210604 0.14308991808655994 410
1739810210621 0.14304575059833496 411
1739810210633 0.1430288571013293 412
1739810210649 0.14298594953742078 413
1739810210663 0.14296978373540684 414
1739810210663 0.14292809428556308 415
1739810210687 0.142912627645728 416
1739810210695 0.14287211605523245 417
1739810210719 0.14285732123266212 418
1739810210727 0.14284448823244728 419
1739810210745 0.14280330602048896 420
1739810210759 0.14279107421694504 421
1739810210775 0.14275104183168955 422
1739810210791 0.14273938710167705 423
1739810210791 0.14270046712470874 424
1739810210807 0.14268936635932666 425
1739810210829 0.14265152273365794 426
1739810210839 0.1426409537918621 427
1739810210855 0.14260415176655128 428
1739810210871 0.14259409343110352 429
1739810210886 0.14255829950841684 430
1739810210906 0.14254873144403882 431
1739810210924 0.14251391332902943 432
1739810210942 0.14250481604263726 433
1739810210961 0.1424975815173854 434
1739810210981 0.14246180254462226 435
1739810210999 0.14245497940025312 436
1739810211024 0.142420166724207 437
1739810211045 0.14241373789277367 438
1739810211068 0.14237986094497276 439
1739810211082 0.14237381008120886 440
1739810211107 0.14234083937127542 441
1739810211127 0.14233515081979523 442
1739810211149 0.1423030578932383 443
1739810211169 0.14229771665735388 444
1739810211191 0.14226647405521042 445
1739810211210 0.1422614657672723 446
1739810211230 0.14223104698751202 447
1739810211249 0.14222635788069665 448
1739810211271 0.1422234566335659 449
1739810211290 0.14219185821625105 450
1739810211307 0.14218922496270583 451
1739810211325 0.14215845438351707 452
1739810211343 0.14215607722305415 453
1739810211360 0.1421261089284747 454
1739810211377 0.14212397647796515 455
1739810211392 0.14209478579293408 456
1739810211405 0.14209288716293283 457
1739810211426 0.14206445025748224 458
1739810211447 0.1420627750296979 459
1739810211461 0.14203506888699818 460
1739810211480 0.142033607092854 461
1739810211494 0.1420066094786047 462
1739810211506 0.1420053515788413 463
