1739807463134 1.3100167903584297 0
1739807463200 1.8233188544918322e-06 1
1739807463265 2.108541875794742 2
1739807463331 1.1203530056842474 3
1739807463394 0.8464832247014094 4
1739807463462 1.2100117130565442 5
1739807463523 1.3697784586669737 6
1739807463587 0.5780365533385144 7
1739807463651 2.4008783641461475 8
1739807463716 2.1663774021877247 9
1739807463789 1.3661707305801776 10
1739807463851 2.5046716335528623 11
1739807463917 0.6794880124746644 12
1739807463984 1.0039390477187415 13
1739807464053 1.3727494343686464 14
1739807464119 0.011122399200326418 15
1739807464191 1.1247360774315232 16
1739807464261 4.057001165041735 17
1739807464327 0.7196935461880692 18
1739807464394 2.2041163671262307 19
1739807464461 0.7072425355345862 20
1739807464515 2.585786937961606 21
1739807464589 1.594606236686485 22
1739807464655 3.0031777664782324 23
1739807464716 1.7251733714133968 24
1739807464782 0.7351336062807913 25
1739807464845 1.0711729192128052 26
1739807464918 1.1935584986320689 27
1739807464982 0.6803394153728157 28
1739807465047 2.4420236606049106 29
1739807465110 2.2191321932417245 30
1739807465173 0.7915651408102246 31
1739807465253 0.6778293915970842 32
1739807465319 2.331595384119289 33
1739807465386 0.5185627922710139 34
1739807465452 0.3018170092049378 35
1739807465515 1.712753174803074 36
1739807465582 2.50275871260732 37
1739807465646 1.227727789990901 38
1739807465704 2.9850484985504617 39
1739807465773 0.5944588360027008 40
1739807465830 0.7158281966188447 41
1739807465894 1.2576138909093348 42
1739807465970 0.5543515367077285 43
1739807466033 1.0520269225850354 44
1739807466105 1.5398742500138307 45
1739807466169 2.4266022798701754 46
1739807466236 0.007304998712961849 47
1739807466304 1.3552106162359603 48
1739807466369 1.6662994697138735 49
1739807466436 3.487071026803554 50
1739807466502 0.7613418303850101 51
1739807466566 0.003247632725516837 52
1739807466634 1.8249774153748688 53
1739807466699 2.0378440249592735 54
1739807466763 0.9729977940422784 55
1739807466822 0.509253351705181 56
1739807466896 1.8832663552511042 57
1739807466952 1.5970535345245633 58
1739807467028 0.8838521311170395 59
1739807467094 3.717752615284143 60
1739807467159 2.2839194700966887 61
1739807467224 2.048266165746631 62
1739807467288 1.9139835724070786 63
1739807467354 0.7674969460301668 64
1739807467417 1.8712527497225722 65
1739807467484 0.47336643927893896 66
1739807467553 2.0455152024532497 67
1739807467620 1.355502931098003 68
1739807467682 0.9105149840372957 69
1739807467750 0.6609722259417535 70
1739807467814 1.4252918967102473 71
1739807467883 1.011918440908562 72
1739807467952 0.012801467194414393 73
1739807468001 0.012026910928391631 74
1739807468069 1.789123918205552 75
1739807468137 0.9426746752629903 76
1739807468201 0.26205520849090186 77
1739807468266 2.263256571952714 78
1739807468334 1.046399330058536 79
1739807468401 0.8458121841691206 80
1739807468475 4.232439571696155 81
1739807468569 0.782072711851969 82
1739807468633 0.9743447899005458 83
1739807468697 3.095683973372855 84
1739807468760 2.146539005922696 85
1739807468820 2.194649564921884 86
1739807468887 0.4845227757392921 87
1739807468954 1.2636728416589904 88
1739807469017 4.4895922300575215 89
1739807469092 1.4274394781392112 90
1739807469160 0.49470806747901974 91
1739807469222 0.48551270101458227 92
1739807469289 2.463791784391876 93
1739807469345 1.8545100259705998 94
1739807469420 2.706872315730001 95
1739807469489 2.3706769219551163 96
1739807469554 2.4944369785689675 97
1739807469623 0.6995437735857702 98
1739807469684 0.8255532195467293 99
1739807469754 2.7339374932277996 100
1739807469822 1.479595556231461 101
1739807469888 1.769252845230188 102
1739807469952 0.6292746860824858 103
1739807470021 1.8412317028715028 104
1739807470084 0.6076388346519458 105
1739807470139 1.0941419901159173 106
1739807470218 0.9961097792092751 107
1739807470284 1.6103266396877305 108
1739807470351 3.2164609593825104 109
1739807470416 1.2260279423652702 110
1739807470466 3.8635238562983583 111
1739807470537 1.1746903731815257 112
1739807470605 1.9730456696289058 113
1739807470670 1.4651576573973906 114
1739807470740 1.707489099255675 115
1739807470802 2.044563023016741 116
1739807470872 0.42103886082422143 117
1739807470938 2.0000348819852896 118
1739807471002 0.40156625120045913 119
1739807471057 1.2679182882153424 120
1739807471121 2.2849595085106835 121
1739807471188 1.359174980967653 122
1739807471251 2.658032740411361 123
1739807471320 3.291376104792017 124
1739807471397 2.187158363490087 125
1739807471450 1.7424454250680501 126
1739807471519 0.1474520710450125 127
1739807471588 0.2290644217889734 128
1739807471652 0.5359751607318788 129
1739807471722 1.90004405525948 130
1739807471788 2.249540282536127 131
1739807471838 0.5567544672705004 132
1739807471905 1.2840566883529843 133
1739807471985 2.115606676058237 134
1739807472039 1.1271000695575009 135
1739807472105 3.190982139654053 136
1739807472170 1.0308079147849278 137
1739807472245 2.04980365429668 138
1739807472310 1.9479460331115288 139
1739807472375 0.8077285778287088 140
1739807472438 4.1994666224545485 141
1739807472507 2.0212454542077314 142
1739807472570 1.8221595599072276 143
1739807472636 0.7374297592522251 144
1739807472687 0.4542486472373547 145
1739807472759 0.9727953141147302 146
1739807472829 0.005838205103208198 147
1739807472889 0.22679296367467838 148
1739807472964 1.4283533945205495 149
1739807473029 1.5287895889821919 150
1739807473097 2.1139426323275794 151
1739807473151 2.977174483363613 152
1739807473215 0.8878918757358649 153
1739807473294 1.7468490129142036 154
1739807473359 0.09701246056510057 155
1739807473420 2.6428514110303407 156
1739807473487 0.5508868534574191 157
1739807473555 0.8399917389769401 158
1739807473618 1.9757604312055699 159
1739807473686 1.6244911429066795 160
1739807473736 1.38658908313434 161
1739807473802 1.1083467880608455 162
1739807473871 1.0501777257873295 163
1739807473935 1.721384792338493 164
1739807474006 2.8172520951532722 165
1739807474068 0.2732952410340712 166
1739807474137 1.1762241677773906 167
1739807474205 0.6764355388271043 168
1739807474270 3.2881406939724576 169
1739807474343 0.06027556320568989 170
1739807474410 2.3308875775556097 171
1739807474474 1.7127935607150815 172
1739807474541 1.156304160396026 173
1739807474601 1.3105890800430084 174
1739807474671 0.08348189486603293 175
1739807474738 2.508260201444973 176
1739807474804 0.7467528523238829 177
1739807474881 0.6759624904402998 178
1739807474938 0.36908110516238773 179
1739807475004 1.369725398602355 180
1739807475073 2.5714699286795706 181
1739807475171 0.986683137588976 182
1739807475246 0.23360372856051048 183
1739807475304 1.3513436378249768 184
1739807475370 0.8041868146988441 185
1739807475438 2.1830804020095167 186
1739807475506 1.4302225142932603 187
1739807475572 1.9710613054792467 188
1739807475639 1.235013241948233 189
1739807475706 1.179548385892015 190
1739807475772 1.1028254597512828 191
1739807475838 3.44562633744032 192
1739807475903 1.691509864334396 193
1739807475969 1.2311295403539317 194
1739807476036 0.6136031484714688 195
1739807476102 0.7510042465011744 196
1739807476155 1.6438847340382354 197
1739807476221 0.5825437363593439 198
1739807476288 1.5006317164444547 199
1739807476354 0.10008894628418286 200
1739807476422 0.7429626500855487 201
