1739809574436 34.26115666097554 0
1739809574500 12.260404476957984 1
1739809574579 6.376739458341481 2
1739809574659 2.3406349043251384 3
1739809574723 3.0609428189492833 4
1739809574802 1.6936526395728053 5
1739809574866 0.27902849317745565 6
1739809574930 0.27150261481058285 7
1739809575009 2.2738531071063495 8
1739809575074 1.1947303486994414 9
1739809575140 0.45981361361925865 10
1739809575203 1.967686233906479 11
1739809575282 1.4841691044657255 12
1739809575346 1.9040709521820693 13
1739809575426 2.5658631153874025 14
1739809575502 2.5121032884717858 15
1739809575587 1.6678911916083181 16
1739809575661 1.1077583200564822 17
1739809575741 1.2543491243412197 18
1739809575805 2.4027448936531743 19
1739809575884 3.167457349744996 20
1739809575948 1.9391229135889467 21
1739809576012 1.2296277494800403 22
1739809576091 1.2371111145569544 23
1739809576155 1.74954531254799 24
1739809576218 2.2354857851060292 25
1739809576298 1.5436190681592408 26
1739809576364 0.5972977561932616 27
1739809576426 0.04433364237573079 28
1739809576489 1.3617530103016473 29
1739809576568 0.8685064291216601 30
1739809576632 0.9390934817703032 31
1739809576695 4.085112904540262 32
1739809576775 2.1261384126915086 33
1739809576839 1.282611201850041 34
1739809576902 1.7774521447142249 35
1739809576983 0.9484826805877826 36
1739809577046 0.8476179672314792 37
1739809577121 0.6647979426600944 38
1739809577190 0.36246733620749694 39
1739809577252 1.0936511127925836 40
1739809577316 1.0435810581073641 41
1739809577395 0.8272245959942117 42
1739809577458 0.7694620466026572 43
1739809577522 2.358911039048981 44
1739809577585 1.6958489166980941 45
1739809577664 3.4016901521398046 46
1739809577743 1.740844404915821 47
1739809577807 1.4601054880232471 48
1739809577889 1.1903888643763794 49
1739809577950 1.302578446010688 50
1739809578030 1.5372207382973622 51
1739809578096 2.4378668462768025 52
1739809578157 1.5575939525388118 53
1739809578237 1.0597879235135597 54
1739809578300 0.9239527909461507 55
1739809578363 2.677126883345001 56
1739809578443 0.8922719400461488 57
1739809578507 1.0488334021563899 58
1739809578571 3.9412263563946097 59
1739809578650 1.035932813533785 60
1739809578715 1.4999546152671634 61
1739809578778 1.2136509107621625 62
1739809578842 1.0821179313282274 63
1739809578922 1.7465304350411168 64
1739809578986 1.0220381834230081 65
1739809579066 1.3019828176923456 66
1739809579144 1.0898190147261428 67
1739809579209 1.6310445887441463 68
1739809579288 1.6065625618817378 69
1739809579351 1.0137203735737457 70
1739809579417 0.4579970031209563 71
1739809579479 1.4502452912111745 72
1739809579559 0.9491293405512332 73
1739809579622 1.4516870983662415 74
1739809579686 1.710953408148879 75
1739809579765 2.2238423013295083 76
1739809579842 1.9045699652100254 77
1739809579908 0.1233755372743501 78
1739809579987 1.2896186343470708 79
1739809580054 4.31823919832285 80
1739809580130 0.8723360396657603 81
1739809580195 1.5941888438405376 82
1739809580275 3.219133926972361 83
1739809580338 0.8759745385950725 84
1739809580401 1.103548288594914 85
1739809580481 2.2954123306944965 86
1739809580552 1.214029506421537 87
1739809580608 2.2590649360866992 88
1739809580688 3.4143166690684503 89
1739809580752 0.6864665544094875 90
1739809580815 1.2374717154245012 91
1739809580895 0.5001069501601674 92
1739809580958 1.8186250704390343 93
1739809581024 1.450885674855775 94
1739809581086 1.598575665605889 95
1739809581176 0.9795509532530301 96
1739809581261 1.845184879535412 97
1739809581337 1.7538299527869037 98
1739809581404 1.0898887330908638 99
1739809581484 1.2610053369738825 100
1739809581547 1.2792546366354527 101
1739809581627 1.4929337648682994 102
1739809581691 1.9809254226835873 103
1739809581755 1.785293391766329 104
1739809581818 1.3911937549843219 105
1739809581897 2.0266988055294406 106
1739809581963 0.023380441505636625 107
1739809582040 2.9677436847829166 108
1739809582103 1.011662538354517 109
1739809582182 3.2462050794824364 110
1739809582261 2.526738654430524 111
1739809582326 3.3961704418895446 112
1739809582406 0.39240551872358587 113
1739809582470 0.6215160850464888 114
1739809582549 0.8021705692419282 115
1739809582613 1.3521277472739561 116
1739809582684 2.836735921666152 117
1739809582741 2.3201181573822667 118
1739809582820 2.3404823700827775 119
1739809582884 0.8759788624744242 120
1739809582948 2.975696378901493 121
1739809583024 3.656255460180324 122
1739809583090 0.797436099713817 123
1739809583154 1.3262830555017493 124
1739809583218 0.10266763902424314 125
1739809583282 1.6628638285954138 126
1739809583361 2.9601355746306877 127
1739809583425 2.050504660272385 128
1739809583491 0.5994964516053796 129
1739809583568 1.0814046108360311 130
1739809583631 0.5880463270896569 131
1739809583695 4.0683233131599135 132
1739809583758 3.997881033980921 133
1739809583838 2.1244334874600455 134
1739809583909 1.1257953491038053 135
1739809583965 0.5015202251053202 136
1739809584044 1.4199678144918126 137
1739809584108 0.5479483443022658 138
1739809584172 1.90017108769464 139
1739809584251 0.2832455390964166 140
1739809584341 1.1672551784077352 141
1739809584409 0.9049163454246806 142
1739809584489 1.707828218992911 143
1739809584552 0.9998127964164364 144
1739809584631 2.7605705497916317 145
1739809584700 2.6499221300396623 146
1739809584758 0.5545070881445667 147
1739809584822 2.907960989450007 148
1739809584902 1.5764643797890827 149
1739809584965 0.7490675369623127 150
1739809585029 2.1739461793341013 151
1739809585093 1.8162517602418486 152
1739809585173 3.225733464469333 153
1739809585236 0.6398606134113219 154
1739809585316 2.1955577992577733 155
1739809585380 0.3386869125152676 156
1739809585444 1.620941379871582 157
1739809585527 2.020745026608504 158
1739809585586 1.4781787860299251 159
1739809585650 0.607960358011228 160
1739809585733 0.9752681887096663 161
1739809585809 1.0173582444071898 162
1739809585889 2.6514546031278923 163
1739809585952 1.9040223596690946 164
1739809586034 2.836884846849179 165
1739809586111 1.1358638356435087 166
1739809586190 1.6506681088023027 167
1739809586270 1.4988660825520923 168
1739809586350 2.19673981765447 169
1739809586413 1.1902284624709276 170
1739809586493 0.8644090245451187 171
1739809586571 1.702518156901184 172
1739809586635 1.1603497092201347 173
1739809586715 2.6900200661926643 174
1739809586778 2.2450400900255247 175
1739809586843 1.5953087563114043 176
1739809586922 1.48708261599642 177
1739809586995 1.3904097815644716 178
1739809587064 1.801598148775072 179
1739809587128 1.9231323094154495 180
1739809587193 2.9071835872716596 181
1739809587256 2.6908653058939396 182
1739809587337 1.2167324010251528 183
1739809587399 1.0928610722742138 184
1739809587474 3.284299759333287 185
1739809587541 0.6004847648530368 186
1739809587605 2.308865411878173 187
1739809587668 2.3458212779712326 188
1739809587750 1.463247112093389 189
1739809587812 1.6510635191484486 190
1739809587876 1.3305765615599825 191
1739809587955 1.613880407880307 192
1739809588018 0.7598935319400425 193
1739809588082 0.07165145312737271 194
1739809588147 0.6690197501075754 195
1739809588227 0.7924585810871214 196
1739809588291 1.7619316866033 197
1739809588354 0.5939057021016328 198
1739809588434 1.074190479061214 199
1739809588497 1.8752187684591886 200
1739809588575 0.8210452643862121 201
1739809588640 1.5384842005253103 202
1739809588719 1.0446157202068918 203
1739809588782 1.9411176264917587 204
1739809588863 1.5485956172723592 205
1739809588926 3.2409863703887236 206
1739809589005 2.5068886374021364 207
1739809589069 0.8276704276503938 208
1739809589133 1.0216849430140724 209
1739809589212 1.6902360223560924 210
1739809589275 1.765414857920816 211
1739809589339 2.820221362053924 212
1739809589418 2.5352976495412527 213
1739809589482 0.36574385342145815 214
1739809589546 2.1346210464335846 215
1739809589610 1.5387871875334675 216
1739809589690 0.9942443681102474 217
1739809589753 2.347990747409313 218
1739809589817 1.57675987261481 219
1739809589881 1.3724434757046062 220
1739809589961 2.3724947417885187 221
1739809590024 3.3911282187761187 222
1739809590088 0.843359628635937 223
1739809590167 0.8426484350683174 224
1739809590238 0.5944478176485138 225
1739809590295 0.6826805224607675 226
1739809590375 1.5870541648170842 227
1739809590438 2.3154723037053384 228
1739809590501 0.30233064384863706 229
1739809590581 1.5356988150134125 230
1739809590645 1.6844099383814177 231
1739809590709 0.3095275457112411 232
1739809590787 1.3645051870970648 233
1739809590851 1.9654172982960696 234
1739809590931 3.393646682336456 235
1739809591009 1.647439061601775 236
1739809591072 2.1229426456979033 237
1739809591152 0.3454291215627367 238
1739809591216 1.1987458985742636 239
1739809591282 0.038298376099570375 240
1739809591360 1.6199393436499403 241
1739809591423 0.8031303050265082 242
1739809591487 1.1980261378901087 243
1739809591551 1.3449078154719725 244
1739809591630 2.2503959943199474 245
1739809591699 1.0528093992312406 246
1739809591758 1.9111747114545772 247
1739809591837 1.0327214612760691 248
1739809591901 1.1632928371376714 249
1739809591966 1.7440064247111224 250
1739809592028 2.133001189122839 251
1739809592107 1.9111402119845733 252
1739809592171 1.9522504843583413 253
1739809592235 1.808916708427752 254
1739809592314 1.786633454463435 255
1739809592378 0.5423004508296224 256
1739809592459 1.0720701248390045 257
1739809592522 0.8559823715899442 258
1739809592586 0.27577778421347743 259
1739809592665 1.118706848302976 260
1739809592729 2.0678226944063893 261
1739809592793 0.6381410722182675 262
1739809592857 3.4120000806294253 263
1739809592936 1.5375910772428154 264
1739809592998 0.7537178327709125 265
1739809593080 1.2720453950895023 266
1739809593156 0.8323635977992573 267
1739809593220 2.2209278471310454 268
1739809593283 3.513321517813079 269
1739809593362 3.223386025538507 270
1739809593426 1.4053684644011248 271
1739809593489 1.1510388274096877 272
1739809593569 1.8624243353320733 273
1739809593633 3.216420149546585 274
1739809593696 2.3641590277718643 275
1739809593760 0.2992469063014175 276
1739809593840 1.5104023844322547 277
1739809593904 0.7542836386438945 278
1739809593979 0.9508213722745902 279
1739809594047 2.050236651009485 280
1739809594111 1.5221894857559297 281
1739809594180 0.5375748397426892 282
1739809594238 2.8962597506556826 283
1739809594320 0.9209692415193568 284
1739809594382 1.0529773633289556 285
1739809594445 1.0547986616951444 286
1739809594526 1.4227291409678573 287
1739809594589 0.9686705454475925 288
1739809594653 1.4277966651744922 289
1739809594717 1.8474452581406042 290
1739809594796 2.407021486314844 291
1739809594860 0.4899135526524626 292
1739809594923 0.9323472282349367 293
1739809595002 0.5774061385020509 294
1739809595066 0.03387091997721658 295
1739809595141 0.21384476922227125 296
1739809595207 0.061339087477025704 297
1739809595287 1.3247373774705582 298
1739809595351 1.2976573717673379 299
1739809595431 2.3158677589153274 300
1739809595495 1.6673885703263303 301
1739809595559 1.7971187178971633 302
1739809595638 1.989650767198947 303
1739809595704 1.119419668511832 304
1739809595766 2.0882539858105966 305
1739809595831 0.7009882380031636 306
1739809595910 1.7608969389919442 307
1739809595974 2.0900518352230435 308
1739809596037 1.242390712092182 309
1739809596117 2.9780975289885965 310
1739809596181 0.6761516861585726 311
1739809596254 1.467104885071009 312
1739809596323 1.38340991736749 313
1739809596387 3.2017496121233076 314
1739809596458 1.6402627864106307 315
1739809596513 0.13441854825830155 316
1739809596593 0.9041464569763029 317
1739809596657 1.485064399635378 318
1739809596723 3.29458857346904 319
1739809596799 2.036879417908567 320
1739809596864 1.9204412320988369 321
1739809596927 2.003013552227078 322
1739809597002 2.8918169014840696 323
1739809597070 0.1825180390801933 324
1739809597133 2.2073228344421554 325
1739809597197 0.6211464148161429 326
1739809597260 2.887756290853029 327
1739809597347 1.133963849225687 328
1739809597419 0.7182646317064162 329
1739809597493 2.0887021451107777 330
1739809597563 1.7666540759045568 331
1739809597630 0.8710282087399067 332
1739809597706 1.4212868712122948 333
1739809597769 1.6709278235030771 334
1739809597833 0.4802445554595175 335
1739809597896 0.9308363744138278 336
1739809597976 1.4431627246763044 337
1739809598040 1.0494627712570659 338
1739809598104 1.900347746544829 339
1739809598183 0.3899641605822046 340
1739809598248 1.0680072062962698 341
1739809598310 0.3602585580961893 342
1739809598390 2.3015092325922377 343
1739809598453 1.1000113221083745 344
1739809598517 0.9800126285136592 345
1739809598580 1.1412349106383066 346
1739809598660 1.5366023672217872 347
1739809598723 1.618173802500575 348
1739809598787 1.4232141137116225 349
1739809598867 1.004603509348486 350
1739809598930 2.3574793191465813 351
1739809598995 2.068539307956412 352
1739809599059 1.0561467105199673 353
1739809599138 0.8337390547926493 354
1739809599202 1.8248910049649973 355
1739809599265 0.8754949663991766 356
1739809599349 2.7190846156153565 357
1739809599408 2.2991102166278337 358
1739809599472 2.017589366977814 359
1739809599551 0.2633390590939692 360
1739809599616 2.7220120584391054 361
1739809599695 1.9707526305087044 362
1739809599775 0.8223694488531319 363
1739809599838 1.1180590912217632 364
1739809599903 2.2397624758139028 365
1739809599968 2.940491879217299 366
1739809600048 1.4465462972627645 367
1739809600112 1.357934921855474 368
1739809600176 0.22242947453569348 369
1739809600255 2.7142830937209794 370
1739809600319 1.3709940008673374 371
1739809600382 1.313528989715485 372
1739809600462 1.6463506182325567 373
1739809600525 0.6400597129447664 374
1739809600589 2.5365265957714564 375
1739809600652 0.8849208933626889 376
1739809600732 0.9793612940229012 377
1739809600798 1.5777345124660487 378
1739809600860 1.333269193126419 379
1739809600923 1.9513166619510882 380
1739809601003 1.141097202398133 381
1739809601067 2.055878422499411 382
1739809601130 0.8727438769467801 383
1739809601207 0.7990983801040829 384
1739809601273 2.678671251314476 385
1739809601336 1.056518411185882 386
1739809601400 1.2647796916008014 387
1739809601464 1.5472854147750612 388
1739809601544 0.5713296872322257 389
1739809601607 1.7544341441774212 390
1739809601671 1.0676408824117998 391
1739809601750 1.2382892425531078 392
1739809601817 1.3335488016809425 393
1739809601893 1.9382023786272216 394
1739809601972 1.4963039725382643 395
1739809602036 1.160777098078033 396
1739809602099 1.333557017546093 397
1739809602178 1.8086000893539074 398
1739809602241 1.7225236968438071 399
1739809602305 0.8241154374682825 400
1739809602384 0.666869353326331 401
1739809602451 1.627077918876627 402
1739809602511 2.7031892147100716 403
1739809602589 0.5945945821199536 404
1739809602653 0.3275368358083828 405
1739809602717 0.9776592754580763 406
1739809602780 1.9094652724164987 407
1739809602881 1.5154637574757468 408
1739809602955 3.141893287401843 409
1739809603020 0.7116944868467149 410
1739809603100 1.8508467010827505 411
1739809603163 0.5663061369797521 412
1739809603226 1.222625914266308 413
1739809603306 1.0808895422128832 414
1739809603369 1.1044272391732737 415
1739809603432 0.9705071477848312 416
1739809603512 1.6120945048646613 417
1739809603575 0.08733262334328773 418
1739809603640 2.081094155565925 419
1739809603703 1.5957364951231996 420
1739809603767 0.9736076754452311 421
1739809603849 1.8892278337907888 422
1739809603922 2.7003011056708845 423
1739809603990 1.4894704236008482 424
1739809604068 2.8241979266984085 425
1739809604133 2.9954482608908064 426
1739809604214 1.4205464177511424 427
1739809604278 1.6151552612680158 428
1739809604341 3.4207607605357455 429
1739809604417 1.946385681802456 430
1739809604484 1.7548973011181497 431
1739809604548 1.3297704787524371 432
1739809604612 0.07323728422141888 433
1739809604675 1.2471454932082389 434
1739809604754 2.7084483208064785 435
1739809604819 0.7127894900441096 436
1739809604883 3.8389029072713368 437
1739809604947 0.10819395649308024 438
1739809605027 1.155506644721054 439
1739809605091 1.3202099361531061 440
1739809605155 0.8493577764206485 441
1739809605218 1.5002104635486535 442
1739809605298 1.2386658747919994 443
1739809605361 0.7162134123383528 444
1739809605425 0.5944542192397106 445
1739809605488 1.0625414771142794 446
1739809605570 1.7132996134770728 447
1739809605631 1.2887141779693743 448
1739809605710 1.2549051845329617 449
1739809605773 1.249909406701079 450
1739809605849 1.7523724614950367 451
1739809605917 1.1224158659311922 452
1739809605980 0.8930811708151519 453
1739809606043 3.9772411919377664 454
1739809606122 1.0258728295768227 455
1739809606186 1.2058067433764528 456
1739809606266 1.4572203812261777 457
1739809606327 2.1162476788360607 458
1739809606408 2.0980472733600943 459
1739809606470 1.2806070864917978 460
1739809606534 1.0966848769830273 461
1739809606614 1.124146664225012 462
1739809606678 0.707726580552803 463
1739809606741 1.4117884823931657 464
1739809606806 2.6778821163232585 465
1739809606885 1.3413720039661279 466
1739809606948 0.277293979747556 467
1739809607012 2.7537034610098856 468
1739809607076 1.1450553588534538 469
1739809607156 1.6002668473806612 470
1739809607220 1.245698021578104 471
1739809607283 1.8468837857438496 472
1739809607347 0.40428554312122367 473
1739809607427 1.3064931086698321 474
1739809607491 1.3374400314264585 475
1739809607566 0.8490673051628566 476
1739809607635 1.0073420777261943 477
1739809607698 1.8996751567703556 478
1739809607762 1.6571210514047836 479
1739809607838 0.09074282808916752 480
1739809607905 0.8781281265680073 481
1739809607968 0.32616959213842117 482
1739809608032 1.84371147926739 483
1739809608095 1.5177543045881428 484
1739809608175 0.543961720020404 485
1739809608239 1.7809151664273257 486
1739809608318 1.5393254370616714 487
1739809608391 0.80067719169735 488
1739809608462 1.5734759932595217 489
1739809608539 2.551784200917371 490
1739809608603 1.9200767028627375 491
1739809608666 0.7719150375278279 492
1739809608748 2.294490150595391 493
1739809608811 0.757442666990469 494
1739809608874 1.1760922228680568 495
1739809608954 2.1333052710970413 496
1739809609017 3.4125261605410366 497
1739809609081 3.3110838485492784 498
1739809609144 1.7319835358791436 499
