1739808903573 169.42810631986347 0
1739808903588 162.73016039435547 1
1739808903588 162.2133312547683 2
1739808903604 161.57788828034944 3
1739808903620 160.94744606332523 4
1739808903636 160.31954567762602 5
1739808903652 159.69422471236211 6
1739808903667 159.07147137038223 7
1739808903683 158.45127487955105 8
1739808903699 157.83362449426164 9
1739808903699 157.21850951500898 10
1739808903715 156.6059192878025 11
1739808903731 155.9958432039791 12
1739808903746 155.38827070000872 13
1739808903762 154.78319125730133 14
1739808903778 154.18059440201424 15
1739808903794 153.58046970486077 16
1739808903810 152.9828067809193 17
1739808903826 152.38759528944342 18
1739808903826 151.79482493367271 19
1739808903842 151.20448546064455 20
1739808903874 150.61656666100643 21
1739808903890 150.03105836882943 22
1739808903890 149.44795046142224 23
1739808903905 148.86723285914593 24
1739808903921 148.2888955252299 25
1739808903937 147.71292846558813 26
1739808903958 147.13932172863653 27
1739808903974 146.5680654051111 28
1739808903988 145.99914962788654 29
1739808904001 145.43256457179606 30
1739808904014 144.86830045345167 31
1739808904021 144.3063475310654 32
1739808904042 143.74669610427125 33
1739808904056 143.18933651394772 34
1739808904071 142.63425914204146 35
1739808904080 142.08145441139132 36
1739808904100 141.53091278555357 37
1739808904113 140.98262476862726 38
1739808904127 140.436580905081 39
1739808904142 139.89277177957993 40
1739808904144 139.351188016814 41
1739808904157 138.8118202813263 42
1739808904174 138.2746592773427 43
1739808904189 137.739695748602 44
1739808904205 137.2069204781867 45
1739808904221 136.6763242883549 46
1739808904237 136.1478980403722 47
1739808904237 135.62163263434525 48
1739808904253 135.0975190090551 49
1739808904270 134.57554814179207 50
1739808904286 134.05571104819057 51
1739808904302 133.53799878206544 52
1739808904317 133.02240243524815 53
1739808904333 132.5089131374244 54
1739808904349 131.99752205597198 55
1739808904349 131.48822039579966 56
1739808904365 130.98099939918635 57
1739808904381 130.47585034562135 58
1739808904397 129.97276455164524 59
1739808904415 129.471733370691 60
1739808904429 128.97274819292653 61
1739808904445 128.4758004450972 62
1739808904445 127.98088159036956 63
1739808904461 127.48798312817536 64
1739808904477 126.99709659405637 65
1739808904493 126.50821355951007 66
1739808904508 126.02132563183567 67
1739808904524 125.53642445398086 68
1739808904540 125.05350170438957 69
1739808904556 124.57254909684987 70
1739808904572 124.09355838034287 71
1739808904572 123.61652133889213 72
1739808904588 123.14142979141373 73
1739808904604 122.66827559156711 74
1739808904620 122.19705062760632 75
1739808904636 121.72774682223202 76
1739808904652 121.26035613244437 77
1739808904668 120.79487054939595 78
1739808904684 120.33128209824594 79
1739808904699 119.86958283801454 80
1739808904715 119.40976486143819 81
1739808904730 118.95182029482537 82
1739808904746 118.49574129791282 83
1739808904762 118.04152006372283 84
1739808904778 117.58914881842071 85
1739808904790 117.13861982117308 86
1739808904794 116.68992536400671 87
1739808904810 116.24305777166798 88
1739808904826 115.7980094014829 89
1739808904842 115.35477264321797 90
1739808904858 114.91333991894115 91
1739808904874 114.47370368288395 92
1739808904888 114.0358564213037 93
1739808904891 113.59979065234684 94
1739808904905 113.16549892591227 95
1739808904932 112.73297382351572 96
1739808904948 112.30220795815454 97
1739808904966 111.87319397417306 98
1739808904978 111.44592454712851 99
1739808904984 111.02039238365765 100
1739808905000 110.59659022134369 101
1739808905016 110.17451082858429 102
1739808905032 109.7541470044594 103
1739808905048 109.33549157860034 104
1739808905048 108.91853741105912 105
1739808905064 108.50327739217833 106
1739808905080 108.08970444246168 107
1739808905096 107.67781151244499 108
1739808905111 107.26759158256785 109
1739808905131 106.8590376630457 110
1739808905143 106.45214279374258 111
1739808905159 106.04690004404446 112
1739808905175 105.6433025127328 113
1739808905191 105.24134332785914 114
1739808905191 104.8410156466198 115
1739808905207 104.44231265523135 116
1739808905223 104.04522756880655 117
1739808905245 103.64975363123084 118
1739808905255 103.25588411503932 119
1739808905271 102.86361232129428 120
1739808905287 102.47293157946335 121
1739808905303 102.08383524729791 122
1739808905303 101.69631671071235 123
1739808905318 101.31036938366364 124
1739808905334 100.92598670803145 125
1739808905351 100.54316215349881 126
1739808905367 100.16188921743337 127
1739808905382 99.78216142476889 128
1739808905398 99.40397232788759 129
1739808905414 99.02731550650273 130
1739808905430 98.65218456754198 131
1739808905430 98.27857314503086 132
1739808905446 97.9064748999771 133
1739808905462 97.53588352025535 134
1739808905477 97.16679272049224 135
1739808905493 96.79919624195215 136
1739808905509 96.43308785242338 137
1739808905525 96.06846134610477 138
1739808905525 95.70531054349289 139
1739808905540 95.3436292912696 140
1739808905556 94.98341146219022 141
1739808905572 94.62465095497208 142
1739808905588 94.26734169418371 143
1739808905604 93.91147763013413 144
1739808905620 93.55705273876315 145
1739808905636 93.20406102153163 146
1739808905652 92.85249650531267 147
1739808905652 92.50235324228285 148
1739808905668 92.15362530981413 149
1739808905683 91.8063068103664 150
1739808905699 91.46039187138007 151
1739808905716 91.11587464516947 152
1739808905732 90.77274930881659 153
1739808905748 90.43101006406522 154
1739808905763 90.09065113721566 155
1739808905763 89.75166677901974 156
1739808905779 89.41405126457651 157
1739808905797 89.07779889322806 158
1739808905811 88.7429039884561 159
1739808905827 88.40936089777877 160
1739808905843 88.07716399264804 161
1739808905859 87.74630766834744 162
1739808905859 87.4167863438902 163
1739808905875 87.08859446191809 164
1739808905891 86.7617264886003 165
1739808905907 86.43617691353309 166
1739808905923 86.1119402496396 167
1739808905939 85.78901103307047 168
1739808905954 85.4673838231043 169
1739808905971 85.14705320204918 170
1739808905987 84.82801377514417 171
1739808905987 84.51026017046148 172
1739808906019 84.19378703880886 173
1739808906019 83.87858905363257 174
1739808906035 83.56466091092071 175
1739808906050 83.25199732910697 176
1739808906067 82.94059304897479 177
1739808906083 82.63044283356183 178
1739808906099 82.32154146806509 179
1739808906115 82.01388375974625 180
1739808906130 81.70746453783738 181
1739808906149 81.40227865344725 182
1739808906164 81.09832097946781 183
1739808906179 80.79558641048133 184
1739808906192 80.49406986266767 185
1739808906200 80.1937662737121 186
1739808906209 79.89467060271362 187
1739808906225 79.59677783009323 188
1739808906241 79.3000829575033 189
1739808906258 79.0045810077367 190
1739808906273 78.71026702463654 191
1739808906290 78.41713607300636 192
1739808906294 78.12518323852079 193
1739808906305 77.83440362763619 194
1739808906322 77.54479236750221 195
1739808906337 77.25634460587327 196
1739808906353 76.9690555110207 197
1739808906369 76.68292027164514 198
1739808906385 76.39793409678941 199
1739808906401 76.11409221575161 200
1739808906417 75.83138987799867 201
1739808906417 75.54982235308032 202
1739808906433 75.26938493054337 203
1739808906448 74.99007291984636 204
1739808906464 74.7118816502746 205
1739808906480 74.4348064708555 206
1739808906496 74.15884275027442 207
1739808906512 73.88398587679065 208
1739808906528 73.61023125815404 209
1739808906544 73.33757432152173 210
1739808906544 73.06601051337536 211
1739808906559 72.79553529943855 212
1739808906575 72.52614416459498 213
1739808906591 72.25783261280641 214
1739808906608 71.99059616703144 215
1739808906623 71.72443036914441 216
1739808906623 71.45933077985468 217
1739808906639 71.19529297862623 218
1739808906655 70.93231256359779 219
1739808906671 70.67038515150301 220
1739808906687 70.40950637759126 221
1739808906703 70.14967189554852 222
1739808906719 69.8908773774188 223
1739808906735 69.63311851352583 224
1739808906735 69.3763910123951 225
1739808906750 69.12069060067616 226
1739808906766 68.86601302306529 227
1739808906783 68.61235404222865 228
1739808906798 68.35970943872547 229
1739808906815 68.1080750109319 230
1739808906815 67.85744657496487 231
1739808906831 67.60781996460646 232
1739808906847 67.35919103122865 233
1739808906863 67.11155564371815 234
1739808906878 66.86490968840184 235
1739808906894 66.61924906897231 236
1739808906910 66.37456970641385 237
1739808906910 66.1308675389286 238
1739808906926 65.88813852186334 239
1739808906942 65.64637862763612 240
1739808906958 65.40558384566368 241
1739808906974 65.16575018228885 242
1739808906990 64.92687366070837 243
1739808907006 64.6889503209011 244
1739808907022 64.4519762195564 245
1739808907022 64.21594743000291 246
1739808907038 63.98086004213761 247
1739808907054 63.74671016235512 248
1739808907070 63.51349391347746 249
1739808907086 63.281207434683935 250
1739808907102 63.04984688144144 251
1739808907118 62.81940842543501 252
1739808907133 62.58988825449863 253
1739808907133 62.36128257254653 254
1739808907149 62.13358759950448 255
1739808907165 61.90679957124163 256
1739808907181 61.680914739502505 257
1739808907197 61.455929371839396 258
1739808907213 61.2318397515449 259
1739808907228 61.008642177584875 260
1739808907244 60.78633296453163 261
1739808907260 60.5649084424974 262
1739808907260 60.3443649570681 263
1739808907276 60.12469886923744 264
1739808907292 59.90590655534115 265
1739808907308 59.687984406991724 266
1739808907324 59.47092883101317 267
1739808907339 59.254736249376364 268
1739808907355 59.039403099134304 269
1739808907371 58.824925832357984 270
1739808907387 58.61130091607235 271
1739808907387 58.39852483219257 272
1739808907403 58.186594077460626 273
1739808907419 57.97550516338204 274
1739808907434 57.76525461616311 275
1739808907451 57.555838976648154 276
1739808907469 57.34725480025719 277
1739808907482 57.13949865692386 278
1739808907499 56.93256713103355 279
1739808907499 56.72645682136182 280
1739808907514 56.52116434101315 281
1739808907531 56.31668631735983 282
1739808907547 56.11301939198127 283
1739808907563 55.910160220603345 284
1739808907579 55.70810547303826 285
1739808907595 55.50685183312451 286
1739808907611 55.30639599866706 287
1739808907611 55.106734681377965 288
1739808907627 54.90786460681707 289
1739808907642 54.70978251433303 290
1739808907664 54.51248515700461 291
1739808907674 54.31596930158218 292
1739808907690 54.120231728429516 293
1739808907705 53.925269231465776 294
1739808907721 53.731078618107816 295
1739808907745 53.5376567092127 296
1739808907753 53.34500033902042 297
1739808907769 53.153106355097 298
1739808907785 52.96197161827765 299
1739808907801 52.77159300261031 300
1739808907821 52.581967395299415 301
1739808907839 52.39309169664977 302
1739808907852 52.20496282001092 303
1739808907858 52.0175776917215 304
1739808907874 51.83093325105396 305
1739808907890 51.645026450159506 306
1739808907890 51.45985425401329 307
1739808907906 51.275413640359716 308
1739808907921 51.09170159965825 309
1739808907937 50.90871513502912 310
1739808907953 50.72645126219953 311
1739808907969 50.54490700944993 312
1739808907985 50.36407941756064 313
1739808907985 50.18396553975855 314
1739808908001 50.004562441664255 315
1739808908017 49.82586720123922 316
1739808908033 49.647876908733274 317
1739808908048 49.47058866663232 318
1739808908065 49.29399958960626 319
1739808908080 49.11810680445708 320
1739808908096 48.94290745006733 321
1739808908096 48.76839867734862 322
1739808908112 48.594577649190434 323
1739808908128 48.42144154040923 324
1739808908144 48.2489875376976 325
1739808908160 48.07721283957378 326
1739808908176 47.90611465633131 327
1739808908192 47.73569020998896 328
1739808908208 47.56593673424081 329
1739808908224 47.39685147440656 330
1739808908224 47.22843168738213 331
1739808908240 47.060674641590296 332
1739808908256 46.8935776169318 333
1739808908272 46.72713790473642 334
1739808908288 46.56135280771431 335
1739808908304 46.39621963990766 336
1739808908320 46.231735726642526 337
1739808908336 46.06789840448071 338
1739808908350 45.90470502117207 339
1739808908360 45.74215293560686 340
1739808908377 45.58023951776839 341
1739808908391 45.418962148685814 342
1739808908397 45.258318220387174 343
1739808908414 45.098305135852584 344
1739808908429 44.93892030896768 345
1739808908445 44.78016116447726 346
1739808908445 44.622025137939005 347
1739808908460 44.46450967567764 348
1739808908477 44.307612234739 349
1739808908496 44.15133028284455 350
1739808908511 43.99566129834592 351
1739808908524 43.84060277017978 352
1739808908540 43.68615219782268 353
1739808908556 43.53230709124642 354
1739808908556 43.379064970873316 355
1739808908572 43.22642336753178 356
1739808908588 43.07437982241207 357
1739808908604 42.92293188702229 358
1739808908620 42.77207712314446 359
1739808908636 42.621813102790924 360
1739808908652 42.47213740816071 361
1739808908667 42.32304763159638 362
1739808908667 42.17454137554084 363
1739808908683 42.026616252494435 364
1739808908699 41.87926988497213 365
1739808908715 41.73249990546103 366
1739808908731 41.586303956377954 367
1739808908747 41.44067969002722 368
1739808908747 41.29562476855864 369
1739808908763 41.151136863925686 370
1739808908779 41.00721365784378 371
1739808908796 40.86385284174887 372
1739808908811 40.72105211675605 373
1739808908827 40.578809193618525 374
1739808908843 40.437121792686575 375
1739808908859 40.29598764386675 376
1739808908875 40.15540448658141 377
1739808908875 40.01537006972809 378
1739808908891 39.87588215163943 379
1739808908907 39.73693850004295 380
1739808908923 39.59853689202121 381
1739808908938 39.46067511397202 382
1739808908954 39.32335096156893 383
1739808908970 39.186562239721766 384
1739808908970 39.050306762537375 385
1739808908986 38.91458235328064 386
1739808909002 38.77938684433552 387
1739808909025 38.64471807716629 388
1739808909034 38.510573902279035 389
1739808909050 38.37695217918321 390
1739808909066 38.243850776353426 391
1739808909082 38.11126757119132 392
1739808909098 37.97920044998769 393
1739808909098 37.847647307884735 394
1739808909114 37.71660604883842 395
1739808909131 37.58607458558116 396
1739808909146 37.45605083958439 397
1739808909162 37.32653274102161 398
1739808909178 37.197518228731305 399
1739808909194 37.069005250180275 400
1739808909210 36.940991761426886 401
1739808909225 36.81347572708464 402
1739808909241 36.6864551202859 403
1739808909241 36.559927922645635 404
1739808909257 36.433892124225466 405
1739808909273 36.308345723497766 406
1739808909289 36.183286727310026 407
1739808909305 36.05871315084919 408
1739808909321 35.93462301760636 409
1739808909337 35.81101435934152 410
1739808909353 35.687885216048386 411
1739808909353 35.56523363591952 412
1739808909369 35.443057675311486 413
1739808909384 35.321355398710246 414
1739808909401 35.200124878696606 415
1739808909416 35.07936419591188 416
1739808909432 34.95907143902371 417
1739808909448 34.83924470469202 418
1739808909464 34.71988209753498 419
1739808909464 34.600981730095405 420
1739808909480 34.482541722807 421
1739808909496 34.36456020396092 422
1739808909512 34.24703530967246 423
1739808909528 34.12996518384781 424
1739808909544 34.01334797815104 425
1739808909560 33.89718185197115 426
1739808909575 33.78146497238932 427
1739808909591 33.666195514146295 428
1739808909591 33.55137165960983 429
1739808909607 33.43699159874243 430
1739808909623 33.32305352906904 431
1739808909639 33.20955565564504 432
1739808909655 33.09649619102423 433
1739808909671 32.98387335522711 434
1739808909687 32.87168537570916 435
1739808909703 32.75993048732929 436
1739808909703 32.648606932318515 437
1739808909719 32.53771296024861 438
1739808909735 32.42724682800102 439
1739808909751 32.317206799735864 440
1739808909767 32.20759114686108 441
1739808909783 32.098398148001635 442
1739808909783 31.98962608896901 443
1739808909799 31.881273262730648 444
1739808909815 31.773337969379675 445
1739808909831 31.66581851610467 446
1739808909847 31.558713217159546 447
1739808909863 31.452020393833646 448
1739808909879 31.34573837442191 449
1739808909895 31.239865494195147 450
1739808909895 31.134400095370516 451
1739808909910 31.02934052708202 452
1739808909926 30.92468514535124 453
1739808909943 30.820432313058117 454
1739808909958 30.716580399911876 455
1739808909974 30.613127782422108 456
1739808909991 30.510072843869942 457
1739808910006 30.40741397427932 458
1739808910006 30.305149570388455 459
1739808910022 30.20327803562138 460
1739808910038 30.101797780059574 461
1739808910054 30.000707220413805 462
1739808910070 29.900004779996 463
1739808910086 29.799688888691332 464
1739808910102 29.699757982930283 465
1739808910102 29.60021050566099 466
1739808910118 29.501044906321614 467
1739808910134 29.40225964081281 468
1739808910150 29.30385317147039 469
1739808910166 29.20582396703806 470
1739808910182 29.108170502640245 471
1739808910198 29.010891259755095 472
1739808910198 28.913984726187557 473
1739808910214 28.817449396042587 474
1739808910230 28.721283769698474 475
1739808910246 28.625486353780225 476
1739808910262 28.530055661133165 477
1739808910278 28.43499021079657 478
1739808910294 28.340288527977453 479
1739808910310 28.245949144024426 480
1739808910326 28.151970596401704 481
1739808910342 28.058351428663205 482
1739808910342 27.965090190426775 483
1739808910357 27.87218543734852 484
1739808910373 27.779635731097205 485
1739808910395 27.687439639328844 486
1739808910405 27.59559573566132 487
1739808910421 27.504102599649187 488
1739808910437 27.412958816758472 489
1739808910437 27.322162978341712 490
1739808910454 27.23171368161303 491
1739808910470 27.141609529623306 492
1739808910485 27.051849131235475 493
1739808910501 26.96243110109992 494
1739808910518 26.873354059630024 495
1739808910531 26.784616632977727 496
1739808910542 26.696217453009258 497
1739808910559 26.608155157280986 498
1739808910571 26.52042838901528 499
