1739809235162 12.215464898339215 0
1739809235179 2.9577608708781544 1
1739809235194 1.5380866591800184 2
1739809235212 1.7087529548004554 3
1739809235225 1.4490778080576125 4
1739809235241 1.720135226206511 5
1739809235257 1.4210978322441987 6
1739809235275 1.6149020952981936 7
1739809235288 1.6136211738772541 8
1739809235304 1.668866040261342 9
1739809235320 1.4144375834234977 10
1739809235334 1.5923011344148998 11
1739809235347 1.5429478517320496 12
1739809235366 1.518058831081293 13
1739809235380 1.5176221278344098 14
1739809235394 1.516832261196264 15
1739809235410 1.4937788643397258 16
1739809235415 1.4828044510539709 17
1739809235426 1.374323695259379 18
1739809235445 1.477719017097406 19
1739809235460 1.6820654077328385 20
1739809235485 1.2653425273880754 21
1739809235499 1.4161071275269712 22
1739809235511 1.6819900262717247 23
1739809235527 1.4523189715042215 24
1739809235543 1.7011749329524992 25
1739809235558 1.4483457413153913 26
1739809235574 1.5801572391130183 27
1739809235574 1.519513300557051 28
1739809235595 1.414381428009426 29
