1739809811577 179.72645539687778 0
1739809811641 98.92328293570999 1
1739809811752 148.4495290367773 2
1739809811832 98.12265212597882 3
1739809811895 81.33763574837339 4
1739809811975 76.27485664010575 5
1739809812054 65.95882395537134 6
1739809812134 61.36300867134683 7
1739809812197 67.48827438843608 8
1739809812291 44.649218519001074 9
1739809812372 36.673773466237805 10
1739809812451 52.759809511998796 11
1739809812515 31.80362430422149 12
1739809812594 21.850920226458783 13
1739809812682 31.813204545188174 14
1739809812759 19.338147540283437 15
1739809812832 13.877156386784112 16
1739809812911 8.155547539138524 17
1739809812991 12.40923196892775 18
1739809813054 18.02095291734159 19
1739809813134 13.57961865978602 20
1739809813213 13.007176561464902 21
1739809813294 7.959585252965906 22
1739809813358 8.405643658166241 23
1739809813437 6.462189477790361 24
1739809813517 7.915909637467223 25
1739809813597 2.6214954591301742 26
1739809813660 9.565868232247164 27
1739809813742 5.186432419095707 28
1739809813819 2.4284902948263762 29
1739809813883 8.439491904922107 30
1739809813962 4.010553968066402 31
1739809814042 3.7241722849831564 32
1739809814106 3.3151218189142577 33
1739809814185 4.297602133696871 34
1739809814264 2.5753633279757224 35
1739809814343 4.218833507014894 36
1739809814407 0.8015616537671025 37
1739809814501 2.0909856169001766 38
1739809814581 1.3577999865291275 39
1739809814661 2.7234112578355902 40
1739809814740 3.396748228617608 41
1739809814804 0.5459558364610648 42
1739809814884 4.618303118640351 43
1739809814964 2.739646676817383 44
1739809815027 2.506500135015517 45
1739809815107 1.4792236202245084 46
1739809815187 1.9549011135844656 47
1739809815251 1.8891096368032156 48
1739809815329 1.3807403628155033 49
1739809815409 2.333206425803441 50
1739809815488 1.28235274380205 51
1739809815552 1.2246722778970123 52
1739809815632 2.309908644822993 53
1739809815711 0.24128221980656364 54
1739809815791 2.591045014142182 55
1739809815855 0.8047610031511035 56
1739809815934 5.459513316061354 57
1739809816014 1.8896168389716013 58
1739809816078 3.1697046322332554 59
1739809816157 1.4067815394762264 60
1739809816237 2.597281193700057 61
1739809816315 2.570395757802331 62
1739809816379 1.4959061498043893 63
1739809816459 0.003540829100672255 64
1739809816539 0.6159536738027325 65
1739809816603 2.587405032578468 66
1739809816698 2.7159146877517197 67
1739809816777 2.1384819003199427 68
1739809816857 0.8205596605553639 69
1739809816938 0.7703615528600515 70
1739809817002 1.0503660221702065 71
1739809817081 1.8092469697136535 72
1739809817160 1.7551674852302044 73
1739809817239 1.823839285822512 74
1739809817302 1.318722390396272 75
1739809817381 1.7932853436819318 76
1739809817461 0.21410368324737725 77
1739809817525 1.025447380327644 78
1739809817604 2.161174751414118 79
1739809817684 1.1166350637129758 80
1739809817766 0.9729993395604186 81
1739809817843 1.2395574604896555 82
1739809817907 0.13486672030678376 83
1739809817986 1.2267320162278401 84
1739809818066 0.4643013096508521 85
1739809818145 1.1464946344881108 86
1739809818208 2.579547767916819 87
1739809818290 1.5328033892043849 88
1739809818367 0.37268463576600636 89
1739809818430 1.2590477241041642 90
1739809818510 2.6064711963769573 91
1739809818592 2.1364385650201627 92
1739809818669 1.0827462524592402 93
1739809818733 1.5041952582054878 94
1739809818813 2.651035634467246 95
1739809818908 1.1902272817023185 96
1739809818989 2.0292153974883975 97
1739809819067 2.001091585217183 98
1739809819131 2.2463749891318887 99
1739809819211 2.130476183508418 100
1739809819290 2.315097118099521 101
1739809819354 2.4730818226825066 102
1739809819433 2.2326706642623386 103
1739809819513 0.012943509946345709 104
1739809819577 2.2023870732345703 105
1739809819657 3.0058972807945845 106
1739809819736 0.6962927836480471 107
1739809819816 1.2702251740376103 108
1739809819880 0.7502354124019898 109
1739809819961 2.0220778807449866 110
1739809820041 2.0300951649094183 111
1739809820104 1.735630692822343 112
1739809820183 3.1228596408657756 113
1739809820263 0.9812872839499513 114
1739809820327 2.325755786765518 115
1739809820407 1.2313901867620194 116
1739809820486 1.3636392955238354 117
1739809820566 2.127022218949051 118
1739809820630 1.3663740205713146 119
1739809820717 1.9786337968922278 120
1739809820789 0.4252710794810668 121
1739809820853 3.2769138912310307 122
1739809820932 0.7022196086229435 123
1739809821011 1.1645774741981412 124
1739809821089 2.547189645425948 125
1739809821170 0.2607092477564905 126
1739809821249 2.280051684178872 127
1739809821328 0.9567903185379303 128
1739809821407 0.6276312584057615 129
1739809821471 3.1847135225299787 130
1739809821551 3.203610224740585 131
1739809821631 0.03823760351782879 132
1739809821710 2.7015423007327786 133
1739809821773 1.8727855930214348 134
1739809821853 1.848933009628199 135
1739809821933 2.5888747855638554 136
1739809821997 1.5190249176760289 137
1739809822077 2.5574011168287143 138
1739809822156 1.4445658240068306 139
1739809822220 1.551191070195266 140
1739809822299 3.931087990929251 141
1739809822379 3.560404047874901 142
1739809822459 0.5551477207101333 143
1739809822522 1.7133509983320605 144
1739809822601 1.8857194311664314 145
1739809822681 1.6132179306951113 146
1739809822745 2.111607104307558 147
1739809822824 1.7677122075613478 148
1739809822903 1.2513401703273177 149
1739809822982 1.0996789728439127 150
1739809823046 0.7957240263320097 151
1739809823126 1.93555912055384 152
1739809823212 0.8255734130007429 153
1739809823282 1.8781714572790578 154
1739809823362 1.2437159004450407 155
1739809823442 1.7495421939103182 156
1739809823521 1.4418296685694483 157
