1739810211646 169.42810631986347 0
1739810211662 162.73016039435547 1
1739810211666 156.34974881800497 2
1739810211693 150.220682721703 3
1739810211708 144.3334032058053 4
1739810211716 138.67817452423162 5
1739810211740 133.24582870365631 6
1739810211755 128.0273719323202 7
1739810211766 123.014725133163 8
1739810211785 118.19957639141768 9
1739810211799 113.57412442422525 10
1739810211814 109.13068931993418 11
1739810211827 104.86245018120236 12
1739810211833 100.76230700610063 13
1739810211856 96.82362135152673 14
1739810211870 93.03983167629056 15
1739810211885 89.40518670736752 16
1739810211898 85.91361804757689 17
1739810211910 82.55929429683236 18
1739810211928 79.33715577310167 19
1739810211940 76.24180780667685 20
1739810211964 73.26824530906724 21
1739810211978 70.41148050353831 22
1739810211983 67.66725875279374 23
1739810212007 65.0309636220537 24
1739810212016 62.49833583290451 25
1739810212036 60.06510582199161 26
1739810212037 57.727703133267134 27
1739810212065 55.48217391898145 28
1739810212079 53.32471829808461 29
1739810212084 51.25220661525711 30
1739810212109 49.2611185577638 31
1739810212116 47.348242473022374 32
1739810212137 45.51032041941149 33
1739810212152 43.74473742882208 34
1739810212166 42.04847321058526 35
1739810212166 40.41862475819885 36
1739810212187 38.85290764232175 37
1739810212209 37.348629282182074 38
1739810212216 35.903367774425426 39
1739810212232 34.514629127351114 40
1739810212249 33.18051596669789 41
1739810212266 31.898713141895648 42
1739810212280 30.66699506030877 43
1739810212283 29.483711869602963 44
1739810212299 28.346796317740488 45
1739810212315 27.254421877680134 46
1739810212331 26.204671717452626 47
1739810212347 25.196186960902402 48
1739810212362 24.22718531991593 49
1739810212379 23.2959530875328 50
1739810212386 22.401316427945677 51
1739810212402 21.541680745872878 52
1739810212413 20.715512603654016 53
1739810212432 19.92180149932967 54
1739810212442 19.159119443581577 55
1739810212457 18.42624557614544 56
1739810212473 17.72185309993206 57
1739810212489 17.045125089707472 58
1739810212505 16.394824317824085 59
1739810212521 15.76976060902924 60
1739810212527 15.169238763647076 61
1739810212537 14.59214789640139 62
1739810212553 14.037419151842345 63
1739810212569 13.504464637929438 64
1739810212585 12.992285690223415 65
1739810212600 12.499921204713182 66
1739810212616 12.026877847262808 67
1739810212632 11.572256651517904 68
1739810212639 11.13519223264707 69
1739810212652 10.715274541983128 70
1739810212666 10.311693205113247 71
1739810212680 9.923667885223356 72
1739810212696 9.550861854852535 73
1739810212712 9.192543480621644 74
1739810212728 8.848008008639594 75
1739810212744 8.516983226733533 76
1739810212749 8.198807503936493 77
1739810212762 7.892843272923345 78
1739810212778 7.5988750564991525 79
1739810212801 7.3163034731447585 80
1739810212815 7.04455069282703 81
1739810212830 6.783451101034759 82
1739810212832 6.532460686215694 83
1739810212849 6.291054745669447 84
1739810212877 6.059111459115749 85
1739810212891 5.8361360796026185 86
1739810212905 5.621651165649526 87
1739810212921 5.415573334309032 88
1739810212936 5.217451683949691 89
1739810212949 5.026850827470954 90
1739810212966 4.843721092160825 91
1739810212966 4.667650610534399 92
1739810212995 4.498241427381625 93
1739810213000 4.335473410507265 94
1739810213024 4.1789694544222264 95
1739810213033 4.028364931293722 96
1739810213054 3.8836655729493827 97
1739810213067 3.744525241568399 98
1739810213082 3.6106089913560298 99
1739810213098 3.4819451780656148 100
1739810213111 3.3582152608219014 101
1739810213117 3.239110737608175 102
1739810213133 3.124679734065477 103
1739810213149 3.0146283111123418 104
1739810213166 2.9086715331755215 105
1739810213181 2.8068747832182015 106
1739810213188 2.7088553885264623 107
1739810213197 2.614683641634672 108
1739810213215 2.524103546489142 109
1739810213229 2.436866446341436 110
1739810213250 2.3530565560923855 111
1739810213266 2.2724359211899237 112
1739810213272 2.1947731523842524 113
1739810213295 2.1201645958807713 114
1739810213300 2.048388395727232 115
1739810213316 1.9792285639723683 116
1739810213333 1.9127920047685811 117
1739810213349 1.8487685707322663 118
1739810213367 1.7872660764648798 119
1739810213383 1.7280884591243508 120
1739810213389 1.6710443440815497 121
1739810213401 1.616250097004916 122
1739810213416 1.5635214550012089 123
1739810213431 1.5126783190818252 124
1739810213447 1.4638444890941302 125
1739810213464 1.4167492703568243 126
1739810213480 1.3715155173655558 127
1739810213496 1.327978602497515 128
1739810213509 1.2859771311679133 129
1739810213516 1.24564002930728 130
1739810213541 1.2068112969435782 131
1739810213556 1.1693377717329343 132
1739810213566 1.133353660360049 133
1739810213587 1.0986186988603246 134
1739810213602 1.0652648747683349 135
1739810213617 1.0331512699948948 136
1739810213623 1.0021390592923485 137
1739810213646 0.9723646077056106 138
1739810213649 0.9436050679959108 139
1739810213676 0.9159940585921903 140
1739810213683 0.8894034499330973 141
1739810213704 0.8637065568973337 142
1739810213716 0.8390406839975182 143
1739810213733 0.815198051707824 144
1739810213739 0.7923128169737592 145
1739810213750 0.7702677239501707 146
1739810213768 0.7489463942203449 147
1739810213787 0.7284861494124394 148
1739810213797 0.7086922831340572 149
1739810213813 0.6896986698923061 150
1739810213835 0.67139732478794 151
1739810213845 0.6536806423306281 152
1739810213865 0.6366852763513704 153
1739810213879 0.6202278936687137 154
1739810213895 0.6044414824200285 155
1739810213904 0.5892259834302609 156
1739810213913 0.5744812776360243 157
1739810213932 0.5603428555728576 158
1739810213950 0.546637302876067 159
1739810213967 0.5334962902182601 160
1739810213983 0.5208265518016445 161
1739810213985 0.5085343728397699 162
1739810214008 0.4967537355036934 163
1739810214026 0.4853198949627906 164
1739810214037 0.4743629103128495 165
1739810214056 0.4637953530168361 166
1739810214066 0.45352899955131915 167
1739810214086 0.44369609747439187 168
1739810214099 0.434139494031848 169
1739810214105 0.42498745055966036 170
1739810214129 0.4161575658182235 171
1739810214133 0.40756633476700627 172
1739810214160 0.3993441373313937 173
1739810214167 0.3913404797524861 174
1739810214187 0.3836817238441458 175
1739810214199 0.3762230166820552 176
1739810214216 0.36908677756794056 177
1739810214217 0.36219811446961114 178
1739810214236 0.35548055426450964 179
1739810214249 0.34905872193602605 180
1739810214268 0.3427931210397616 181
1739810214284 0.336804428893475 182
1739810214299 0.33102119626497867 183
1739810214315 0.325370161047935 184
1739810214331 0.31997421197719134 185
1739810214331 0.31469855039309585 186
1739810214350 0.3096621290385625 187
1739810214367 0.3047350730651514 188
1739810214389 0.3000324888719843 189
1739810214400 0.2954885826015914 190
1739810214419 0.2910353626905325 191
1739810214433 0.28679030822959045 192
1739810214439 0.2826272571177501 193
1739810214452 0.2786598650142791 194
1739810214477 0.27476653041614285 195
1739810214483 0.27105717847099164 196
1739810214507 0.26747079250686906 197
1739810214522 0.2639438199138427 198
1739810214536 0.2605887371443061 199
1739810214551 0.2572868160681512 200
1739810214565 0.25414683119091286 201
1739810214581 0.25105430442679383 202
1739810214596 0.24811440264426363 203
1739810214610 0.24527015705300403 204
1739810214625 0.24246176460800492 205
1739810214640 0.2397971295114772 206
1739810214655 0.23716392712240594 207
1739810214671 0.23466648426230982 208
1739810214685 0.23219645915679793 209
1739810214702 0.22985469562372832 210
1739810214716 0.22758766241098827 211
1739810214732 0.22533873014267375 212
1739810214746 0.22321166643930102 213
1739810214763 0.22109966186165517 214
1739810214777 0.21910303021886582 215
1739810214790 0.21711871380662817 216
1739810214805 0.21524366615812845 217
1739810214820 0.2134272790118593 218
1739810214835 0.21161561204529084 219
1739810214852 0.2099087247077776 220
1739810214869 0.20820455299421511 221
1739810214885 0.20659982234029897 222
1739810214900 0.20499601955982624 223
1739810214916 0.20348662816460356 224
1739810214931 0.2019765752072605 225
1739810214948 0.20055619227708776 226
1739810214966 0.19917912802921003 227
1739810214984 0.19779536714530943 228
1739810215003 0.19649865284378293 229
1739810215021 0.19519417552179025 230
1739810215041 0.19397254345705173 231
1739810215059 0.19274222380660894 232
1739810215077 0.19159077815552672 233
1739810215095 0.19042984953375958 234
1739810215111 0.1893440389421001 235
1739810215130 0.18829053970925066 236
1739810215147 0.18722259401949579 237
1739810215165 0.18622849417301 238
1739810215181 0.18521952549149573 239
1739810215199 0.18428102679991124 240
1739810215215 0.18332732670969917 241
1739810215233 0.1824408948449562 242
1739810215249 0.18153901026436176 243
1739810215268 0.1807013555261345 244
1739810215298 0.17988807404950916 245
1739810215321 0.17905510935529656 246
1739810215340 0.17828608818681635 247
1739810215361 0.17749740152773752 248
1739810215381 0.17676988628413187 249
1739810215400 0.17602277707304073 250
1739810215417 0.17533420132668398 251
1739810215437 0.17462615119544234 252
1739810215456 0.1739741228938059 253
1739810215476 0.17330278259721005 254
1739810215493 0.17268507149634812 255
1739810215510 0.17208493662123991 256
1739810215528 0.17146181261019083 257
1739810215545 0.1708929219910739 258
1739810215560 0.17030139052952623 259
1739810215567 0.16976186847140035 260
1739810215582 0.16920007891788072 261
1739810215599 0.16868817455971005 262
1739810215615 0.16815439767258664 263
1739810215631 0.167668476106099 264
1739810215655 0.16716109546730035 265
1739810215671 0.1666996295130397 266
1739810215687 0.16625110759498382 267
1739810215704 0.16577778320583678 268
1739810215720 0.16535160288313694 269
1739810215737 0.1649011669705576 270
1739810215754 0.16449603747297967 271
1739810215770 0.164067206206607 272
1739810215785 0.163681920275744 273
1739810215801 0.16327349137536523 274
1739810215816 0.16290691943056518 275
1739810215833 0.1625177665217123 276
1739810215849 0.16216885125312241 277
1739810215869 0.1618296893714111 278
1739810215890 0.16146479871344355 279
1739810215912 0.16114182091389284 280
1739810215928 0.16079377688871244 281
1739810215945 0.1604860847342277 282
1739810215961 0.1601539845223227 283
1739810215977 0.1598607359118152 284
1739810215993 0.15954373200773053 285
1739810216011 0.15926413732300848 286
1739810216028 0.1589614337979448 287
1739810216045 0.15869475232907204 288
1739810216061 0.15840560136206816 289
1739810216079 0.15815113799040637 290
1739810216096 0.15790388746111417 291
1739810216111 0.15763111670416355 292
1739810216127 0.15739510614426694 293
1739810216146 0.15713429329264572 294
1739810216162 0.15690892806807888 295
1739810216179 0.1566594666137018 296
1739810216194 0.15644418789650963 297
1739810216211 0.15620550678373876 298
1739810216225 0.15599978917306703 299
1739810216233 0.15577135048171456 300
1739810216249 0.15557469979360317 301
1739810216265 0.1553559965850427 302
1739810216281 0.1551679477985498 303
1739810216296 0.15495850211292886 304
1739810216312 0.15477861746107094 305
1739810216329 0.15460406415346833 306
1739810216344 0.1544050763106988 307
1739810216361 0.15423806028042455 308
1739810216366 0.1540473318248561 309
1739810216380 0.1538874756183645 310
1739810216403 0.1537046131742548 311
1739810216419 0.15355156095374428 312
1739810216437 0.15337619282603718 313
1739810216455 0.15322960898774474 314
1739810216470 0.1530613838074577 315
1739810216486 0.15292095169548406 316
1739810216502 0.15275953715768312 317
1739810216519 0.15262495786640448 318
1739810216533 0.15247003955407107 319
1739810216551 0.1523410308127125 320
1739810216567 0.1522161550570683 321
1739810216582 0.1520678788250416 322
1739810216599 0.15194815911009482 323
1739810216616 0.15180574368863656 324
1739810216632 0.15169093475643725 325
1739810216647 0.15155411731441687 326
1739810216661 0.15144398724500682 327
1739810216678 0.15131251856945546 328
1739810216684 0.15120684796461384 329
1739810216706 0.15108049165274276 330
1739810216716 0.15097907287442694 331
1739810216737 0.15085760457889827 332
1739810216747 0.150760241038482 333
1739810216768 0.15064344776217076 334
1739810216781 0.1505499532568741 335
1739810216797 0.15043763269363128 336
1739810216811 0.1503478307867992 337
1739810216827 0.1502613048526736 338
1739810216841 0.1501528296929535 339
1739810216856 0.1500697260761466 340
1739810216867 0.1499653375049359 341
1739810216883 0.149885501700999 342
1739810216899 0.14978502751503284 343
1739810216915 0.14970831295311013 344
1739810216930 0.14961158926922788 345
1739810216932 0.14953785685179027 346
1739810216946 0.14944472764421377 347
1739810216962 0.14937384531637288 348
1739810216977 0.14928416198301167 349
1739810217003 0.1492160043293592 350
1739810217017 0.14912962528515045 351
1739810217032 0.14906407315222928 352
1739810217038 0.14898086344767442 353
1739810217061 0.14891780359032009 354
1739810217076 0.14883763455350915 355
1739810217089 0.14877695930342802 356
1739810217104 0.14871897331099776 357
1739810217119 0.1486406721372929 358
1739810217138 0.14858489379705592 359
1739810217159 0.14850941125624398 360
1739810217177 0.14845574563683622 361
1739810217194 0.14838296993795505 362
1739810217212 0.14833132670499394 363
1739810217232 0.14826115107438384 364
1739810217248 0.14821144423958008 365
1739810217266 0.14814376666229168 366
1739810217284 0.14809591434784503 367
1739810217303 0.14803063732424446 368
1739810217321 0.14798456154150896 369
1739810217338 0.14792159185809417 370
1739810217357 0.1478772182995636 371
1739810217375 0.14781646681306454 372
1739810217394 0.14777372465680427 373
1739810217411 0.1477151060907133 374
1739810217428 0.14767392781642102 375
1739810217444 0.1476173605691506 376
1739810217463 0.14757768178508437 377
1739810217483 0.1475230877490134 378
1739810217502 0.14748484702908485 379
1739810217521 0.1474488853632104 380
1739810217540 0.14739469222674045 381
1739810217550 0.14736005371561534 382
1739810217573 0.14730772436276057 383
1739810217590 0.14727435461136695 384
1739810217614 0.1472238194573004 385
1739810217631 0.14719166655427443 386
1739810217649 0.14714285890256476 387
1739810217674 0.14711187329372094 388
1739810217694 0.14706472920024335 389
1739810217707 0.14703486356928935 390
1739810217732 0.14698932171347334 391
1739810217748 0.14696053086946254 392
1739810217763 0.14691653243242495 393
1739810217781 0.14688877320352903 394
1739810217799 0.14684626175267781 395
1739810217816 0.1468194928858829 396
1739810217832 0.14677841426560498 397
1739810217860 0.14675259633197074 398
1739810217881 0.1467128985600379 399
1739810217900 0.14668799386517326 400
1739810217920 0.14664962703452963 401
1739810217941 0.14662559953396975 402
1739810217959 0.14658851571958267 403
1739810217980 0.14656533093876922 404
1739810218000 0.14654417586515042 405
1739810218020 0.14650654860443904 406
1739810218038 0.14648615700744563 407
1739810218062 0.14644977045949312 408
1739810218082 0.14643011186745036 409
1739810218104 0.14639492208252974 410
1739810218123 0.1463759673558819 411
1739810218134 0.14634193208660165 412
1739810218154 0.14632365335401928 413
1739810218172 0.14629073198175685 414
1739810218197 0.14627310257962967 415
1739810218212 0.14624125604457103 416
1739810218228 0.1462242504596856 417
1739810218242 0.14619344119426647 418
1739810218258 0.14617703500948506 419
1739810218273 0.14614722687504808 420
1739810218289 0.1461313967178142 421
1739810218302 0.14610255494430516 422
1739810218318 0.1460872784378125 423
1739810218332 0.14605936956634988 424
1739810218346 0.1460446252832255 425
1739810218361 0.14601761711138753 426
1739810218376 0.1460033845297425 427
1739810218390 0.14597724605942736 428
1739810218404 0.14596350552114362 429
1739810218419 0.14593820690886206 430
1739810218433 0.145924939579989 431
1739810218447 0.14591355406193637 432
1739810218461 0.14588710971937632 433
1739810218476 0.14587613842874853 434
1739810218493 0.14585053165840595 435
1739810218507 0.14583995816943482 436
1739810218526 0.14581516061985075 437
1739810218540 0.1458049692111533 438
1739810218555 0.1457809535671128 439
1739810218569 0.14577112918915797 440
1739810218583 0.14574786913013174 441
1739810218599 0.14573839737433336 442
1739810218613 0.14571586753477883 443
1739810218628 0.1457067346041301 444
1739810218643 0.14568491053555727 445
1739810218651 0.14567610321671642 446
1739810218667 0.1456549613514327 447
1739810218683 0.14564646698818695 448
1739810218699 0.1456259846046343 449
1739810218715 0.14561779107266531 450
1739810218731 0.1455979462622717 451
1739810218731 0.14559004194515346 452
1739810218762 0.1455708135806271 453
1739810218762 0.14556318734699247 454
1739810218791 0.14554455505198338 455
1739810218805 0.1455371962337944 456
1739810218819 0.14551914035386185 457
1739810218832 0.14551203872572893 458
1739810218848 0.14549454030054784 459
1739810218861 0.14548768606004123 460
1739810218876 0.14547072679679107 461
1739810218890 0.1454641105456928 462
1739810218905 0.145447672793571 463
1739810218919 0.1454412855200195 464
1739810218935 0.14543669431057163 465
1739810218950 0.1454186869274845 466
1739810218965 0.14541427771200038 467
1739810218968 0.1453968160394054 468
1739810218991 0.14539258131921062 469
1739810219003 0.14537564768635858 470
1739810219022 0.14537158029061054 471
1739810219031 0.14535515763901594 472
1739810219051 0.14535125070961194 473
1739810219066 0.14533532257008244 474
1739810219081 0.14533156954730148 475
1739810219093 0.14531612001791339 476
1739810219108 0.14531251462675093 477
1739810219123 0.145297528351726 478
1739810219139 0.14529406458888947 479
1739810219153 0.14527952673833452 480
1739810219168 0.14527619885986184 481
1739810219182 0.1452620951103312 482
1739810219196 0.1452588976198037 483
1739810219210 0.1452452141356455 484
1739810219222 0.14524214177296438 485
1739810219237 0.14522886518841938 486
1739810219252 0.14522591291911516 487
1739810219268 0.14521303032113034 488
1739810219284 0.1452101933261818 489
1739810219298 0.1451976922379114 490
1739810219310 0.14519496590404654 491
1739810219317 0.14518283426900777 492
1739810219340 0.14518021417946134 493
1739810219349 0.14516844034631612 494
1739810219369 0.14516592227202493 495
1739810219381 0.14515449497996105 496
1739810219396 0.14515207487117068 497
1739810219412 0.14514098323585614 498
1739810219425 0.14513865721412192 499
