1739808953406 169.4281063198635 0
1739808953422 169.36045744497798 1
1739808953438 169.3537081746739 2
1739808953460 169.34694713726583 3
1739808953470 169.34018638599292 4
1739808953486 169.33342591845698 5
1739808953502 169.3266657346464 6
1739808953517 169.31990583454896 7
1739808953517 169.3131462181525 8
1739808953533 169.30638688544482 9
1739808953549 169.29962783641378 10
1739808953565 169.29286907104714 11
1739808953582 169.28611058933274 12
1739808953598 169.27935239125847 13
1739808953614 169.27259447681212 14
1739808953629 169.26583684598143 15
1739808953629 169.25907949875432 16
1739808953645 169.2523224351186 17
1739808953661 169.24556565506205 18
1739808953677 169.23880915857254 19
1739808953693 169.2320529456379 20
1739808953712 169.2252970162459 21
1739808953724 169.21854137038443 22
1739808953740 169.2117860080413 23
1739808953756 169.2050309292043 24
1739808953772 169.1982761338613 25
1739808953788 169.19152162200012 26
1739808953804 169.18476739360864 27
1739808953804 169.17801344867462 28
1739808953820 169.17125978718587 29
1739808953836 169.16450640913033 30
1739808953852 169.15775331449572 31
1739808953868 169.15100050326996 32
1739808953885 169.14424797544078 33
1739808953899 169.13749573099614 34
1739808953915 169.13074376992378 35
1739808953915 169.12399209221155 36
1739808953930 169.1172406978473 37
1739808953946 169.11048958681891 38
1739808953962 169.10373875911415 39
1739808953978 169.09698821472085 40
1739808953994 169.0902379536269 41
1739808954012 169.08348797582016 42
1739808954015 169.07673828128836 43
1739808954026 169.06998887001944 44
1739808954041 169.0632397420012 45
1739808954058 169.05649089722144 46
1739808954074 169.0497423356681 47
1739808954090 169.04299405732894 48
1739808954106 169.03624606219182 49
1739808954121 169.0294983502446 50
1739808954137 169.0227509214751 51
1739808954137 169.01600377587116 52
1739808954153 169.00925691342067 53
1739808954169 169.0025103341114 54
1739808954185 168.99576403793125 55
1739808954201 168.9890180248681 56
1739808954217 168.9822722949097 57
1739808954217 168.97552684804398 58
1739808954248 168.96878168425874 59
1739808954261 168.96203680354182 60
1739808954275 168.95529220588108 61
1739808954287 168.94854789126438 62
1739808954295 168.9418038596796 63
1739808954312 168.93506011111455 64
1739808954327 168.92831664555706 65
1739808954343 168.92157346299498 66
1739808954344 168.91483056341622 67
1739808954359 168.9080879468086 68
1739808954379 168.90134561315998 69
1739808954390 168.89460356245814 70
1739808954407 168.88786179469105 71
1739808954422 168.8811203098465 72
1739808954438 168.8743791079124 73
1739808954453 168.8676381888765 74
1739808954453 168.8608975527267 75
1739808954469 168.8541571994509 76
1739808954485 168.84741712903696 77
1739808954501 168.84067734147263 78
1739808954517 168.83393783674586 79
1739808954533 168.82719861484458 80
1739808954549 168.82045967575647 81
1739808954565 168.81372101946948 82
1739808954581 168.8069826459715 83
1739808954581 168.8002445552503 84
1739808954596 168.79350674729386 85
1739808954613 168.78676922208993 86
1739808954629 168.78003197962647 87
1739808954645 168.77329501989126 88
1739808954661 168.76655834287217 89
1739808954676 168.75982194855712 90
1739808954693 168.753085836934 91
1739808954711 168.74635000799051 92
1739808954724 168.73961446171467 93
1739808954740 168.7328791980943 94
1739808954740 168.72614421711725 95
1739808954756 168.71940951877139 96
1739808954772 168.71267510304463 97
1739808954788 168.70594096992477 98
1739808954804 168.69920711939974 99
1739808954820 168.69247355145737 100
1739808954836 168.6857402660856 101
1739808954852 168.67900726327213 102
1739808954852 168.672274543005 103
1739808954868 168.66554210527198 104
1739808954883 168.65880995006103 105
1739808954899 168.65207807735996 106
1739808954916 168.64534648715664 107
1739808954932 168.63861517943897 108
1739808954948 168.63188415419478 109
1739808954948 168.625153411412 110
1739808954964 168.61842295107851 111
1739808954980 168.6116927731821 112
1739808954996 168.60496287771073 113
1739808955011 168.59823326465227 114
1739808955027 168.59150393399452 115
1739808955043 168.58477488572544 116
1739808955059 168.57804611983286 117
1739808955059 168.57131763630468 118
1739808955075 168.5645894351288 119
1739808955091 168.55786151629306 120
1739808955107 168.55113387978534 121
1739808955123 168.54440652559353 122
1739808955139 168.5376794537055 123
1739808955154 168.53095266410915 124
1739808955170 168.5242261567924 125
1739808955170 168.51749993174303 126
1739808955186 168.51077398894898 127
1739808955204 168.5040483283982 128
1739808955218 168.49732295007846 129
1739808955234 168.49059785397768 130
1739808955250 168.4838730400838 131
1739808955265 168.47714850838463 132
1739808955281 168.4704242588681 133
1739808955281 168.4637002915221 134
1739808955297 168.45697660633448 135
1739808955313 168.45025320329313 136
1739808955330 168.443530082386 137
1739808955349 168.43680724360092 138
1739808955367 168.43008468692582 139
1739808955380 168.42336241234855 140
1739808955394 168.41664041985698 141
1739808955408 168.4099187094391 142
1739808955414 168.40319728108267 143
1739808955436 168.3964761347757 144
1739808955442 168.38975527050601 145
1739808955463 168.38303468826152 146
1739808955473 168.37631438803012 147
1739808955489 168.3695943697997 148
1739808955505 168.36287463355814 149
1739808955519 168.35615517929335 150
1739808955526 168.34943600699324 151
1739808955547 168.34271711664567 152
1739808955553 168.3359985082386 153
1739808955574 168.32928018175986 154
1739808955585 168.32256213719737 155
1739808955601 168.315844374539 156
1739808955608 168.30912689377277 157
1739808955628 168.3024096948864 158
1739808955635 168.29569277786794 159
1739808955652 168.2889761427052 160
1739808955664 168.28225978938607 161
1739808955685 168.27554371789856 162
1739808955696 168.26882792823048 163
1739808955712 168.26211242036973 164
1739808955712 168.25539719430427 165
1739808955738 168.24868225002194 166
1739808955743 168.2419675875107 167
1739808955766 168.23525320675841 168
1739808955775 168.228539107753 169
1739808955791 168.22182529048237 170
1739808955807 168.2151117549344 171
1739808955820 168.20839850109707 172
1739808955827 168.2016855289582 173
1739808955847 168.19497283850575 174
1739808955854 168.18826042972762 175
1739808955874 168.18154830261173 176
1739808955886 168.17483645714594 177
1739808955903 168.16812489331824 178
1739808955918 168.16141361111642 179
1739808955930 168.1547026105285 180
1739808955937 168.14799189154232 181
1739808955956 168.14128145414583 182
1739808955967 168.13457129832696 183
1739808955985 168.1278614240736 184
1739808955997 168.12115183137365 185
1739808956013 168.11444252021508 186
1739808956019 168.10773349058573 187
1739808956035 168.10102474247353 188
1739808956045 168.09431627586642 189
1739808956068 168.08760809075233 190
1739808956077 168.08090018711914 191
1739808956095 168.07419256495476 192
1739808956108 168.06748522424715 193
1739808956120 168.0607781649842 194
1739808956127 168.05407138715387 195
1739808956147 168.04736489074398 196
1739808956156 168.04065867574255 197
1739808956171 168.03395274213747 198
1739808956187 168.0272470899166 199
1739808956200 168.02054171906795 200
1739808956207 168.0138366295794 201
1739808956227 168.00713182143895 202
1739808956243 168.00042729463436 203
1739808956251 167.99372304915372 204
1739808956267 167.9870190849848 205
1739808956283 167.98031540211565 206
1739808956299 167.97361200053416 207
1739808956310 167.96690888022826 208
1739808956317 167.9602060411858 209
1739808956331 167.9535034833948 210
1739808956347 167.94680120684313 211
1739808956363 167.94009921151877 212
1739808956379 167.9333974974096 213
1739808956379 167.92669606450355 214
1739808956399 167.91999491278858 215
1739808956420 167.91329404225266 216
1739808956435 167.90659345288358 217
1739808956448 167.8998931446694 218
1739808956462 167.89319311759797 219
1739808956473 167.8864933716573 220
1739808956489 167.8797939068353 221
1739808956499 167.87309472311983 222
1739808956509 167.86639582049892 223
1739808956526 167.85969719896045 224
1739808956536 167.85299885849233 225
1739808956554 167.84630079908257 226
1739808956568 167.83960302071907 227
1739808956584 167.83290552338974 228
1739808956584 167.8262083070825 229
1739808956606 167.8195113717854 230
1739808956621 167.81281471748628 231
1739808956631 167.80611834417306 232
1739808956647 167.79942225183373 233
1739808956647 167.79272644045625 234
1739808956675 167.7860309100285 235
1739808956683 167.7793356605385 236
1739808956702 167.77264069197406 237
1739808956712 167.76594600432324 238
1739808956733 167.75925159757392 239
1739808956744 167.75255747171408 240
1739808956762 167.74586362673165 241
1739808956776 167.7391700626145 242
1739808956788 167.7324767793507 243
1739808956791 167.72578377692815 244
1739808956815 167.7190910553348 245
1739808956823 167.7123986145585 246
1739808956841 167.7057064545873 247
1739808956855 167.69901457540917 248
1739808956871 167.69232297701194 249
1739808956873 167.68563165938363 250
1739808956895 167.67894062251221 251
1739808956909 167.6722498663856 252
1739808956923 167.66555939099175 253
1739808956935 167.6588691963186 254
1739808956951 167.6521792823541 255
1739808956951 167.6454896490862 256
1739808956978 167.63880029650284 257
1739808956986 167.63211122459202 258
1739808957006 167.62542243334164 259
1739808957016 167.6187339227397 260
1739808957033 167.61204569277413 261
1739808957047 167.60535774343285 262
1739808957059 167.59867007470388 263
1739808957063 167.5919826865751 264
1739808957086 167.58529557903458 265
1739808957095 167.57860875207012 266
1739808957113 167.5719222056698 267
1739808957113 167.5652359398215 268
1739808957139 167.5585499545133 269
1739808957143 167.55186424973294 270
1739808957165 167.5451788254686 271
1739808957174 167.5384936817081 272
1739808957192 167.5318088184395 273
1739808957206 167.5251242356507 274
1739808957219 167.5184399333296 275
1739808957222 167.5117559114643 276
1739808957246 167.50507217004264 277
1739808957254 167.49838870905268 278
1739808957272 167.49170552848227 279
1739808957286 167.4850226283195 280
1739808957298 167.4783400085522 281
1739808957302 167.47165766916845 282
1739808957326 167.4649756101562 283
1739808957334 167.45829383150334 284
1739808957353 167.4516123331979 285
1739808957366 167.44493111522777 286
1739808957382 167.43825017758104 287
1739808957382 167.4315695202456 288
1739808957407 167.4248891432094 289
1739808957414 167.41820904646045 290
1739808957433 167.4115292299867 291
1739808957446 167.40484969377616 292
1739808957462 167.39817043781676 293
1739808957462 167.3914914620964 294
1739808957487 167.38481276660323 295
1739808957494 167.37813435132506 296
1739808957510 167.37145621624995 297
1739808957526 167.36477836136578 298
1739808957542 167.35810078666066 299
1739808957542 167.3514234921224 300
1739808957568 167.34474647773914 301
1739808957574 167.33806974349875 302
1739808957595 167.3313932893892 303
1739808957606 167.32471711539858 304
1739808957622 167.31804122151473 305
1739808957622 167.31136560772566 306
1739808957648 167.30469027401938 307
1739808957653 167.2980152203839 308
1739808957669 167.2913404468071 309
1739808957685 167.28466595327706 310
1739808957701 167.27799173978167 311
1739808957701 167.27131780630896 312
1739808957727 167.26464415284693 313
1739808957740 167.2579707793835 314
1739808957754 167.25129768590668 315
1739808957764 167.24462487240447 316
1739808957781 167.23795233886483 317
1739808957796 167.23128008527578 318
1739808957812 167.22460811162523 319
1739808957824 167.21793641790123 320
1739808957830 167.21126500409173 321
1739808957851 167.20459387018477 322
1739808957859 167.19792301616826 323
1739808957878 167.19125244203022 324
1739808957891 167.18458214775865 325
1739808957907 167.17791213334152 326
1739808957907 167.1712423987668 327
1739808957932 167.1645729440225 328
1739808957939 167.15790376909666 329
1739808957960 167.1512348739772 330
1739808957971 167.14456625865208 331
1739808957986 167.13789792310936 332
1739808958002 167.13122986733703 333
1739808958014 167.124562091323 334
1739808958020 167.1178945950554 335
1739808958034 167.1112273785221 336
1739808958050 167.10456044171113 337
1739808958068 167.0978937846105 338
1739808958082 167.09122740720818 339
1739808958095 167.0845613094922 340
1739808958114 167.0778954914505 341
1739808958114 167.07122995307114 342
1739808958132 167.0645646943421 343
1739808958152 167.0578997152513 344
1739808958162 167.05123501578683 345
1739808958178 167.04457059593668 346
1739808958193 167.03790645568878 347
1739808958205 167.03124259503122 348
1739808958209 167.0245790139519 349
1739808958233 167.0179157124389 350
1739808958241 167.01125269048018 351
1739808958260 167.00458994806374 352
1739808958273 166.99792748517763 353
1739808958285 166.9912653018098 354
1739808958288 166.98460339794823 355
1739808958312 166.977941773581 356
1739808958320 166.97128042869605 357
1739808958338 166.9646193632814 358
1739808958352 166.9579585773251 359
1739808958365 166.95129807081506 360
1739808958371 166.9446378437394 361
1739808958384 166.937977896086 362
1739808958400 166.93131822784298 363
1739808958416 166.9246588389983 364
1739808958432 166.91799972953999 365
1739808958448 166.91134089945595 366
1739808958453 166.90468234873435 367
1739808958464 166.89802407736306 368
1739808958480 166.89136608533022 369
1739808958500 166.88470837262378 370
1739808958512 166.87805093923166 371
1739808958528 166.871393785142 372
1739808958544 166.86473691034277 373
1739808958555 166.858080314822 374
1739808958562 166.85142399856764 375
1739808958581 166.84476796156778 376
1739808958597 166.83811220381037 377
1739808958612 166.83145672528343 378
1739808958625 166.82480152597503 379
1739808958638 166.81814660587315 380
1739808958647 166.8114919649658 381
1739808958662 166.804837603241 382
1739808958668 166.79818352068676 383
1739808958690 166.79152971729116 384
1739808958701 166.7848761930421 385
1739808958716 166.7782229479277 386
1739808958732 166.77156998193593 387
1739808958744 166.76491729505483 388
1739808958751 166.75826488727242 389
1739808958764 166.7516127585767 390
1739808958786 166.7449609089557 391
1739808958798 166.73830933839747 392
1739808958811 166.73165804688992 393
1739808958826 166.72500703442128 394
1739808958842 166.7183563009794 395
1739808958853 166.71170584655238 396
1739808958858 166.70505567112815 397
1739808958880 166.69840577469483 398
1739808958890 166.69175615724046 399
1739808958909 166.68510681875307 400
1739808958921 166.67845775922055 401
1739808958938 166.67180897863108 402
1739808958942 166.66516047697257 403
1739808958963 166.65851225423313 404
1739808958970 166.6518643104007 405
1739808958985 166.64521664546345 406
1739808959001 166.63856925940934 407
1739808959019 166.63192215222637 408
1739808959033 166.62527532390257 409
1739808959046 166.618628774426 410
1739808959053 166.6119825037847 411
1739808959081 166.60533651196664 412
1739808959081 166.59869079895992 413
1739808959097 166.59204536475255 414
1739808959113 166.58540020933256 415
1739808959129 166.57875533268802 416
1739808959145 166.57211073480693 417
1739808959161 166.5654664156773 418
1739808959177 166.55882237528718 419
1739808959177 166.55217861362468 420
1739808959193 166.5455351306777 421
1739808959209 166.5388919264344 422
1739808959225 166.53224900088273 423
1739808959241 166.5256063540108 424
1739808959259 166.5189639858066 425
1739808959273 166.51232189625821 426
1739808959289 166.50568008535362 427
1739808959289 166.49903855308088 428
1739808959305 166.4923972994281 429
1739808959321 166.48575632438323 430
1739808959337 166.47911562793433 431
1739808959353 166.47247521006946 432
1739808959369 166.46583507077673 433
1739808959369 166.45919521004413 434
1739808959385 166.45255562785957 435
1739808959401 166.4459163242113 436
1739808959417 166.4392772990873 437
1739808959433 166.43263855247554 438
1739808959454 166.42600008436415 439
1739808959465 166.41936189474114 440
1739808959481 166.41272398359462 441
1739808959497 166.40608635091252 442
1739808959513 166.39944899668293 443
1739808959513 166.392811920894 444
1739808959529 166.38617512353363 445
1739808959545 166.37953860458992 446
1739808959561 166.37290236405101 447
1739808959577 166.36626640190485 448
1739808959593 166.35963071813953 449
1739808959608 166.3529953127431 450
1739808959624 166.34636018570356 451
1739808959640 166.339725337009 452
1739808959640 166.33309076664756 453
1739808959658 166.3264564746072 454
1739808959672 166.3198224608759 455
1739808959688 166.31318872544188 456
1739808959704 166.30655526829312 457
1739808959720 166.29992208941763 458
1739808959720 166.29328918880353 459
1739808959736 166.28665656643886 460
1739808959752 166.28002422231168 461
1739808959767 166.27339215641004 462
1739808959783 166.266760368722 463
1739808959799 166.26012885923558 464
1739808959815 166.25349762793894 465
1739808959831 166.24686667482004 466
1739808959847 166.24023599986697 467
1739808959847 166.23360560306784 468
1739808959862 166.22697548441062 469
1739808959879 166.2203456438835 470
1739808959894 166.2137160814744 471
1739808959910 166.20708679717146 472
1739808959926 166.20045779096273 473
1739808959941 166.1938290628363 474
1739808959957 166.18720061278023 475
1739808959973 166.18057244078253 476
1739808959989 166.17394454683134 477
1739808959989 166.16731693091464 478
1739808960015 166.16068959302058 479
1739808960027 166.15406253313714 480
1739808960036 166.14743575125246 481
1739808960052 166.14080924735464 482
1739808960069 166.13418302143165 483
1739808960084 166.12755707347165 484
1739808960100 166.1209314034626 485
1739808960100 166.11430601139267 486
1739808960116 166.10768089724994 487
1739808960132 166.10105606102238 488
1739808960148 166.09443150269811 489
1739808960164 166.08780722226527 490
1739808960180 166.08118321971185 491
1739808960196 166.074559495026 492
1739808960196 166.06793604819566 493
1739808960212 166.06131287920903 494
1739808960228 166.05468998805412 495
1739808960244 166.04806737471904 496
1739808960262 166.04144503919184 497
1739808960276 166.03482298146065 498
1739808960292 166.0282012015135 499
