1739808703086 169.42810631986347 0
1739808703086 168.75222613067237 1
1739808703102 168.07918001687943 2
1739808703127 167.40895582263587 3
1739808703139 166.74154144485942 4
1739808703155 166.07692483300357 5
1739808703157 165.41509398882863 6
1739808703176 164.75603696617253 7
1739808703198 164.09974187072422 8
1739808703206 163.44619685979646 9
1739808703225 162.7953901421009 10
1739808703241 162.14730997752332 11
1739808703254 161.50194467690017 12
1739808703256 160.85928260179622 13
1739808703274 160.21931216428268 14
1739808703290 159.58202182671715 15
1739808703306 158.9474001015234 16
1739808703322 158.31543555097335 17
1739808703322 157.68611678696888 18
1739808703338 157.05943247082539 19
1739808703354 156.43537131305598 20
1739808703385 155.81392207315653 21
1739808703393 155.1950735593919 22
1739808703414 154.57881462858285 23
1739808703428 153.96513418589424 24
1739808703440 153.35402118462372 25
1739808703456 152.74546462599167 26
1739808703459 152.13945355893193 27
1739808703474 151.53597707988348 28
1739808703498 150.935024332583 29
1739808703505 150.33658450785828 30
1739808703522 149.74064684342287 31
1739808703537 149.14720062367115 32
1739808703539 148.5562351794745 33
1739808703554 147.96773988797867 34
1739808703570 147.3817041724013 35
1739808703586 146.79811750183129 36
1739808703602 146.21696939102807 37
1739808703602 145.63824940022258 38
1739808703626 145.06194713491854 39
1739808703641 144.48805224569494 40
1739808703657 143.9165544280092 41
1739808703657 143.34744342200128 42
1739808703673 142.78070901229853 43
1739808703695 142.21634102782167 44
1739808703711 141.65432934159136 45
1739808703725 141.09466387053558 46
1739808703741 140.53733457529827 47
1739808703754 139.98233146004813 48
1739808703767 139.42964457228894 49
1739808703780 138.87926400267028 50
1739808703793 138.33117988479916 51
1739808703807 137.7853823950527 52
1739808703819 137.24186175239126 53
1739808703832 136.7006082181727 54
1739808703842 136.16161209596729 55
1739808703859 135.62486373137344 56
1739808703875 135.0903535118344 57
1739808703889 134.5580718664555 58
1739808703900 134.02800926582233 59
1739808703908 133.5001562218199 60
1739808703928 132.97450328745217 61
1739808703941 132.4510410566627 62
1739808703956 131.929760164156 63
1739808703968 131.41065128521964 64
1739808703975 130.8937051355472 65
1739808703990 130.37891247106185 66
1739808704008 129.86626408774086 67
1739808704022 129.35575082144086 68
1739808704024 128.8473635477237 69
1739808704042 128.34109318168328 70
1739808704062 127.83693067777314 71
1739808704074 127.3348670296345 72
1739808704089 126.83489326992549 73
1739808704094 126.33700047015077 74
1739808704110 125.8411797404921 75
1739808704124 125.34742222963955 76
1739808704141 124.85571912462359 77
1739808704147 124.3660616506476 78
1739808704165 123.87844107092157 79
1739808704174 123.39284868649614 80
1739808704192 122.90927583609756 81
1739808704205 122.4277138959633 82
1739808704216 121.94815427967836 83
1739808704225 121.47058843801251 84
1739808704247 120.9950078587579 85
1739808704298 120.5214040665676 86
1739808704324 120.04976862279482 87
1739808704341 119.58009312533281 88
1739808704355 119.11236920845549 89
1739808704357 118.6465885426587 90
1739808704373 118.18274283450228 91
1739808704389 117.72082382645266 92
1739808704406 117.26082329672633 93
1739808704422 116.80273305913381 94
1739808704434 116.34654496292455 95
1739808704441 115.89225089263218 96
1739808704457 115.43984276792072 97
1739808704472 114.98931254343137 98
1739808704485 114.54065220862991 99
1739808704492 114.09385378765481 100
1739808704505 113.64890933916608 101
1739808704521 113.20581095619463 102
1739808704539 112.76455076599247 103
1739808704541 112.32512092988334 104
1739808704564 111.88751364311426 105
1739808704573 111.45172113470753 106
1739808704590 111.01773566731345 107
1739808704597 110.58554953706357 108
1739808704607 110.15515507342495 109
1739808704624 109.72654463905452 110
1739808704640 109.29971062965454 111
1739808704656 108.87464547382837 112
1739808704659 108.45134163293712 113
1739808704683 108.02979160095678 114
1739808704695 107.609987904336 115
1739808704709 107.19192310185447 116
1739808704724 106.77558978448202 117
1739808704736 106.36098057523829 118
1739808704749 105.94808812905286 119
1739808704755 105.53690513262626 120
1739808704774 105.12742430429142 121
1739808704781 104.71963839387578 122
1739808704798 104.3135401825639 123
1739808704813 103.90912248276081 124
1739808704813 103.50637813795602 125
1739808704831 103.10530002258778 126
1739808704849 102.70588104190836 127
1739808704863 102.3081141318496 128
1739808704876 101.91199225888933 129
1739808704892 101.51750841991799 130
1739808704904 101.12465564210628 131
1739808704911 100.73342698277303 132
1739808704929 100.34381552925383 133
1739808704941 99.95581439877023 134
1739808704960 99.56941673829948 135
1739808704972 99.18461572444467 136
1739808704974 98.80140456330594 137
1739808704989 98.41977649035151 138
1739808705005 98.03972477029009 139
1739808705025 97.66124269694308 140
1739808705039 97.28432359311795 141
1739808705045 96.9089608104818 142
1739808705065 96.5351477294356 143
1739808705071 96.16287775898898 144
1739808705087 95.79214433663554 145
1739808705103 95.42294092822881 146
1739808705116 95.05526102785852 147
1739808705126 94.6890981577276 148
1739808705135 94.32444586802987 149
1739808705150 93.96129773682772 150
1739808705166 93.59964736993096 151
1739808705166 93.23948840077581 152
1739808705194 92.88081449030456 153
1739808705201 92.52361932684562 154
1739808705223 92.16789662599432 155
1739808705237 91.81364013049412 156
1739808705252 91.46084361011813 157
1739808705261 91.10950086155168 158
1739808705274 90.75960570827472 159
1739808705295 90.41115200044531 160
1739808705308 90.06413361478334 161
1739808705335 89.71854445445481 162
1739808705349 89.37437844895658 163
1739808705357 89.03162955400174 164
1739808705375 88.69029175140534 165
1739808705388 88.35035904897074 166
1739808705401 88.01182548037634 167
1739808705404 87.67468510506296 168
1739808705420 87.33893200812153 169
1739808705442 87.00456030018144 170
1739808705442 86.67156411729921 171
1739808705460 86.33993762084785 172
1739808705475 86.0096749974065 173
1739808705491 85.68077045865071 174
1739808705509 85.35321824124313 175
1739808705515 85.0270126067246 176
1739808705526 84.70214784140587 177
1739808705542 84.37861825625981 178
1739808705561 84.05641818681386 179
1739808705574 83.73554199304313 180
1739808705590 83.41598405926398 181
1739808705596 83.09773879402796 182
1739808705615 82.78080063001642 183
1739808705621 82.46516402393523 184
1739808705637 82.15082345641025 185
1739808705656 81.83777343188326 186
1739808705667 81.52600847850816 187
1739808705673 81.21552314804768 188
1739808705693 80.90631201577077 189
1739808705705 80.59836968034998 190
1739808705722 80.29169076375986 191
1739808705727 79.9862699111753 192
1739808705747 79.68210179087056 193
1739808705756 79.37918109411872 194
1739808705775 79.07750253509165 195
1739808705781 78.77706085076012 196
1739808705799 78.47785080079471 197
1739808705810 78.17986716746688 198
1739808705825 77.88310475555076 199
1739808705840 77.58755839222489 200
1739808705845 77.29322292697505 201
1739808705873 77.00009323149685 202
1739808705884 76.7081641995993 203
1739808705897 76.4174307471083 204
1739808705909 76.12788781177109 205
1739808705923 75.8395303531606 206
1739808705936 75.55235335258057 207
1739808705941 75.26635181297098 208
1739808705958 74.98152075881382 209
1739808705975 74.69785523603932 210
1739808705975 74.4153503119327 211
1739808705992 74.1340010750412 212
1739808706007 73.85380263508146 213
1739808706025 73.57475012284753 214
1739808706040 73.29683869011905 215
1739808706046 73.02006350956994 216
1739808706060 72.74441977467751 217
1739808706075 72.46990269963192 218
1739808706091 72.19650751924605 219
1739808706106 71.92422948886576 220
1739808706109 71.65306388428058 221
1739808706125 71.38300600163473 222
1739808706141 71.11405115733845 223
1739808706159 70.84619468798009 224
1739808706171 70.57943195023806 225
1739808706177 70.31375832079355 226
1739808706196 70.04916919624351 227
1739808706210 69.78565999301392 228
1739808706225 69.52322614727363 229
1739808706232 69.2618631148484 230
1739808706251 69.00156637113543 231
1739808706265 68.74233141101817 232
1739808706278 68.48415374878167 233
1739808706292 68.227028918028 234
1739808706294 67.97095247159241 235
1739808706316 67.71591998145954 236
1739808706329 67.4619270386802 237
1739808706342 67.20896925328844 238
1739808706357 66.95704225421892 239
1739808706363 66.70614168922474 240
1739808706381 66.45626322479565 241
1739808706392 66.20740254607647 242
1739808706408 65.95955535678601 243
1739808706413 65.7127173791363 244
1739808706431 65.46688435375212 245
1739808706446 65.22205203959102 246
1739808706460 64.97821621386346 247
1739808706473 64.73537267195356 248
1739808706487 64.49351722733999 249
1739808706500 64.25264571151736 250
1739808706516 64.01275397391784 251
1739808706528 63.77383788183313 252
1739808706542 63.5358933203369 253
1739808706547 63.29891619220743 254
1739808706566 63.06290241785058 255
1739808706573 62.8278479352232 256
1739808706593 62.59374869975686 257
1739808706608 62.36060068428182 258
1739808706621 62.12839987895142 259
1739808706627 61.89714229116674 260
1739808706647 61.66682394550167 261
1739808706656 61.43744088362822 262
1739808706675 61.208989164242226 263
1739808706689 60.981464862989284 264
1739808706701 60.754864072391165 265
1739808706715 60.529182901772366 266
1739808706730 60.3044174771872 267
1739808706745 60.0805639413469 268
1739808706758 59.85761845354742 269
1739808706771 59.635577189597186 270
1739808706776 59.41443634174546 271
1739808706790 59.194192118610786 272
1739808706809 58.97484074510992 273
1739808706814 58.75637846238698 274
1739808706833 58.53880152774287 275
1739808706847 58.32210621456519 276
1739808706862 58.10628881225822 277
1739808706875 57.891345626173376 278
1739808706890 57.6772729775399 279
1739808706903 57.46406720339584 280
1739808706918 57.25172465651943 281
1739808706932 57.04024170536064 282
1739808706945 56.82961473397307 283
1739808706956 56.61984014194626 284
1739808706972 56.41091434433806 285
1739808706983 56.2028337716075 286
1739808706998 55.995594869547865 287
1739808707006 55.7891940992201 288
1739808707025 55.58362793688643 289
1739808707031 55.378892873944395 290
1739808707045 55.17498541686105 291
1739808707057 54.971902087107516 292
1739808707078 54.76963942109379 293
1739808707089 54.568193970103934 294
1739808707103 54.367562300231356 295
1739808707105 54.16774099231457 296
1739808707130 53.968726641873104 297
1739808707143 53.77051585904379 298
1739808707158 53.5731052685172 299
1739808707174 53.376491509474526 300
1739808707189 53.1806712355246 301
1739808707205 52.985641114641226 302
1739808707205 52.79139782910086 303
1739808707236 52.59793807542041 304
1739808707246 52.40525856429548 305
1739808707263 52.21335602053877 306
1739808707279 52.022227183018785 307
1739808707292 51.831868804598734 308
1739808707308 51.64227765207592 309
1739808707324 51.45345050612105 310
1739808707339 51.26538416121818 311
1739808707339 51.07807542560462 312
1739808707361 50.89152112121125 313
1739808707379 50.705718083603095 314
1739808707392 50.520663161920154 315
1739808707405 50.336353218818395 316
1739808707412 50.15278513041116 317
1739808707427 49.9699557862107 318
1739808707442 49.78786208907001 319
1739808707460 49.60650095512497 320
1739808707465 49.425869313736655 321
1739808707485 49.2459641074339 322
1739808707491 49.06678229185621 323
1739808707511 48.88832083569681 324
1739808707525 48.71057672064602 325
1739808707539 48.53354694133485 326
1739808707545 48.3572285052788 327
1739808707560 48.181618432821985 328
1739808707575 48.00671375708144 329
1739808707590 47.8325115238917 330
1739808707597 47.65900879174962 331
1739808707616 47.48620263175944 332
1739808707622 47.31409012757804 333
1739808707638 47.14266837536049 334
1739808707654 46.971934483705866 335
1739808707670 46.80188557360319 336
1739808707677 46.63251877837767 337
1739808707695 46.463831243637344 338
1739808707708 46.29582012721953 339
1739808707720 46.128482599137946 340
1739808707725 45.961815841529884 341
1739808707743 45.79581704860351 342
1739808707761 45.630483426585634 343
1739808707774 45.465812193669464 344
1739808707780 45.30180057996278 345
1739808707799 45.138445827436186 346
1739808707806 44.97574518987171 347
1739808707826 44.81369593281158 348
1739808707838 44.652295333507155 349
1739808707854 44.49154068086818 350
1739808707854 44.33142927541222 351
1739808707876 44.17195842921437 352
1739808707892 44.01312546585703 353
1739808707904 43.85492772038009 354
1739808707911 43.69736253923121 355
1739808707931 43.54042728021634 356
1739808707939 43.38411931245049 357
1739808707955 43.22843601630873 358
1739808707963 43.07337478337725 359
1739808707982 42.91893301640489 360
1739808707991 42.76510812925466 361
1739808708007 42.61189754685556 362
1739808708013 42.45929870515464 363
1739808708032 42.30730905106917 364
1739808708039 42.155926042439184 365
1739808708057 42.005147147980004 366
1739808708071 41.854969847235225 367
1739808708083 41.70539163052964 368
1739808708096 41.55640999892267 369
1739808708110 41.40802246416164 370
1739808708122 41.26022654863568 371
1739808708135 41.11301978532937 372
1739808708148 40.96639971777697 373
1739808708161 40.82036390001669 374
1739808708172 40.67490989654506 375
1739808708188 40.53003528227176 376
1739808708193 40.38573764247435 377
1739808708213 40.242014572753455 378
1739808708224 40.098863678987904 379
1739808708240 39.956282577290345 380
1739808708245 39.814268893962804 381
1739808708264 39.67282026545255 382
1739808708272 39.53193433830814 383
1739808708291 39.391608769135665 384
1739808708297 39.25184122455517 385
1739808708315 39.11262938115724 386
1739808708325 38.973970925459895 387
1739808708343 38.83586355386546 388
1739808708356 38.698304972617855 389
1739808708368 38.56129289775987 390
1739808708380 38.4248250550908 391
1739808708394 38.288899180124105 392
1739808708406 38.15351301804544 393
1739808708419 38.01866432367064 394
1739808708431 37.884350861404116 395
1739808708444 37.75057040519723 396
1739808708456 37.61732073850704 397
1739808708469 37.48459965425507 398
1739808708481 37.35240495478634 399
1739808708495 37.22073445182854 400
1739808708508 37.08958596645149 401
1739808708520 36.95895732902655 402
1739808708524 36.82884637918643 403
1739808708545 36.699250965785104 404
1739808708559 36.57016894685779 405
1739808708571 36.441598189581285 406
1739808708579 36.3135365702344 407
1739808708601 36.185981974158445 408
1739808708610 36.058932295718094 409
1739808708629 35.93238543826232 410
1739808708642 35.80633931408543 411
1739808708656 35.68079184438841 412
1739808708662 35.55574095924035 413
1739808708683 35.431184597540046 414
1739808708695 35.307120706977805 415
1739808708710 35.183547243997374 416
1739808708722 35.06046217375804 417
1739808708724 34.93786347009697 418
1739808708739 34.8157491154916 419
1739808708761 34.694117101022215 420
1739808708771 34.572965426334854 421
1739808708787 34.45229209960406 422
1739808708793 34.332095137496125 423
1739808708812 34.21237256513228 424
1739808708826 34.09312241605209 425
1739808708836 33.974342732177085 426
1739808708844 33.856031563774465 427
1739808708860 33.738186969420994 428
1739808708876 33.62080701596703 429
1739808708889 33.50388977850079 430
1739808708896 33.387433340312654 431
1739808708916 33.2714357928597 432
1739808708923 33.1558952357304 433
1739808708944 33.040809776609414 434
1739808708950 32.92617753124259 435
1739808708968 32.811996623402095 436
1739808708976 32.6982651848517 437
1739808708992 32.58498135531218 438
1739808709008 32.47214328242698 439
1739808709020 32.35974912172788 440
1739808709028 32.24779703660092 441
1739808709046 32.136285198252416 442
1739808709062 32.02521178567513 443
1739808709075 31.914574985614653 444
1739808709087 31.80437299253583 445
1739808709101 31.694604008589415 446
1739808709113 31.585266243578808 447
1739808709121 31.476357914927 448
1739808709138 31.367877247643612 449
1739808709153 31.259822474292122 450
1739808709161 31.152191834957165 451
1739808709178 31.04498357721206 452
1739808709193 30.93819595608643 453
1739808709206 30.831827234033945 454
1739808709218 30.72587568090027 455
1739808709231 30.620339573891094 456
1739808709241 30.51521719754033 457
1739808709260 30.410506843678416 458
1739808709265 30.30620681140082 459
1739808709285 30.202315407036604 460
1739808709291 30.098830944117214 461
1739808709311 29.995751743345295 462
1739808709323 29.89307613256375 463
1739808709339 29.79080244672486 464
1739808709345 29.688929027859597 465
1739808709360 29.587454225047004 466
1739808709375 29.486376394383736 467
1739808709389 29.38569389895382 468
1739808709396 29.28540510879836 469
1739808709415 29.185508400885546 470
1739808709423 29.086002159080728 471
1739808709440 28.986884774116607 472
1739808709454 28.888154643563567 473
1739808709466 28.78981017180016 474
1739808709477 28.691849769983673 475
1739808709495 28.594271856020875 476
1739808709508 28.497074854538862 477
1739808709520 28.400257196856014 478
1739808709530 28.303817320953126 479
1739808709547 28.207753671444614 480
1739808709561 28.11206469954988 481
1739808709573 28.01674886306478 482
1739808709586 27.921804626333248 483
1739808709599 27.827230460219006 484
1739808709607 27.733024842077416 485
1739808709625 27.63918625572747 486
1739808709638 27.54571319142385 487
1739808709650 27.45260414582918 488
1739808709654 27.359857621986333 489
1739808709678 27.267472129290898 490
1739808709692 27.175446183463798 491
1739808709703 27.083778306523914 492
1739808709709 26.99246702676096 493
1739808709729 26.90151087870839 494
1739808709741 26.810908403116457 495
1739808709757 26.720658146925384 496
1739808709757 26.630758663238637 497
1739808709778 26.54120851129637 498
1739808709794 26.452006256448858 499
