1739809827792 0.7266838818096241 0
1739809827856 1.9822857816076875 1
1739809827936 1.831625154374288 2
1739809827999 1.6279273107267613 3
1739809828063 1.8256769895042022 4
1739809828127 1.0055384235534746 5
1739809828206 1.3243075754865195 6
1739809828270 1.0002248265731923 7
1739809828333 2.486410025811383 8
1739809828396 1.52563812864826 9
1739809828476 0.134778228346661 10
1739809828540 0.6352935547458572 11
1739809828604 1.9846121896315385 12
1739809828667 0.6454449898896846 13
1739809828747 3.0546282384781747 14
1739809828810 1.3763865066739671 15
1739809828874 1.6209524011288878 16
1739809828964 3.4092208361387595 17
1739809829032 0.26659231411788503 18
1739809829112 0.2404063487822608 19
1739809829191 0.09797790201099746 20
1739809829255 3.9895108390758485 21
1739809829319 1.3880697849594013 22
1739809829382 0.6007973648827704 23
1739809829462 3.07416667327441 24
1739809829525 0.15384101706198774 25
1739809829589 1.9026340722280661 26
1739809829652 1.389011754359884 27
1739809829731 0.7922989159288295 28
1739809829801 4.167324216490642 29
1739809829874 1.55654331627714 30
1739809829938 1.5378802233096602 31
1739809830016 3.264112391654885 32
1739809830081 1.390939478025609 33
1739809830145 1.0235464913002819 34
1739809830208 0.022506326257670184 35
1739809830287 2.489002577198393 36
1739809830350 2.3415171976249933 37
1739809830414 0.8357369387564875 38
1739809830477 0.5153688844055171 39
1739809830556 0.8565141495203168 40
1739809830622 0.969460975955554 41
1739809830684 4.123312517047472 42
1739809830748 2.5132407489358988 43
1739809830827 1.5630188686694955 44
1739809830891 1.7530076794757585 45
1739809830961 4.056747297265747 46
1739809831018 0.04791159295237177 47
1739809831082 1.3598141064073133 48
1739809831161 0.7210340099364089 49
1739809831225 0.4125292521604342 50
1739809831288 2.4268287134483257 51
1739809831367 4.492355362945392 52
1739809831431 1.7761348092397466 53
1739809831494 2.6807528832423655 54
1739809831558 1.317912417180341 55
1739809831637 1.116184574200986 56
1739809831700 1.018970580402809 57
1739809831765 0.5402774514760009 58
1739809831829 3.567072631503739 59
1739809831909 1.7115399580329502 60
1739809831972 1.3449024191164514 61
1739809832052 0.01972933183860153 62
1739809832116 4.542029247571917 63
1739809832195 0.2625009663910824 64
1739809832259 1.51723780252204 65
1739809832322 1.5535846466082517 66
1739809832386 3.573887651999612 67
1739809832450 1.4533296145580923 68
1739809832530 1.157568948128098 69
1739809832593 3.9345304912933465 70
1739809832659 1.6396295569511328 71
1739809832721 2.2835744712906294 72
1739809832800 0.7517190146396384 73
1739809832864 0.10345933041859427 74
1739809832927 1.2610234084978158 75
1739809833007 2.4694362123053417 76
1739809833070 2.9791497950460593 77
1739809833134 2.8932974627203336 78
1739809833197 1.6206671419823464 79
1739809833261 1.4951462061020726 80
1739809833340 1.4823699255466911 81
1739809833404 0.3896367214388095 82
1739809833468 1.3351192419847266 83
1739809833547 0.8406469352958369 84
1739809833610 0.4522998033164091 85
1739809833676 3.1235381557976787 86
1739809833737 0.04534980414512971 87
1739809833839 1.4915694347995831 88
1739809833911 1.4409655742914385 89
1739809833991 0.2947515219568151 90
1739809834054 0.5333005934824848 91
1739809834118 2.0980252357013502 92
1739809834202 1.3509235173397163 93
1739809834276 2.1334356684759186 94
1739809834345 0.9186475058895165 95
1739809834419 2.29615151044309 96
1739809834483 2.6384038447083884 97
1739809834547 0.8576252641335095 98
1739809834610 2.63059973349975 99
1739809834674 1.3279731653500706 100
1739809834753 1.5354279567162923 101
1739809834816 2.3020338225054515 102
1739809834880 1.5543836888823006 103
1739809834943 1.8400795746617362 104
1739809835023 1.8133323558023478 105
1739809835090 0.40838011737406194 106
1739809835150 2.7288112943433718 107
1739809835228 0.4230933926309503 108
1739809835292 1.2437040835168611 109
1739809835355 1.753515058760764 110
1739809835419 0.39230969371494906 111
1739809835501 2.213548165242902 112
1739809835563 1.21760936937028 113
1739809835629 2.9337162816634437 114
1739809835724 1.5640784736659779 115
1739809835801 0.8646436156501395 116
1739809835895 0.37504251251956416 117
1739809835975 1.6224414186661738 118
1739809836055 1.321451157140026 119
1739809836118 0.3382063003012002 120
1739809836182 3.2443987656666247 121
1739809836262 1.9249998442106993 122
1739809836325 0.9163082418422324 123
1739809836401 3.8934782984608542 124
1739809836467 3.0937663481943023 125
1739809836547 0.8266719019014356 126
1739809836610 0.8794856519714114 127
1739809836674 1.5218242793512085 128
1739809836738 0.735379061997439 129
1739809836817 1.6698127451943274 130
1739809836881 2.5887430299845167 131
1739809836944 1.3841434266172006 132
1739809837010 2.442782319019587 133
1739809837087 2.5156808320081123 134
1739809837151 2.9209974169002098 135
1739809837217 1.0879289347489571 136
1739809837278 1.4121610293249516 137
1739809837357 1.2736862039472514 138
1739809837421 1.9107988583925422 139
1739809837485 10.879429321801316 140
1739809837549 2.3059313440873095 141
1739809837628 1.4886843471558815 142
1739809837691 1.4093843210787556 143
1739809837754 1.819890594189535 144
1739809837818 2.9143703580490015 145
1739809837898 0.08712504774249612 146
1739809837961 1.1672122982514883 147
1739809838025 2.8346814174383943 148
1739809838088 1.1940989045637778 149
1739809838168 1.5625348586092165 150
1739809838232 3.019092502555536 151
1739809838296 1.4118730089257898 152
1739809838359 1.9855462138799047 153
1739809838422 0.7065849483807571 154
1739809838502 2.171919609408343 155
1739809838576 2.83054769259568 156
1739809838644 1.2748264577547392 157
1739809838725 2.29080703718408 158
1739809838788 2.402907306911982 159
1739809838851 1.0517481843513021 160
1739809838931 0.42520094679831666 161
1739809838995 0.5328498574180192 162
1739809839058 0.9640604239637196 163
1739809839121 0.5715477298139371 164
1739809839185 2.232732729665551 165
1739809839264 4.058745888410592 166
1739809839328 1.9982264476028178 167
1739809839392 1.4539502310640184 168
1739809839456 0.7356968500815992 169
1739809839535 1.656647475779672 170
1739809839598 0.9440265916261453 171
1739809839662 1.967539279764907 172
1739809839725 0.09229543979042157 173
1739809839789 1.7006639034797408 174
1739809839868 1.8553078020802631 175
1739809839932 1.071591235226078 176
1739809839996 2.3895691986697907 177
1739809840075 1.3671986643842884 178
1739809840138 0.9218048731643305 179
1739809840202 2.676467697299877 180
1739809840265 1.96444670060161 181
1739809840345 2.562310681411571 182
1739809840409 1.5558770855106894 183
1739809840473 1.4922093867599011 184
1739809840551 0.7944270902921147 185
1739809840615 2.7765935070792884 186
1739809840679 2.9660041552748115 187
1739809840742 1.0368827930857685 188
1739809840832 1.9558981072845758 189
1739809840899 2.430818875763164 190
1739809840962 1.7300300377410511 191
1739809841042 2.3121881138822182 192
1739809841105 2.5603748804120703 193
1739809841168 1.2248978770715349 194
1739809841249 0.8939574839673436 195
1739809841328 0.30503379864649227 196
1739809841392 2.7838715826870364 197
1739809841456 0.026261296815307075 198
1739809841535 3.154144777725639 199
1739809841599 1.7418915345892787 200
1739809841663 2.518631583921292 201
1739809841727 3.05980539557157 202
1739809841791 2.0580982294338463 203
1739809841870 1.723434141755834 204
1739809841933 2.407156436889914 205
1739809841997 0.7986949181843983 206
1739809842076 0.4187242054846946 207
1739809842140 3.268659368048755 208
1739809842204 1.391647476197905 209
1739809842268 1.6150120152168081 210
1739809842347 0.6929249606413426 211
1739809842411 1.4304997293239394 212
1739809842475 1.8949135374255701 213
1739809842538 1.4192183472134139 214
1739809842618 2.9211734760638857 215
1739809842681 1.3065477410063735 216
1739809842745 3.3460165172719902 217
1739809842808 0.6277531672267611 218
1739809842887 1.9090075042257932 219
1739809842956 0.5044031304583791 220
1739809843029 0.9444257955898596 221
1739809843093 1.647962101040202 222
1739809843172 1.7143045979276355 223
1739809843236 0.9888513209042411 224
1739809843300 0.5050611470284821 225
1739809843380 0.7632006120086705 226
1739809843444 1.9824464794700092 227
1739809843507 2.7078732128223413 228
1739809843586 1.5567677281412207 229
1739809843650 0.8958101191555886 230
1739809843714 2.6649815985453356 231
1739809843777 1.0917539751967433 232
1739809843857 0.04664479115615494 233
1739809843920 2.806887938679572 234
1739809843984 2.5921337460176006 235
1739809844047 1.400777502712998 236
1739809844111 1.8542371568247542 237
1739809844191 1.7603917948374945 238
1739809844255 2.013646967997633 239
1739809844318 3.6369434578192075 240
1739809844398 1.2782787121222259 241
1739809844462 2.6159018548834516 242
1739809844525 0.8908331934714417 243
1739809844589 1.7252751238488822 244
1739809844668 1.1282073586289376 245
1739809844732 1.1147767522195666 246
1739809844796 0.7399712993590197 247
1739809844862 1.565173549255777 248
1739809844938 0.8536076803167081 249
1739809845003 2.546655363192184 250
1739809845066 1.3417267419254941 251
1739809845129 1.8978352537151943 252
1739809845210 1.113548581469855 253
1739809845291 1.0696915296363134 254
1739809845352 0.9168761791536428 255
1739809845432 1.9879297151871713 256
1739809845500 2.9519400448769217 257
1739809845559 0.8177690191005776 258
1739809845622 0.9606478017357799 259
1739809845702 1.5573494600611937 260
1739809845765 0.40850691826435476 261
1739809845830 0.7341941942619433 262
1739809845893 2.1187136922506418 263
1739809845973 1.7813731258633336 264
1739809846037 1.6090122654645707 265
1739809846101 1.8835533319801419 266
1739809846164 1.2343115981498762 267
1739809846228 2.1943055521684056 268
1739809846307 0.23515539607564961 269
1739809846370 2.054797361352282 270
1739809846434 0.2312388084050182 271
1739809846497 1.2169380899444022 272
1739809846577 0.24613576088078898 273
1739809846640 1.0825453408698056 274
1739809846704 1.5264452476116064 275
1739809846767 2.4591814400483045 276
1739809846847 1.328294052318446 277
1739809846912 1.3295107178241516 278
1739809846976 0.9278876203634059 279
1739809847040 0.2466643122764341 280
1739809847104 1.7612891478948423 281
1739809847183 1.924565148676227 282
1739809847247 1.774203094780922 283
1739809847310 4.445535426008158 284
1739809847389 1.255003187904995 285
1739809847470 0.7455254926541357 286
1739809847533 1.6206164533055143 287
1739809847596 2.0037195486728936 288
1739809847660 2.780395022281638 289
1739809847739 2.514981241124058 290
1739809847803 0.6559685548149794 291
1739809847867 0.9539440359093134 292
1739809847930 1.285092140880376 293
1739809848010 2.1654994854233025 294
1739809848073 0.9886828075526553 295
1739809848137 1.5032534154263477 296
1739809848201 1.3841819739844967 297
1739809848280 1.180059977125483 298
1739809848344 0.475062081551102 299
1739809848407 2.6692430829534546 300
1739809848471 1.7756327736779633 301
1739809848550 1.2662769686396254 302
1739809848614 0.9922558948947033 303
1739809848678 2.337247719946544 304
1739809848758 1.2049173812528822 305
1739809848821 2.2302010864217268 306
1739809848884 1.9650432442648482 307
1739809848948 1.7346302318308813 308
1739809849012 3.0399060884299427 309
1739809849091 2.2804496324630406 310
1739809849154 0.15266000818047426 311
1739809849218 2.611871395562806 312
1739809849283 1.254593402117426 313
1739809849362 3.0260817803450255 314
1739809849426 1.409987830425201 315
1739809849489 1.3267249057540587 316
1739809849573 1.8952335191032328 317
1739809849646 0.009627857960284073 318
1739809849710 1.1798404818524262 319
1739809849774 1.7651003263955007 320
1739809849837 1.5739871616435501 321
1739809849917 1.4725990612016338 322
1739809849981 2.181938162462093 323
1739809850044 0.1701222234205513 324
1739809850107 1.0470040152319913 325
1739809850171 2.195207837658996 326
1739809850250 1.2339564808761594 327
1739809850314 0.8856751068337904 328
1739809850377 3.500726312781894 329
1739809850442 1.6803617871224608 330
1739809850505 1.5382133695494602 331
1739809850585 1.8484821868496744 332
1739809850649 1.5798286989481312 333
1739809850713 1.5969925030276153 334
1739809850777 4.6255641090651265 335
1739809850856 1.3170268536391319 336
1739809850920 0.35888597153011376 337
1739809850984 1.5370681270858944 338
1739809851048 1.1768949682910477 339
1739809851127 0.8977017465274278 340
1739809851191 1.2835123253891219 341
1739809851255 3.754856372330258 342
1739809851318 1.4357587749382714 343
1739809851398 1.5078654008570382 344
1739809851463 1.3415165644159681 345
1739809851524 0.2169466214158886 346
1739809851588 1.0189022327501114 347
1739809851668 1.9663561500428126 348
1739809851743 0.803582219078926 349
1739809851811 0.5048430879981892 350
1739809851890 1.2575809374240206 351
1739809851954 0.37349900568237604 352
1739809852018 1.2748685016196513 353
1739809852082 1.1432174661004715 354
1739809852162 1.552945313737506 355
1739809852225 2.376031356818756 356
1739809852288 0.6971574266711139 357
1739809852368 0.6221220891999418 358
1739809852435 1.9455778724218975 359
1739809852497 3.145465365476558 360
1739809852575 0.5676005506019723 361
1739809852639 0.9952595358112283 362
1739809852703 0.7700705505646329 363
1739809852766 0.8597751209868146 364
1739809852846 0.42171455330726765 365
1739809852909 1.571089982663266 366
1739809852972 1.2097943723654423 367
1739809853036 1.7243927502303127 368
1739809853115 3.257388997888331 369
