1739809397846 2.139797832609681 0
1739809397910 0.05271178537588255 1
1739809397993 1.313559170576012 2
1739809398052 0.49602755373455637 3
1739809398132 1.7484634001286843 4
1739809398194 0.6501848927122788 5
1739809398258 1.5937308122589182 6
1739809398329 0.5410994759007617 7
1739809398390 1.5850432254371196 8
1739809398465 1.7413145684856801 9
1739809398527 1.6060575124079552 10
1739809398597 0.8988251011906904 11
1739809398653 2.508243468425692 12
1739809398716 1.0142743724725813 13
1739809398796 2.221723037396592 14
1739809398859 0.19184613554549357 15
1739809398922 0.9824535010746196 16
1739809398985 1.6611746590243834 17
1739809399065 1.7037901986162256 18
1739809399129 1.3214641061333605 19
1739809399193 1.0790013984265827 20
1739809399256 0.9527476017944887 21
1739809399320 1.0849091181568824 22
1739809399399 1.642796997062469 23
1739809399463 2.0679103019894436 24
1739809399526 1.9554436986409613 25
1739809399590 0.9103722414321709 26
1739809399654 1.9374758658778177 27
1739809399717 2.7707740170360244 28
1739809399798 1.03084926725483 29
1739809399861 1.0207989132763151 30
1739809399931 4.157338913672524 31
1739809399988 1.8034385836370206 32
1739809400052 2.056179526381417 33
1739809400116 1.58282613452248 34
1739809400195 1.1731201988750681 35
1739809400259 0.6701350146790233 36
1739809400327 0.18156100144050152 37
1739809400385 1.561779551857467 38
1739809400449 0.9236176596303466 39
1739809400526 1.161472869764247 40
1739809400593 0.9768910809161577 41
1739809400660 2.604348170323186 42
1739809400718 1.1973721056299769 43
1739809400781 0.671540339455323 44
1739809400860 4.20104534895253 45
1739809400923 1.7280210253504524 46
1739809400987 1.3765856149122369 47
1739809401050 2.5724966833342156 48
1739809401120 0.7870516555965037 49
1739809401194 0.8204855786959608 50
1739809401258 1.7146000944048219 51
1739809401322 1.5226438132846394 52
1739809401385 1.0931914288349953 53
1739809401449 1.0417859785840662 54
1739809401512 1.1048420472937273 55
1739809401577 1.9987558637375178 56
1739809401659 0.5902880199067685 57
1739809401727 1.3239524060193306 58
1739809401793 1.8573714098831466 59
1739809401860 1.2367626693375062 60
1739809401927 1.593505705379156 61
1739809401988 1.696433104100254 62
1739809402059 2.3506494989594824 63
1739809402126 0.7603071624969473 64
1739809402191 1.1616711485175584 65
1739809402258 0.9848020293280955 66
1739809402324 0.17913299785144499 67
1739809402389 2.0218265471278727 68
1739809402454 2.0181440948779614 69
1739809402510 0.7734184033295064 70
1739809402588 0.662368530471217 71
1739809402651 3.4095389069703774 72
1739809402715 1.92948435824 73
1739809402779 0.6617661666719677 74
1739809402843 1.8107184849835078 75
1739809402922 0.6122232538504389 76
1739809402986 4.203844904546391 77
1739809403049 0.5353067328780304 78
1739809403113 1.6594630343069678 79
1739809403176 1.074458805677148 80
1739809403240 1.650274057879553 81
1739809403320 1.9533985697787417 82
1739809403384 0.9386035059527748 83
1739809403447 1.371718231562803 84
1739809403510 1.38032476205811 85
1739809403574 3.0388912222513316 86
1739809403637 1.8544154291967472 87
1739809403717 0.8979401944836547 88
1739809403781 1.7254497468039023 89
1739809403850 2.471036668647084 90
1739809403908 2.193482449934383 91
1739809403972 0.40793583205033984 92
1739809404035 3.7640057343753788 93
1739809404115 3.7020642899459353 94
1739809404179 1.194920805959228 95
1739809404242 1.7616959276907018 96
1739809404314 1.3915629322695628 97
1739809404369 2.0567974040123986 98
1739809404433 0.1269925454822144 99
1739809404512 1.3696135519285375 100
1739809404576 1.772572234390029 101
1739809404640 2.4873509145635615 102
1739809404711 1.782022338836068 103
1739809404768 0.012273328120410534 104
1739809404843 1.5727500242575843 105
1739809404910 3.0354244953890377 106
1739809404973 3.0382983333563502 107
1739809405037 0.752523267526313 108
1739809405101 0.45992728957584716 109
1739809405164 1.5644174278724006 110
1739809405229 1.2257287848141623 111
1739809405308 1.9190365932806217 112
1739809405377 1.7520872653053827 113
1739809405435 1.5143580880014182 114
1739809405498 0.5150146922097827 115
1739809405562 1.638093494054239 116
1739809405642 0.5768923427303069 117
1739809405705 2.4311032812755644 118
1739809405775 1.3076719630006903 119
1739809405833 1.5619362350095694 120
1739809405898 0.2351183707058045 121
1739809405979 1.4637971465826216 122
1739809406042 1.2299832494661802 123
1739809406106 1.4336177736136517 124
1739809406170 0.29447863619329184 125
1739809406233 1.9061680267934968 126
1739809406297 1.6337173568953907 127
1739809406361 1.2796215433150522 128
1739809406441 1.0996653532896998 129
1739809406505 4.883555721836069 130
1739809406574 0.09606815922537991 131
1739809406632 2.2673876398223953 132
1739809406711 1.1538969961944963 133
1739809406775 0.7239996143863041 134
1739809406839 0.5286901709876106 135
1739809406912 3.8110015848115273 136
1739809406970 2.1937066264200324 137
1739809407046 1.9568224224325526 138
1739809407109 3.4816346361796495 139
1739809407172 1.6867059175496995 140
1739809407236 1.4871016867666553 141
1739809407300 1.9562378484203193 142
1739809407380 1.4696397150108138 143
1739809407443 2.747809391503111 144
1739809407506 0.014490736703836925 145
1739809407570 3.2945893381209537 146
1739809407649 2.06592207134858 147
1739809407713 1.5106863680146114 148
1739809407776 1.5509054902782857 149
1739809407839 0.8714763576993215 150
1739809407903 0.00933065515005684 151
1739809407983 1.7704220885424575 152
1739809408047 2.311538709065216 153
1739809408110 1.932578378960023 154
1739809408173 0.3667220833829522 155
1739809408237 1.482676187619807 156
1739809408317 1.8903160854500622 157
1739809408380 2.1027862463576947 158
1739809408444 1.271101495804979 159
1739809408507 1.0947478181492303 160
1739809408571 4.890029165245172 161
1739809408635 0.7776237944773801 162
1739809408714 2.6280681072892196 163
1739809408778 1.7829271269244058 164
1739809408841 0.766779294707223 165
1739809408904 1.7387196898158543 166
1739809408968 1.9130562510999405 167
1739809409032 0.05898422467077131 168
1739809409111 3.11300445542376 169
1739809409174 1.165991311514959 170
1739809409237 1.7545002159155278 171
1739809409306 1.364951067430736 172
1739809409365 0.9945409433904834 173
1739809409445 2.15064433160098 174
1739809409508 0.8388743353246778 175
1739809409572 2.9269390802971507 176
1739809409636 0.8922274043738208 177
1739809409699 1.591202243655689 178
1739809409776 0.020930287276389545 179
1739809409841 0.5086607593704471 180
1739809409905 2.447031672705657 181
1739809409969 1.2450815422504382 182
1739809410032 4.024977691055143 183
1739809410095 0.8935389780620343 184
1739809410158 0.9360653877594867 185
1739809410238 1.2246700926031904 186
1739809410301 1.3820928213851 187
1739809410365 2.923700768222431 188
1739809410429 1.456290251310495 189
1739809410492 2.0962232340497633 190
1739809410556 1.335330948777733 191
1739809410637 1.6851245398526693 192
1739809410701 0.34603745188644125 193
1739809410764 0.9043022746525697 194
1739809410828 1.5277956118337828 195
1739809410891 2.2286831167321988 196
1739809410954 1.7897735983469563 197
1739809411034 2.4121563430372346 198
1739809411097 1.330577582264091 199
1739809411160 3.3491466580225806 200
1739809411223 2.5876834587346482 201
1739809411297 0.9481555133327988 202
1739809411366 1.208435859282688 203
1739809411430 1.4313702559836001 204
1739809411493 0.903356914102209 205
1739809411556 1.384857749633294 206
1739809411620 3.4765779361277733 207
1739809411699 5.0360046751289795 208
1739809411763 1.501911259016989 209
1739809411826 1.8965783500010387 210
1739809411890 1.708167624664632 211
1739809411970 1.1654899535405023 212
1739809412033 2.508099554126302 213
1739809412098 2.1715930228276785 214
1739809412159 1.2188435375764313 215
1739809412223 2.344137567674632 216
1739809412302 1.8024531982327086 217
1739809412366 1.4820750291407059 218
1739809412429 1.0462480507258916 219
1739809412493 0.8471685711689741 220
1739809412558 0.51709056155703 221
1739809412623 0.42099690867418277 222
1739809412702 2.2732820338210797 223
1739809412764 2.1310094465368388 224
1739809412837 0.958662166309534 225
1739809412905 1.2988836905203351 226
1739809412968 1.0733951081859692 227
1739809413032 1.3794110714132406 228
1739809413095 0.8335457746850332 229
1739809413159 1.1299882747898549 230
1739809413239 1.716469322599748 231
1739809413302 1.6864805994865217 232
1739809413366 1.7909892051612881 233
1739809413429 2.0492296555244547 234
1739809413508 3.3325275677471007 235
1739809413572 0.6720134079878185 236
1739809413635 0.6050616907245462 237
1739809413698 1.3739085010498682 238
1739809413761 2.321830592246326 239
1739809413826 1.582546671433357 240
1739809413905 1.1532458324928216 241
1739809413968 0.7498726785579946 242
1739809414032 1.028232142058689 243
1739809414096 1.4902847408249684 244
1739809414159 0.6147349951909595 245
1739809414239 2.1427858008045764 246
1739809414302 2.4865186579604606 247
1739809414365 1.1088712897683446 248
1739809414429 1.3522386532414266 249
1739809414492 0.12632494074931458 250
1739809414555 2.2505173657866195 251
1739809414635 0.6113722618030537 252
1739809414699 0.8850900868956458 253
1739809414770 1.083451499744137 254
1739809414825 1.97462681333675 255
1739809414889 0.15132793596720723 256
1739809414968 1.9992952651859537 257
1739809415032 3.14314406178914 258
1739809415096 2.248028747127832 259
1739809415161 1.1480038427610744 260
1739809415223 1.1808411547244348 261
1739809415303 0.9130636406798123 262
1739809415367 1.1798053937448443 263
1739809415430 1.0093094111396907 264
1739809415494 1.0591130918212885 265
1739809415558 1.5810557488627195 266
1739809415622 0.8908868905053848 267
1739809415701 0.3187919489098094 268
1739809415766 0.5222830211122325 269
1739809415837 1.2582836293100852 270
1739809415892 3.709773573985308 271
1739809415971 1.316060148216658 272
1739809416034 2.3009368896815556 273
1739809416098 0.8433648573741903 274
1739809416161 0.5753684188618983 275
1739809416240 0.487763393085944 276
1739809416304 1.7344675677514543 277
1739809416367 1.945724522566304 278
1739809416431 0.6132239799027043 279
1739809416495 1.4853779304467976 280
1739809416558 1.417790469287174 281
1739809416638 1.5517938946649146 282
1739809416701 0.7884536228751853 283
1739809416771 2.0247209009368885 284
1739809416830 1.4569134838782969 285
1739809416893 1.5015461788699558 286
1739809416957 1.100304578032709 287
1739809417037 0.9713060648669065 288
1739809417101 1.7416328318193 289
1739809417164 1.2604059956911833 290
1739809417229 3.455944092787276 291
1739809417292 2.9332806762827643 292
1739809417356 1.4905700254074257 293
1739809417440 1.5275600172537895 294
1739809417499 0.5553093773745942 295
1739809417563 1.0847061356155985 296
1739809417626 2.652051791758865 297
1739809417705 3.282881600159141 298
1739809417769 0.7964970845025543 299
1739809417832 1.9421964700448497 300
1739809417905 1.1681696128199504 301
1739809417958 0.02054145101467414 302
1739809418038 0.6571255353985447 303
1739809418101 2.5756481167416263 304
1739809418164 0.4034449060242779 305
1739809418227 1.251559431508518 306
1739809418290 2.2024782336922346 307
1739809418354 0.5216401488472918 308
1739809418433 2.778167698662396 309
1739809418496 1.7641446113012496 310
1739809418560 1.0981156769345761 311
1739809418623 1.247825243265704 312
1739809418687 1.9600769438876688 313
1739809418750 2.7849278501548413 314
1739809418832 2.338229382660594 315
1739809418893 0.06803772584630226 316
1739809418956 1.0938549141700418 317
1739809419020 0.8253143392162193 318
1739809419085 1.7218870612693666 319
1739809419165 1.215496341980511 320
1739809419228 0.6939485688326222 321
1739809419292 3.6018486012733497 322
1739809419356 2.2292640607996983 323
1739809419419 2.7018706372327084 324
1739809419483 0.22372454363662722 325
1739809419547 1.9783465138860337 326
1739809419626 0.0018894160897911406 327
1739809419690 2.5899091763409032 328
1739809419753 3.580052398545204 329
1739809419817 1.025179145736053 330
1739809419881 1.491263272216839 331
1739809419944 0.9771895380030181 332
1739809420024 2.109067728639825 333
1739809420087 0.27096474440330076 334
1739809420151 1.5189588871684157 335
1739809420225 1.7059971713147 336
1739809420292 0.5517103531781701 337
1739809420359 1.2774831965417175 338
1739809420421 3.0954444953653684 339
1739809420486 0.7818323993300657 340
1739809420549 1.0052876753066293 341
1739809420628 1.2070959330436197 342
1739809420692 2.5173997070347194 343
1739809420758 0.6878629915455318 344
1739809420819 1.080368857141589 345
1739809420883 1.5125248035291108 346
1739809420946 1.076168845358601 347
1739809421026 2.188777689188663 348
1739809421089 0.9213416043831026 349
1739809421153 1.433137583416688 350
1739809421217 0.6588819888519516 351
1739809421280 0.464733204184621 352
1739809421360 0.2550888887887877 353
1739809421424 2.1652876729805657 354
1739809421488 2.9999640495894058 355
1739809421552 0.8198707544575706 356
1739809421616 1.2642563269404863 357
1739809421696 0.24763746613015325 358
1739809421761 1.9021419391524221 359
1739809421823 1.2133683238472233 360
1739809421888 0.7465503057448245 361
1739809421952 3.343785413379818 362
1739809422031 0.708841395360525 363
1739809422095 0.5007225408737714 364
1739809422158 3.616644739347452 365
1739809422235 0.4107774940123451 366
1739809422286 2.333470231774728 367
1739809422365 1.3245468078107798 368
1739809422428 0.05532431942922961 369
1739809422492 1.060244317316164 370
1739809422554 1.6957401273934773 371
1739809422617 0.8464691161250493 372
1739809422698 2.861088498673674 373
1739809422761 1.7733642979478572 374
1739809422825 1.026728554662297 375
1739809422888 1.5414249991475621 376
1739809422952 1.1194475005609157 377
1739809423032 0.8571615925495695 378
1739809423095 1.402770022102647 379
1739809423159 0.3271924798175004 380
1739809423222 1.3748917523363398 381
1739809423285 1.3717143259967945 382
1739809423349 2.128954563677331 383
1739809423428 0.7093730440355263 384
1739809423491 0.4027531262522667 385
1739809423555 0.8713034559678198 386
1739809423619 2.088683944056109 387
1739809423699 1.3007280664159684 388
1739809423762 3.717975604738969 389
1739809423826 2.188981587256821 390
1739809423889 0.8797707171968637 391
1739809423969 1.1219469822279782 392
1739809424032 0.9209585599418265 393
1739809424098 2.0795539417954 394
1739809424160 1.7055478171430856 395
1739809424239 0.7102024751075339 396
1739809424303 1.2394239057016367 397
1739809424367 1.1813527440100697 398
1739809424436 2.003844058851363 399
1739809424494 0.6883721411935328 400
1739809424573 0.6058080667594746 401
1739809424636 1.5243282093056925 402
1739809424699 1.6572667577032734 403
1739809424763 1.2624138448285553 404
1739809424828 3.5308152363184537 405
1739809424906 0.7882142508213403 406
1739809424969 1.173327958550355 407
1739809425033 0.8516171294544842 408
1739809425096 2.0032879027259964 409
1739809425176 2.2945193206541177 410
1739809425239 1.592156599325771 411
1739809425302 2.488425267755719 412
1739809425367 0.8425522268606258 413
1739809425447 1.2010134064782367 414
1739809425510 2.4071023550216113 415
1739809425574 0.48098346639683004 416
1739809425638 2.879692528906587 417
1739809425721 2.137597501672534 418
1739809425782 1.5828604505251518 419
1739809425846 1.4966723601551277 420
1739809425909 2.4900146255230586 421
1739809425989 2.2034698970492004 422
1739809426052 0.5082634436314052 423
1739809426118 0.33097086459928854 424
1739809426179 0.6858017540531862 425
1739809426243 0.925720179516175 426
1739809426322 1.52307209809088 427
1739809426386 2.143977464435354 428
1739809426450 1.1043041560685378 429
1739809426514 0.11624244419091857 430
1739809426585 1.8623110611579836 431
1739809426641 0.7701896260721158 432
1739809426720 1.9864599137726684 433
1739809426790 0.9753596170129314 434
1739809426848 0.19216113662902506 435
1739809426915 1.0626813393319965 436
1739809426975 1.3399972432485332 437
1739809427055 1.7423253735965083 438
1739809427120 0.5517256726509638 439
1739809427181 0.487002541158535 440
1739809427245 1.8472925929991453 441
1739809427309 2.6325547032090086 442
1739809427389 3.565432796041274 443
1739809427452 0.9515687362603252 444
1739809427515 1.3847405406182725 445
1739809427579 0.17714884481655785 446
1739809427642 2.198359853821619 447
1739809427722 1.660028581635864 448
1739809427786 4.040463777709436 449
1739809427849 0.4183843695471191 450
1739809427913 1.6986686082174223 451
1739809427976 1.3381704797348004 452
1739809428040 2.656250137296164 453
1739809428120 1.6348442418214637 454
1739809428183 1.315777388596647 455
1739809428247 3.546825082088823 456
1739809428310 1.9940870928980647 457
1739809428380 0.9123018497083345 458
1739809428438 2.1168479457929554 459
1739809428517 0.9046627449066585 460
1739809428581 3.5505264181347145 461
1739809428645 2.1334978089600085 462
1739809428708 1.7976883949085118 463
1739809428785 2.1983015342556964 464
1739809428853 0.5530245593254574 465
1739809428918 3.592695533912026 466
1739809428989 0.6607478582975435 467
1739809429043 1.9851081705264557 468
1739809429122 1.3791705024783922 469
1739809429186 1.163907432635923 470
1739809429250 1.141070796016174 471
1739809429313 1.5978413497971597 472
1739809429376 0.6639374989373651 473
1739809429456 1.5330545087691816 474
1739809429519 1.4240845358541463 475
1739809429583 0.9728024680190188 476
1739809429646 0.23833565545526933 477
1739809429710 0.8539800031840065 478
1739809429774 4.026617190288294 479
1739809429855 0.25473683861813096 480
1739809429920 0.5841944988944711 481
1739809429998 0.8821864733759022 482
1739809430061 1.3730423137686056 483
1739809430126 4.995736925154113 484
1739809430190 0.5652856342078314 485
1739809430253 3.2829199802055706 486
1739809430317 1.716902654420969 487
1739809430397 0.012851822363476265 488
1739809430461 0.5889301699503049 489
1739809430526 1.5916157052249458 490
1739809430589 1.7814510349997028 491
1739809430653 0.7810409539566305 492
1739809430732 1.3093306363592017 493
1739809430795 1.4036796112540295 494
1739809430860 1.31195671666353 495
1739809430924 2.9093585498608925 496
1739809431003 1.41683010242306 497
1739809431066 1.240834137216259 498
1739809431138 2.5458393727714244 499
