1739809077425 156.2676192328544 0
1739809077435 155.64683593313183 1
1739809077453 155.5861892939844 2
1739809077467 155.5244607888866 3
1739809077483 155.4627602854382 4
1739809077499 155.40108557524093 5
1739809077515 155.33943665160157 6
1739809077531 155.2778135034722 7
1739809077547 155.21621611981857 8
1739809077563 155.15464448961106 9
1739809077578 155.09309860182483 10
1739809077596 155.0315784454398 11
1739809077610 154.97008400944068 12
1739809077626 154.908615282817 13
1739809077642 154.8471722545631 14
1739809077658 154.78575491367795 15
1739809077679 154.72436324916535 16
1739809077689 154.66299725003384 17
1739809077705 154.60165690529692 18
1739809077721 154.54034220397259 19
1739809077736 154.47905313508366 20
1739809077754 154.4177896876579 21
1739809077777 154.35655185072758 22
1739809077794 154.29533961332987 23
1739809077808 154.23415296450665 24
1739809077820 154.17299189330456 25
1739809077836 154.11185638877495 26
1739809077836 154.050746439974 27
1739809077852 153.98966203596257 28
1739809077868 153.92860316580624 29
1739809077883 153.86756981857542 30
1739809077899 153.80656198334512 31
1739809077915 153.7455796491953 32
1739809077931 153.68462280521035 33
1739809077936 153.62369144047966 34
1739809077947 153.56278554409724 35
1739809077963 153.50190510516182 36
1739809077979 153.4410501127769 37
1739809077994 153.38022055605063 38
1739809078010 153.31941642409595 39
1739809078017 153.2586377060305 40
1739809078031 153.1978843909766 41
1739809078048 153.1371564680614 42
1739809078058 153.07645392641658 43
1739809078077 153.01577675517868 44
1739809078090 152.95512494348884 45
1739809078105 152.894498480493 46
1739809078120 152.83389735534183 47
1739809078136 152.77332155719049 48
1739809078152 152.71277107519919 49
1739809078159 152.65224589853247 50
1739809078168 152.59174601635985 51
1739809078184 152.5312714178553 52
1739809078202 152.4708220921977 53
1739809078217 152.41039802857054 54
1739809078232 152.34999921616196 55
1739809078232 152.28962564416486 56
1739809078258 152.22927730177665 57
1739809078264 152.16895417819967 58
1739809078286 152.10865626264078 59
1739809078296 152.0483835443116 60
1739809078314 151.98813601242836 61
1739809078328 151.92791365621198 62
1739809078344 151.86771646488802 63
1739809078344 151.8075444276868 64
1739809078372 151.7473975338433 65
1739809078384 151.687275772597 66
1739809078399 151.62717913319227 67
1739809078409 151.56710760487798 68
1739809078425 151.50706117690774 69
1739809078435 151.44703983853975 70
1739809078452 151.38704357903705 71
1739809078466 151.32707238766702 72
1739809078482 151.26712625370195 73
1739809078482 151.20720516641867 74
1739809078508 151.14730911509872 75
1739809078514 151.0874380890282 76
1739809078535 151.02759207749793 77
1739809078546 150.9677710698033 78
1739809078562 150.90797505524444 79
1739809078577 150.848204023126 80
1739809078593 150.78845796275732 81
1739809078609 150.72873686345247 82
1739809078609 150.66904071452993 83
1739809078625 150.60936950531303 84
1739809078649 150.54972322512955 85
1739809078657 150.49010186331208 86
1739809078678 150.43050540919756 87
1739809078688 150.3709338521279 88
1739809078704 150.31138718144942 89
1739809078720 150.251865386513 90
1739809078735 150.19236845667427 91
1739809078736 150.13289638129342 92
1739809078760 150.07344914973527 93
1739809078768 150.01402675136924 94
1739809078786 149.95462917556932 95
1739809078800 149.89525641171417 96
1739809078813 149.835908449187 97
1739809078828 149.7765852773756 98
1739809078841 149.71728688567248 99
1739809078846 149.65801326347463 100
1739809078862 149.59876440018368 101
1739809078878 149.5395402852058 102
1739809078891 149.4803409079518 103
1739809078894 149.42116625783711 104
1739809078919 149.36201632428177 105
1739809078926 149.3028910967102 106
1739809078945 149.24379056455166 107
1739809078958 149.1847147172398 108
1739809078974 149.125663544213 109
1739809078974 149.06663703491412 110
1739809079001 149.0076351787906 111
1739809079014 148.94865796529444 112
1739809079024 148.88970538388236 113
1739809079037 148.8307774240154 114
1739809079052 148.7718740751594 115
1739809079068 148.71299532678458 116
1739809079080 148.65414116836587 117
1739809079084 148.59531158938267 118
1739809079106 148.53650657931897 119
1739809079118 148.4777261276633 120
1739809079132 148.41897022390876 121
1739809079147 148.36023885755304 122
1739809079158 148.30153201809827 123
1739809079163 148.2428496950513 124
1739809079185 148.18419187792335 125
1739809079195 148.12555855623026 126
1739809079211 148.06694971949247 127
1739809079227 148.00836535723485 128
1739809079238 147.94980545898693 129
1739809079242 147.89127001428264 130
1739809079267 147.83275901266055 131
1739809079274 147.77427244366376 132
1739809079292 147.71581029683983 133
1739809079306 147.65737256174094 134
1739809079318 147.5989592279237 135
1739809079322 147.54057028494933 136
1739809079345 147.48220572238347 137
1739809079353 147.4238655297964 138
1739809079373 147.3655496967629 139
1739809079385 147.30725821286217 140
1739809079401 147.24899106767802 141
1739809079401 147.19074825079878 142
1739809079430 147.1325297518172 143
1739809079433 147.0743355603306 144
1739809079457 147.01616566594086 145
1739809079465 146.95802005825425 146
1739809079484 146.8998987268816 147
1739809079497 146.8418016614382 148
1739809079510 146.78372885154403 149
1739809079513 146.7256802868233 150
1739809079536 146.66765595690487 151
1739809079545 146.60965585142205 152
1739809079563 146.55167996001268 153
1739809079577 146.49372827231898 154
1739809079590 146.43580077798785 155
1739809079593 146.3778974666705 156
1739809079616 146.32001832802274 157
1739809079625 146.26216335170474 158
1739809079643 146.20433252738124 159
1739809079657 146.14652584472145 160
1739809079669 146.0887432933991 161
1739809079673 146.03098486309224 162
1739809079697 145.97325054348354 163
1739809079705 145.91554032426006 164
1739809079724 145.85785419511348 165
1739809079737 145.8001921457397 166
1739809079749 145.74255416583924 167
1739809079752 145.68494024511702 168
1739809079776 145.62735037328255 169
1739809079785 145.56978454004965 170
1739809079803 145.51224273513662 171
1739809079817 145.4547249482663 172
1739809079829 145.39723116916585 173
1739809079833 145.33976138756705 174
1739809079849 145.282315593206 175
1739809079865 145.22489377582323 176
1739809079881 145.16749592516385 177
1739809079881 145.11012203097732 178
1739809079907 145.05277208301746 179
1739809079913 144.99544607104272 180
1739809079934 144.93814398481587 181
1739809079945 144.8808658141041 182
1739809079961 144.8236115486791 183
1739809079961 144.766381178317 184
1739809079987 144.7091746927982 185
1739809079999 144.65199208190774 186
1739809080015 144.59483333543497 187
1739809080025 144.53769844317367 188
1739809080040 144.48058739492205 189
1739809080056 144.42350018048285 190
1739809080069 144.3664367896629 191
1739809080072 144.30939721227392 192
1739809080096 144.25238143813166 193
1739809080104 144.1953894570565 194
1739809080123 144.13842125887302 195
1739809080135 144.08147683341045 196
1739809080151 144.02455617050222 197
1739809080151 143.96765925998636 198
1739809080175 143.91078609170512 199
1739809080183 143.85393665550524 200
1739809080203 143.79711094123792 201
1739809080217 143.7403089387586 202
1739809080232 143.68353063792722 203
1739809080232 143.6267760286081 204
1739809080257 143.57004510066997 205
1739809080263 143.5133378439859 206
1739809080285 143.4566542484334 207
1739809080295 143.3999943038943 208
1739809080313 143.3433580002548 209
1739809080327 143.28674532740564 210
1739809080339 143.23015627524174 211
1739809080343 143.17359083366256 212
1739809080364 143.11704899257182 213
1739809080374 143.06053074187764 214
1739809080393 143.0040360714926 215
1739809080406 142.94756497133352 216
1739809080419 142.89111743132165 217
1739809080422 142.83469344138265 218
1739809080445 142.77829299144645 219
1739809080453 142.72191607144742 220
1739809080472 142.66556267132424 221
1739809080485 142.60923278101995 222
1739809080501 142.55292639048204 223
1739809080506 142.4966434896622 224
1739809080527 142.44038406851658 225
1739809080533 142.38414811700568 226
1739809080554 142.32793562509428 227
1739809080565 142.27174658275158 228
1739809080581 142.21558097995114 229
1739809080597 142.15943880667075 230
1739809080608 142.10332005289263 231
1739809080613 142.04722470860332 232
1739809080635 141.99115276379374 233
1739809080645 141.93510420845902 234
1739809080662 141.87907903259878 235
1739809080676 141.8230772262169 236
1739809080689 141.76709877932154 237
1739809080692 141.71114368192528 238
1739809080716 141.65521192404498 239
1739809080725 141.5993034957018 240
1739809080743 141.5434183869213 241
1739809080756 141.48755658773328 242
1739809080769 141.43171808817192 243
1739809080778 141.3759028782756 244
1739809080798 141.32011094808723 245
1739809080806 141.26434228765385 246
1739809080825 141.2085968870269 247
1739809080836 141.15287473626202 248
1739809080851 141.0971758254193 249
1739809080851 141.04150014456306 250
1739809080878 140.98584768376193 251
1739809080883 140.93021843308887 252
1739809080904 140.87461238262108 253
1739809080915 140.81902952244008 254
1739809080930 140.76346984263176 255
1739809080946 140.7079333332862 256
1739809080957 140.65241998449787 257
1739809080961 140.5969297863654 258
1739809080984 140.54146272899183 259
1739809080993 140.4860188024845 260
1739809081011 140.4305979969549 261
1739809081024 140.37520030251892 262
1739809081036 140.31982570929665 263
1739809081041 140.2644742074126 264
1739809081062 140.20914578699538 265
1739809081072 140.15384043817798 266
1739809081089 140.0985581510976 267
1739809081104 140.0432989158958 268
1739809081117 139.9880627227184 269
1739809081120 139.93284956171541 270
1739809081142 139.87765942304117 271
1739809081153 139.82249229685416 272
1739809081174 139.76734817331734 273
1739809081188 139.7122270425978 274
1739809081202 139.65712889486687 275
1739809081208 139.60205372030018 276
1739809081225 139.54700150907763 277
1739809081231 139.49197225138334 278
1739809081252 139.43696593740566 279
1739809081264 139.3819825573373 280
1739809081280 139.32702210137506 281
1739809081294 139.2720845597201 282
1739809081306 139.2171699225778 283
1739809081322 139.16227818015776 284
1739809081334 139.10740932267385 285
1739809081342 139.0525633403441 286
1739809081360 138.9977402233909 287
1739809081374 138.94293996204084 288
1739809081386 138.88816254652465 289
1739809081390 138.83340796707736 290
1739809081413 138.77867621393827 291
1739809081422 138.72396727735082 292
1739809081440 138.66928114756277 293
1739809081454 138.614617814826 294
1739809081466 138.5599772693967 295
1739809081470 138.50535950153525 296
1739809081493 138.45076450150623 297
1739809081501 138.39619225957844 298
1739809081520 138.34164276602493 299
1739809081533 138.28711601112295 300
1739809081546 138.23261198515388 301
1739809081549 138.17813067840345 302
1739809081565 138.12367208116152 303
1739809081581 138.0692361837221 304
1739809081599 138.01482297638353 305
1739809081613 137.96043244944823 306
1739809081625 137.90606459322296 307
1739809081629 137.8517193980185 308
1739809081652 137.79739685415 309
1739809081661 137.74309695193668 310
1739809081679 137.688819681702 311
1739809081693 137.6345650337736 312
1739809081706 137.58033299848336 313
1739809081722 137.52612356616726 314
1739809081734 137.47193672716554 315
1739809081740 137.41777247182256 316
1739809081762 137.36363079048695 317
1739809081772 137.30951167351142 318
1739809081787 137.25541511125292 319
1739809081787 137.20134109407257 320
1739809081815 137.1472896123356 321
1739809081822 137.09326065641153 322
1739809081843 137.03925421667395 323
1739809081851 136.9852702835007 324
1739809081869 136.9313088472737 325
1739809081883 136.87736989837907 326
1739809081899 136.82345342720714 327
1739809081899 136.7695594241523 328
1739809081923 136.71568787961328 329
1739809081939 136.66183878399272 330
1739809081951 136.60801212769763 331
1739809081963 136.5542079011391 332
1739809081979 136.5004260947323 333
1739809081979 136.44666669889665 334
1739809082006 136.3929297040557 335
1739809082011 136.33921510063712 336
1739809082032 136.28552287907272 337
1739809082042 136.2318530297985 338
1739809082058 136.1782055432545 339
1739809082074 136.12458040988508 340
1739809082086 136.07097762013856 341
1739809082090 136.0173971644675 342
1739809082113 135.96383903332855 343
1739809082122 135.91030321718247 344
1739809082144 135.85678970649423 345
1739809082154 135.80329849173287 346
1739809082172 135.74982956337155 347
1739809082186 135.6963829118876 348
1739809082198 135.6429585277625 349
1739809082206 135.5895564014817 350
1739809082227 135.53617652353492 351
1739809082233 135.48281888441593 352
1739809082252 135.4294834746227 353
1739809082265 135.3761702846572 354
1739809082281 135.3228793050256 355
1739809082281 135.26961052623807 356
1739809082306 135.21636393880905 357
1739809082313 135.16313953325695 358
1739809082333 135.10993730010438 359
1739809082345 135.056757229878 360
1739809082361 135.00359931310857 361
1739809082361 134.95046354033096 362
1739809082386 134.89734990208413 363
1739809082394 134.84425838891121 364
1739809082413 134.79118899135932 365
1739809082426 134.73814169997976 366
1739809082441 134.68511650532784 367
1739809082441 134.632113397963 368
1739809082465 134.5791323684488 369
1739809082473 134.52617340735281 370
1739809082492 134.47323650524677 371
1739809082507 134.42032165270643 372
1739809082520 134.36742884031167 373
1739809082520 134.31455805864644 374
1739809082547 134.26170929829874 375
1739809082559 134.20888254986068 376
1739809082575 134.1560778039284 377
1739809082584 134.10329505110218 378
1739809082603 134.05053428198627 379
1739809082616 133.99779548718914 380
1739809082629 133.94507865732308 381
1739809082639 133.8923837830048 382
1739809082659 133.8397108548547 383
1739809082673 133.7870598634975 384
1739809082687 133.73443079956186 385
1739809082696 133.6818236536806 386
1739809082712 133.6292384164904 387
1739809082728 133.57667507863223 388
1739809082740 133.52413363075095 389
1739809082743 133.47161406349554 390
1739809082767 133.41911636751902 391
1739809082776 133.36664053347843 392
1739809082793 133.3141865520349 393
1739809082807 133.26175441385354 394
1739809082823 133.20934410960356 395
1739809082823 133.15695562995825 396
1739809082847 133.10458896559476 397
1739809082857 133.05224410719447 398
1739809082874 132.99992104544273 399
1739809082887 132.94761977102888 400
1739809082903 132.89534027464632 401
1739809082903 132.84308254699252 402
1739809082927 132.7908465787689 403
1739809082934 132.73863236068098 404
1739809082954 132.68643988343823 405
1739809082966 132.63426913775425 406
1739809082982 132.58212011434654 407
1739809082982 132.52999280393666 408
1739809083007 132.47788719725028 409
1739809083023 132.42580328501694 410
1739809083035 132.37374105797028 411
1739809083046 132.32170050684795 412
1739809083062 132.26968162239154 413
1739809083078 132.21768439534677 414
1739809083090 132.16570881646322 415
1739809083094 132.11375487649462 416
1739809083116 132.0618225661986 417
1739809083126 132.00991187633684 418
1739809083144 131.95802279767503 419
1739809083158 131.90615532098275 420
1739809083171 131.85430943703375 421
1739809083174 131.80248513660567 422
1739809083200 131.75068241048012 423
1739809083213 131.69890124944277 424
1739809083225 131.64714164428324 425
1739809083236 131.59540358579514 426
1739809083252 131.5436870647761 427
1739809083252 131.49199207202767 428
1739809083275 131.44031859835542 429
1739809083284 131.38866663456892 430
1739809083305 131.33703617148174 431
1739809083316 131.2854271999113 432
1739809083332 131.2338397106791 433
1739809083332 131.18227369461064 434
1739809083350 131.13072914253527 435
1739809083374 131.07920604528647 436
1739809083388 131.02770439370155 437
1739809083395 130.97622417862186 438
1739809083413 130.9247653908927 439
1739809083426 130.87332802136333 440
1739809083439 130.82191206088694 441
1739809083443 130.77051750032075 442
1739809083466 130.7191443305259 443
1739809083474 130.66779254236747 444
1739809083493 130.61646212671448 445
1739809083511 130.56515307444 446
1739809083527 130.5138653764209 447
1739809083538 130.4625990235382 448
1739809083556 130.41135400667662 449
1739809083570 130.36013031672502 450
1739809083581 130.30892794457617 451
1739809083585 130.25774688112674 452
1739809083602 130.2065871172773 453
1739809083623 130.15544864393246 454
1739809083634 130.10433145200074 455
1739809083649 130.05323553239455 456
1739809083660 130.00216087603025 457
1739809083665 129.95110747382816 458
1739809083687 129.90007531671253 459
1739809083696 129.8490643956115 460
1739809083713 129.79807470145713 461
1739809083713 129.74710622518552 462
1739809083739 129.69615895773654 463
1739809083747 129.64523289005407 464
1739809083766 129.5943280130859 465
1739809083776 129.54344431778372 466
1739809083794 129.49258179510318 467
1739809083808 129.44174043600376 468
1739809083820 129.39092023144892 469
1739809083824 129.34012117240604 470
1739809083847 129.28934324984638 471
1739809083856 129.2385864547451 472
1739809083872 129.1878507780813 473
1739809083890 129.13713621083795 474
1739809083904 129.08644274400194 475
1739809083904 129.03577036856413 476
1739809083928 128.98511907551912 477
1739809083936 128.93448885586554 478
1739809083956 128.8838797006059 479
1739809083968 128.8332916007465 480
1739809083984 128.78272454729773 481
1739809083984 128.73217853127366 482
1739809084010 128.68165354369236 483
1739809084016 128.63114957557585 484
1739809084037 128.58066661794987 485
1739809084048 128.53020466184418 486
1739809084064 128.47976369829237 487
1739809084064 128.4293437183319 488
1739809084090 128.37894471300413 489
1739809084096 128.32856667335435 490
1739809084118 128.2782095904316 491
1739809084128 128.22787345528891 492
1739809084144 128.17755825898314 493
1739809084159 128.12726399257497 494
1739809084171 128.07699064712904 495
1739809084176 128.02673821371383 496
1739809084198 127.97650668340165 497
1739809084208 127.92629604726869 498
1739809084224 127.87610629639502 499
