1739809262479 163.64996214956372 0
1739809262503 165.15465853211364 1
1739809262520 156.09004083289662 2
1739809262533 153.16790458750268 3
1739809262544 146.00903582738948 4
1739809262563 139.77516555827336 5
1739809262577 140.61539495262244 6
1739809262596 135.0893588377567 7
1739809262611 131.2959959194018 8
1739809262623 126.86148926475752 9
1739809262640 120.76821326451284 10
1739809262657 118.88471053911653 11
1739809262672 120.85944233593561 12
1739809262684 110.76253687190902 13
1739809262698 108.29235021827526 14
1739809262717 106.98266830089733 15
1739809262730 103.47984143504759 16
1739809262746 96.86427680476505 17
1739809262761 93.6523827461431 18
1739809262778 95.61618580254758 19
1739809262794 94.46099095048916 20
1739809262809 85.93195426158317 21
1739809262825 86.28839469801045 22
1739809262837 81.48364207043618 23
1739809262841 80.18636898796527 24
1739809262866 79.66776113700807 25
1739809262880 79.91504967443862 26
1739809262897 76.14215367093452 27
1739809262905 76.07821684981785 28
1739809262928 71.23451879482138 29
1739809262937 66.38490844082719 30
1739809262958 67.03649255881729 31
1739809262969 65.95293834683139 32
1739809262989 63.749147828968056 33
1739809263001 63.55902518463413 34
1739809263019 60.78817383403467 35
1739809263033 59.13131799899035 36
1739809263048 56.1398175907016 37
1739809263063 57.61786380954856 38
1739809263079 52.9372041521116 39
1739809263095 52.883957937891275 40
1739809263108 51.38700742114451 41
1739809263111 50.59943541590018 42
1739809263135 48.24747613886562 43
1739809263143 47.82143493928218 44
1739809263165 47.7512592503042 45
1739809263175 45.180811258500306 46
1739809263196 42.457795608800126 47
1739809263207 42.35318062572824 48
1739809263223 41.3850646011208 49
1739809263239 40.529709928699525 50
1739809263254 39.39110799720325 51
1739809263272 37.92607942219903 52
1739809263286 34.90192613094991 53
1739809263302 36.1913543956692 54
1739809263313 34.983156059542196 55
1739809263317 33.68145748600949 56
1739809263343 32.484927430452 57
1739809263356 33.8417452681689 58
1739809263374 30.933458159596615 59
1739809263381 31.582152841330327 60
1739809263405 30.964108755893907 61
1739809263413 30.438782345641734 62
1739809263434 28.3450819031977 63
1739809263451 27.402650450094015 64
1739809263470 26.92382484132949 65
1739809263477 26.501220441472206 66
1739809263500 26.628963016779807 67
1739809263509 26.11106447266685 68
1739809263529 23.4342944280362 69
1739809263541 23.92927255034273 70
1739809263559 22.398700200459153 71
1739809263573 21.534279010259205 72
1739809263588 22.46776382177952 73
1739809263605 21.349355399804708 74
1739809263620 22.50439683569847 75
1739809263636 21.765678365883698 76
1739809263652 21.00333339175751 77
1739809263668 19.944597828605378 78
1739809263684 19.553580256599925 79
1739809263684 18.461573617381593 80
1739809263711 17.06039837521318 81
1739809263716 18.762456002052435 82
1739809263741 16.941280509305873 83
1739809263758 17.304895147190134 84
1739809263771 15.695044005120668 85
1739809263780 15.762229064302275 86
1739809263799 15.463049886150463 87
1739809263812 15.397186796396538 88
1739809263828 15.322049518561206 89
1739809263843 14.475334576184492 90
1739809263859 15.424461043474421 91
1739809263859 14.313353005526912 92
1739809263886 13.960220363021753 93
1739809263891 14.2420365773884 94
1739809263916 13.48637552910608 95
1739809263923 13.362322391224518 96
1739809263945 13.050890726892241 97
1739809263955 11.720530392481361 98
1739809263975 11.615274308714497 99
1739809263987 11.743401440650585 100
1739809264005 11.592563447451054 101
1739809264021 11.156679213481524 102
1739809264034 11.275922222648514 103
1739809264050 10.734094864737296 104
1739809264066 10.934120477762427 105
1739809264082 10.41878254358076 106
1739809264098 9.998359394080317 107
1739809264098 10.528438029663505 108
1739809264124 9.378873965702947 109
1739809264138 9.659988916170185 110
1739809264156 8.830717265138404 111
1739809264161 9.833672272649986 112
1739809264186 9.41711057727234 113
1739809264193 9.748695216273786 114
1739809264215 8.550206285594557 115
1739809264231 8.919498160856355 116
1739809264248 8.283600161606405 117
1739809264257 8.181643006215943 118
1739809264277 9.116993879970451 119
1739809264290 7.879430626682568 120
1739809264307 7.516462193335602 121
1739809264319 7.636502012522666 122
1739809264337 7.425060426748262 123
1739809264351 6.904687882128214 124
1739809264367 6.348308226916187 125
1739809264367 6.695946618283613 126
1739809264393 7.20631862823492 127
1739809264399 6.5107061099768755 128
1739809264424 6.212307857327093 129
1739809264431 6.799838238910626 130
1739809264454 6.730627929841234 131
1739809264471 6.799913386375753 132
1739809264483 6.449981509326509 133
1739809264494 6.4354883515851 134
1739809264512 6.382270075299569 135
1739809264526 5.331687832989645 136
1739809264542 6.324271688417026 137
1739809264558 6.122914881172898 138
1739809264574 5.829717230124628 139
1739809264574 6.281085054460938 140
1739809264600 5.538728593349747 141
1739809264606 5.654827094086645 142
1739809264630 5.375616492045338 143
1739809264638 5.173869764993281 144
1739809264660 5.394196431567292 145
1739809264670 4.80486529301159 146
1739809264690 5.218353172479218 147
1739809264702 4.913741637532761 148
1739809264719 5.218387265113704 149
1739809264734 4.862806916104694 150
1739809264750 5.426935880635898 151
1739809264765 4.772474948423371 152
1739809264779 4.921686378120469 153
1739809264796 4.84757934182261 154
1739809264807 4.86560554887668 155
1739809264812 5.036448336660443 156
1739809264836 4.66059197562017 157
1739809264855 4.478996636659712 158
1739809264867 4.604051614984205 159
1739809264877 4.4929079965737335 160
1739809264897 4.380223760825723 161
1739809264907 4.152686304244978 162
1739809264926 3.7438354572947974 163
1739809264939 3.847649647470035 164
1739809264957 3.8854377794312835 165
1739809264970 3.6722612673552355 166
1739809264987 4.011646527655645 167
1739809265004 4.382360757634601 168
1739809265018 4.0040557516395285 169
1739809265034 3.6629643816765136 170
1739809265049 3.7530196356883208 171
1739809265049 3.3441217661052285 172
1739809265078 3.773229153965338 173
1739809265082 3.3396409808866885 174
1739809265107 3.3610072964352216 175
1739809265122 3.646439699730587 176
1739809265138 3.434163471715962 177
1739809265145 3.4027821691399542 178
1739809265167 3.083898531417428 179
1739809265177 3.555537679131652 180
1739809265193 3.447775182807122 181
1739809265210 3.381745926733121 182
1739809265225 2.9747940902600227 183
1739809265242 3.243645699623307 184
1739809265257 3.480523542851046 185
1739809265257 3.0480489906864245 186
1739809265282 3.3131159515301563 187
1739809265288 2.85301745112149 188
1739809265311 2.9753292058254046 189
1739809265324 3.422517319095149 190
1739809265341 3.2234867572999106 191
1739809265352 3.153890747991367 192
1739809265371 3.0316708165563737 193
1739809265384 2.924727364740253 194
1739809265399 2.9083858336140636 195
1739809265415 2.6964768051595747 196
1739809265431 2.7514074327236857 197
1739809265431 3.1877357459828395 198
1739809265458 2.8643759537982496 199
1739809265463 3.0282897143875234 200
1739809265490 2.8398125282778985 201
1739809265495 3.0474588988960103 202
1739809265518 3.0589106474913352 203
1739809265526 2.5190743286647943 204
1739809265548 2.716509536693357 205
1739809265558 2.59707994269582 206
1739809265574 2.4251510185788145 207
1739809265590 2.536033352985547 208
1739809265606 2.6239196629464714 209
1739809265623 2.4594195951869544 210
1739809265637 2.392788902098679 211
1739809265649 2.5455326400579503 212
1739809265653 2.417149665521047 213
1739809265678 2.255170947359632 214
1739809265688 2.6336418575501814 215
1739809265707 2.2846840469010155 216
1739809265717 2.2750532400580785 217
1739809265735 2.2780831560509323 218
1739809265749 2.4794856574679915 219
1739809265764 2.4176330389893983 220
1739809265780 2.313522252394976 221
1739809265796 2.394097359794913 222
1739809265796 2.2687836427743893 223
1739809265823 2.3008212175990286 224
1739809265831 2.3227765294339617 225
1739809265850 2.0741337378280598 226
1739809265860 2.2288822627232214 227
1739809265879 2.3573107217601525 228
1739809265891 2.475778284973042 229
1739809265911 2.1113363363891193 230
1739809265923 2.2723663392747167 231
1739809265939 2.097355840540196 232
1739809265955 1.9093603383748656 233
1739809265970 1.915410938776983 234
1739809265986 2.2053467880820583 235
1739809266002 2.1878686845497666 236
1739809266018 2.447224513685331 237
1739809266034 1.88300971082473 238
1739809266039 2.190355577488113 239
1739809266065 2.2605978519503447 240
1739809266070 2.002069416340224 241
1739809266088 2.0172728131886855 242
1739809266099 2.3695162943938217 243
1739809266118 1.835230711251836 244
1739809266139 2.067851333584918 245
1739809266147 1.94821462268909 246
1739809266161 2.0400769671266077 247
1739809266179 2.1193663547404737 248
1739809266192 1.8484445503335118 249
1739809266210 1.991208892453333 250
1739809266224 1.8103523972357671 251
1739809266240 2.048573233180789 252
1739809266255 1.997826418519509 253
1739809266271 2.080692076223023 254
1739809266276 1.9634001392083988 255
1739809266296 1.8225753551473536 256
1739809266306 1.6823060617112273 257
1739809266326 1.5891730112823395 258
1739809266337 1.7464837508891524 259
1739809266355 1.815626203191206 260
1739809266370 1.798838428101382 261
1739809266384 1.7895549752570024 262
1739809266399 1.9291307603181083 263
1739809266414 1.7416404860929435 264
1739809266430 2.182948982495226 265
1739809266446 1.6609014319118205 266
1739809266462 1.6789062138704325 267
1739809266477 1.8041698056283044 268
1739809266493 1.9574541613331022 269
1739809266505 1.909158351033048 270
1739809266512 2.0888911100336576 271
1739809266532 1.775243266703458 272
1739809266543 1.7422756849544934 273
1739809266562 1.8059882643520482 274
1739809266573 1.7547824264574965 275
1739809266591 1.8385291991439074 276
1739809266607 1.9760728711842395 277
1739809266621 1.9558170070738383 278
1739809266640 2.0615964523196393 279
1739809266655 1.799431124075038 280
1739809266669 1.8592211980377313 281
1739809266678 1.996888695031916 282
1739809266689 1.6984445256851988 283
1739809266701 1.7139052154637127 284
1739809266719 1.7389962071955203 285
1739809266738 1.7367749766035323 286
1739809266749 1.8559353454132412 287
1739809266767 1.661612391612143 288
1739809266781 1.7977471653642685 289
1739809266798 1.6380437364875216 290
1739809266812 1.7979284448062152 291
1739809266827 1.5347588661982678 292
1739809266843 1.70162725699063 293
1739809266859 1.8701964342049793 294
1739809266875 1.5953248442867172 295
1739809266891 1.8350168977034638 296
1739809266896 1.638051192731798 297
1739809266916 1.7056418149098787 298
1739809266926 2.0110521924565337 299
1739809266946 1.6291249350478467 300
1739809266955 1.794888276996718 301
1739809266981 1.9668050588542785 302
1739809266996 1.7379266452838502 303
1739809267008 1.6670320326705035 304
1739809267018 1.8363821204439907 305
1739809267041 1.709597203204046 306
1739809267055 1.6901720204674047 307
1739809267067 1.7524223536110077 308
1739809267081 1.5634348596062324 309
1739809267097 1.8312794817521194 310
1739809267113 1.8754037755076072 311
1739809267128 1.6192705432241217 312
1739809267143 1.7609847276225232 313
1739809267159 1.9167750953416085 314
1739809267164 1.750642171575881 315
1739809267186 1.6656179860285591 316
1739809267191 1.784331969566665 317
1739809267216 1.7634044341374253 318
1739809267225 1.5761312630298308 319
1739809267245 1.8401169993014894 320
1739809267254 1.5851566654526155 321
1739809267272 1.8341785390116314 322
1739809267286 1.6844543055065437 323
1739809267302 1.8359777192362032 324
1739809267318 1.824412419112952 325
1739809267336 1.5739298549054785 326
1739809267350 1.6238495377230746 327
1739809267365 1.7315273689537538 328
1739809267381 1.5358552429903427 329
1739809267397 1.4566113345476877 330
1739809267413 1.5961092453173624 331
1739809267424 1.621856200161565 332
1739809267432 1.4730625020581514 333
1739809267445 1.524460942974402 334
1739809267463 1.8665899078632615 335
1739809267484 1.4284033339013307 336
1739809267493 1.5900451426095075 337
1739809267511 1.484509738305869 338
1739809267557 1.4677605996608711 339
1739809267580 1.8718650711628118 340
1739809267588 1.7840962171829204 341
1739809267612 1.5883817795048176 342
1739809267620 1.7476295750567747 343
1739809267636 1.7678894498913156 344
1739809267652 1.5975354563256352 345
1739809267668 1.6817018131407597 346
1739809267684 1.6143632587313785 347
1739809267700 1.7957682582262933 348
1739809267716 1.7792349174530189 349
1739809267732 1.474983817315117 350
1739809267747 1.543097761417376 351
1739809267763 1.9885417936716603 352
1739809267779 1.600027939103066 353
1739809267790 1.6486176964251373 354
1739809267799 1.50756998379086 355
1739809267820 1.776335555976642 356
1739809267829 1.543031666381285 357
1739809267850 1.6556257624187778 358
1739809267858 1.8453208337260933 359
1739809267881 1.5713798133218457 360
1739809267890 1.5160351003695494 361
1739809267910 1.739273003293972 362
1739809267921 1.6308610413290932 363
1739809267940 1.2677868241523524 364
1739809267953 1.6230384414862489 365
1739809267971 1.6222561615052609 366
1739809267985 1.5747857560115615 367
1739809268001 1.6780507924666714 368
1739809268017 1.329138989008341 369
1739809268029 1.9419038292251503 370
1739809268037 1.5195261448573323 371
1739809268059 1.5896285524920388 372
1739809268068 1.6917596833601163 373
1739809268080 1.5945813245992415 374
1739809268098 1.6496848818806613 375
1739809268119 1.36953671600028 376
1739809268128 1.4794474782818237 377
1739809268149 1.5941432143505545 378
1739809268160 1.5520015510593135 379
1739809268179 1.765219643716944 380
1739809268192 1.4797990996219552 381
1739809268209 1.4340191672368627 382
1739809268223 1.7397646366960042 383
1739809268239 1.3434262860258308 384
1739809268255 1.550157728394007 385
1739809268271 1.4737207424646428 386
1739809268276 1.5268711555177004 387
1739809268299 1.520683401414376 388
1739809268303 1.5403171608257384 389
1739809268328 1.4268965246661574 390
1739809268340 1.6000579501105394 391
1739809268358 1.5786406509651052 392
1739809268366 1.4553919160338853 393
1739809268382 1.5755300061601645 394
1739809268406 1.3901089828396953 395
1739809268419 1.793982369924848 396
1739809268430 1.6505810213000645 397
1739809268446 1.5023291825264373 398
1739809268462 1.8191170934765928 399
1739809268478 1.4589565631826849 400
1739809268494 1.4257282328227903 401
1739809268510 1.5576425832063001 402
1739809268526 1.5262249961218826 403
1739809268542 1.4939016687673872 404
1739809268547 1.3245065638398978 405
1739809268568 1.6848606826960857 406
1739809268577 1.508315174809213 407
1739809268598 1.4844458944310206 408
1739809268607 1.6257064488217996 409
1739809268628 1.4104999949121957 410
1739809268637 1.4655636673625414 411
1739809268659 1.7637075010728263 412
1739809268668 1.6550483491588097 413
1739809268684 1.512400098242051 414
1739809268700 1.3178797539802187 415
1739809268719 1.6950172459019577 416
1739809268732 1.731996715342661 417
1739809268748 1.541598941725564 418
1739809268764 1.4351506772774092 419
1739809268780 1.5216266875295117 420
1739809268795 1.5403263778712957 421
1739809268811 1.6231814175707446 422
1739809268816 1.445917050627061 423
1739809268827 1.3418469786188525 424
1739809268846 1.3341381088249384 425
1739809268868 1.6736980584005796 426
1739809268875 1.6074544480480282 427
1739809268897 1.5622733196745064 428
1739809268907 1.5091992013359745 429
1739809268927 1.4254700661209505 430
1739809268939 1.7044238149462816 431
1739809268955 1.4748986370725183 432
1739809268971 1.6141225678776066 433
1739809268987 1.5736657075836868 434
1739809269003 1.1965828362273816 435
1739809269015 1.518020899210164 436
1739809269023 1.434715537993512 437
1739809269044 1.7876860633632856 438
1739809269053 1.458250408209941 439
1739809269074 1.5718348323533533 440
1739809269082 1.5647860461543437 441
1739809269103 1.5348736741197158 442
1739809269114 1.5075961990747306 443
1739809269133 1.5143189990806523 444
1739809269149 1.5616518258930596 445
1739809269165 1.399401210115017 446
1739809269180 1.4501909392818542 447
1739809269193 1.475162425892451 448
1739809269208 1.5869666745830324 449
1739809269224 1.5250112488932037 450
1739809269239 1.5928349221003477 451
1739809269251 1.5758774182705992 452
1739809269260 1.2793775660212159 453
1739809269282 1.3947523227084992 454
1739809269291 1.4898833317199298 455
1739809269312 1.448644783176208 456
1739809269320 1.7216946276589655 457
1739809269340 1.5825233150734948 458
1739809269351 1.4039129034662547 459
1739809269367 1.746162635142898 460
1739809269383 1.4550898869936135 461
1739809269399 1.7517017031919906 462
1739809269415 1.4893840090872845 463
1739809269431 1.3324686018527019 464
1739809269447 1.3180002787802427 465
1739809269462 1.6741471040259073 466
1739809269467 1.7065010157610534 467
1739809269488 1.6112583623912353 468
1739809269496 1.5442909440336714 469
1739809269519 1.6048496735111164 470
1739809269525 1.5238384469579571 471
1739809269550 1.439743897878049 472
1739809269559 1.5289497416950186 473
1739809269580 1.4753597076930176 474
1739809269598 1.5143719780093925 475
1739809269611 1.7981888707347276 476
1739809269620 1.4105072722968515 477
1739809269640 1.5110359225112264 478
1739809269652 1.5578563462423958 479
1739809269670 1.4216704698109124 480
1739809269684 1.5480701328739646 481
1739809269700 1.4484520708956985 482
1739809269716 1.5333151319013378 483
1739809269731 1.5308891722589981 484
1739809269747 1.589832555543199 485
1739809269759 1.3736581219690946 486
1739809269768 1.6573889979938248 487
1739809269779 1.6784409390131914 488
1739809269798 1.5429416338244628 489
1739809269819 1.3443841532826561 490
1739809269843 1.4572383787379053 491
1739809269859 1.575782724949966 492
1739809269864 1.4929463676971833 493
1739809269885 1.6209141576565933 494
1739809269891 1.4921707303541638 495
1739809269914 1.5922092846362603 496
1739809269923 1.2816129079302943 497
1739809269941 1.603782878049249 498
1739809269955 1.674760114298895 499
