1739808878350 169.42810631986353 0
1739808878363 169.36045744497798 1
1739808878379 169.29283696435294 2
1739808878397 169.22524486579724 3
1739808878410 169.15768113712505 4
1739808878426 169.09014576615579 5
1739808878442 169.02263874071423 6
1739808878458 168.9551600486304 7
1739808878474 168.88770967773968 8
1739808878489 168.82028761588265 9
1739808878503 168.75289385090514 10
1739808878519 168.68552837065843 11
1739808878533 168.61819116299893 12
1739808878547 168.5508822157883 13
1739808878551 168.48360151689366 14
1739808878572 168.41634905418726 15
1739808878583 168.34912481554665 16
1739808878599 168.2819287888546 17
1739808878615 168.21476096199925 18
1739808878627 168.14762132287387 19
1739808878631 168.08050985937712 20
1739808878647 168.01342655941286 21
1739808878662 167.9463714108902 22
1739808878681 167.87934440172347 23
1739808878694 167.81234551983235 24
1739808878710 167.7453747531417 25
1739808878710 167.67843208958163 26
1739808878735 167.6115175170875 27
1739808878742 167.5446310235999 28
1739808878763 167.47777259706467 29
1739808878773 167.41094222543293 30
1739808878789 167.34413989666098 31
1739808878805 167.27736559871033 32
1739808878816 167.21061931954787 33
1739808878820 167.14390104714548 34
1739808878844 167.07721076948042 35
1739808878852 167.0105484745352 36
1739808878873 166.94391415029745 37
1739808878884 166.8773077847601 38
1739808878900 166.81072936592128 39
1739808878916 166.74417888178425 40
1739808878928 166.67765632035764 41
1739808878932 166.61116166965513 42
1739808878954 166.54469491769572 43
1739808878963 166.47825605250358 44
1739808878980 166.41184506210803 45
1739808878996 166.34546193454372 46
1739808879012 166.27910665785032 47
1739808879012 166.21277922007286 48
1739808879043 166.1464796092615 49
1739808879043 166.0802078134716 50
1739808879069 166.01396382076362 51
1739808879075 165.94774761920334 52
1739808879097 165.8815591968617 53
1739808879107 165.81539854181477 54
1739808879122 165.7492656421438 55
1739808879139 165.68316048593528 56
1739808879151 165.61708306128082 57
1739808879154 165.55103335627726 58
1739808879179 165.48501135902652 59
1739808879186 165.4190170576358 60
1739808879206 165.35305044021734 61
1739808879221 165.2871114948887 62
1739808879234 165.2212002097725 63
1739808879250 165.15531657299644 64
1739808879262 165.0894605726936 65
1739808879266 165.023632197002 66
1739808879288 164.95783143406499 67
1739808879297 164.89205827203094 68
1739808879315 164.82631269905337 69
1739808879329 164.76059470329108 70
1739808879341 164.6949042729079 71
1739808879345 164.62924139607279 72
1739808879368 164.5636060609599 73
1739808879377 164.49799825574857 74
1739808879396 164.4324179686231 75
1739808879408 164.36686518777316 76
1739808879424 164.3013399013933 77
1739808879424 164.23584209768342 78
1739808879451 164.17037176484843 79
1739808879457 164.10492889109835 80
1739808879478 164.0395134646484 81
1739808879489 163.9741254737188 82
1739808879507 163.90876490653503 83
1739808879521 163.8434317513276 84
1739808879536 163.7781259963322 85
1739808879536 163.7128476297895 86
1739808879565 163.64759663994542 87
1739808879568 163.58237301505093 88
1739808879593 163.51717674336203 89
1739808879600 163.45200781314 90
1739808879623 163.386866212651 91
1739808879632 163.32175193016647 92
1739808879650 163.2566649539629 93
1739808879664 163.19160527232174 94
1739808879676 163.12657287352977 95
1739808879680 163.06156774587865 96
1739808879698 162.99658987766523 97
1739808879712 162.9316392571914 98
1739808879731 162.86671587276413 99
1739808879744 162.80181971269553 100
1739808879760 162.7369507653027 101
1739808879760 162.67210901890795 102
1739808879780 162.60729446183853 103
1739808879792 162.54250708242677 104
1739808879814 162.4777468690101 105
1739808879824 162.41301380993107 106
1739808879842 162.34830789353722 107
1739808879855 162.28362910818117 108
1739808879867 162.21897744222065 109
1739808879871 162.1543528840183 110
1739808879894 162.08975542194202 111
1739808879905 162.0251850443646 112
1739808879924 161.960641739664 113
1739808879940 161.8961254962231 114
1739808879955 161.83163630242993 115
1739808879966 161.76717414667758 116
1739808879979 161.702739017364 117
1739808879982 161.63833090289242 118
1739808880005 161.57394979167103 119
1739808880015 161.50959567211294 120
1739808880030 161.44526853263636 121
1739808880046 161.38096836166463 122
1739808880059 161.31669514762604 123
1739808880062 161.25244887895386 124
1739808880087 161.1882295440864 125
1739808880094 161.1240371314671 126
1739808880114 161.0598716295443 127
1739808880126 160.99573302677138 128
1739808880141 160.9316213116068 129
1739808880157 160.86753647251393 130
1739808880163 160.80347849796124 131
1739808880173 160.7394473764222 132
1739808880198 160.67544309637523 133
1739808880204 160.61146564630383 134
1739808880225 160.5475150146964 135
1739808880236 160.48359119004644 136
1739808880252 160.41969416085243 137
1739808880269 160.35582391561778 138
1739808880281 160.29198044285093 139
1739808880284 160.2281637310654 140
1739808880308 160.16437376877957 141
1739808880317 160.1006105445168 142
1739808880335 160.03687404680562 143
1739808880348 159.9731642641793 144
1739808880361 159.90948118517628 145
1739808880364 159.84582479833986 146
1739808880383 159.7821950922184 147
1739808880396 159.71859205536512 148
1739808880414 159.65501567633834 149
1739808880428 159.5914659437013 150
1739808880444 159.52794284602226 151
1739808880460 159.46444637187426 152
1739808880470 159.40097650983552 153
1739808880475 159.33753324848908 154
1739808880505 159.27411657642307 155
1739808880508 159.21072648223043 156
1739808880526 159.1473629545091 157
1739808880540 159.08402598186208 158
1739808880557 159.02071555289717 159
1739808880574 158.95743165622724 160
1739808880587 158.89417428047 161
1739808880603 158.8309434142482 162
1739808880611 158.76773904618943 163
1739808880619 158.70456116492628 164
1739808880635 158.64140975909632 165
1739808880654 158.57828481734197 166
1739808880669 158.51518632831062 167
1739808880682 158.45211428065463 168
1739808880701 158.38906866303117 169
1739808880713 158.3260494641025 170
1739808880729 158.2630566725357 171
1739808880729 158.20009027700274 172
1739808880754 158.13715026618058 173
1739808880761 158.07423662875112 174
1739808880780 158.0113493534011 175
1739808880793 157.94848842882223 176
1739808880809 157.88565384371108 177
1739808880809 157.8228455867692 178
1739808880836 157.76006364670295 179
1739808880841 157.69730801222377 180
1739808880863 157.63457867204772 181
1739808880872 157.57187561489604 182
1739808880888 157.5091988294947 183
1739808880904 157.44654830457463 184
1739808880920 157.3839240288717 185
1739808880920 157.32132599112654 186
1739808880946 157.2587541800848 187
1739808880952 157.19620858449693 188
1739808880974 157.1336891931183 189
1739808880983 157.07119599470917 190
1739808880999 157.00872897803472 191
1739808881015 156.94628813186492 192
1739808881031 156.8838734449746 193
1739808881031 156.82148490614364 194
1739808881059 156.7591225041566 195
1739808881063 156.69678622780305 196
1739808881084 156.63447606587735 197
1739808881095 156.57219200717873 198
1739808881113 156.50993404051124 199
1739808881127 156.44770215468392 200
1739808881142 156.38549633851068 201
1739808881142 156.3233165808101 202
1739808881168 156.2611628704057 203
1739808881174 156.19903519612598 204
1739808881194 156.13693354680413 205
1739808881206 156.07485791127823 206
1739808881222 156.0128082783913 207
1739808881222 155.9507846369911 208
1739808881249 155.88878697593026 209
1739808881254 155.82681528406624 210
1739808881276 155.76486955026135 211
1739808881285 155.7029497633828 212
1739808881301 155.64105591230256 213
1739808881317 155.57918798589742 214
1739808881331 155.51734597304906 215
1739808881338 155.45552986264394 216
1739808881360 155.39373964357335 217
1739808881365 155.3319753047335 218
1739808881381 155.27023683502526 219
1739808881403 155.20852422335443 220
1739808881415 155.14683745863155 221
1739808881428 155.08517652977213 222
1739808881436 155.0235414256963 223
1739808881445 154.96193213532914 224
1739808881463 154.90034864760045 225
1739808881476 154.83879095144493 226
1739808881493 154.77725903580196 227
1739808881509 154.71575288961583 228
1739808881524 154.65427250183566 229
1739808881524 154.59281786141523 230
1739808881545 154.53138895731317 231
1739808881561 154.469985778493 232
1739808881579 154.40860831392294 233
1739808881589 154.347256552576 234
1739808881607 154.28593048342998 235
1739808881621 154.22463009546752 236
1739808881637 154.163355377676 237
1739808881637 154.10210631904758 238
1739808881662 154.04088290857922 239
1739808881669 153.97968513527266 240
1739808881690 153.9185129881344 241
1739808881701 153.85736645617575 242
1739808881719 153.79624552841267 243
1739808881733 153.73515019386605 244
1739808881745 153.6740804415615 245
1739808881754 153.6130362605293 246
1739808881775 153.55201763980457 247
1739808881781 153.49102456842724 248
1739808881803 153.43005703544196 249
1739808881813 153.36911502989807 250
1739808881830 153.30819854084973 251
1739808881844 153.2473075573559 252
1739808881857 153.18644206848015 253
1739808881860 153.12560206329093 254
1739808881883 153.06478753086137 255
1739808881892 153.00399846026937 256
1739808881910 152.94323484059754 257
1739808881923 152.8824966609333 258
1739808881939 152.82178391036877 259
1739808881939 152.76109657800077 260
1739808881965 152.70043465293088 261
1739808881971 152.63979812426544 262
1739808881992 152.57918698111547 263
1739808882002 152.5186012125968 264
1739808882020 152.4580408078299 265
1739808882034 152.39750575594 266
1739808882047 152.336996046057 267
1739808882050 152.27651166731562 268
1739808882073 152.21605260885525 269
1739808882081 152.15561885981995 270
1739808882098 152.09521040935863 271
1739808882117 152.0348272466247 272
1739808882131 151.97446936077642 273
1739808882144 151.91413674097683 274
1739808882160 151.85382937639343 275
1739808882160 151.7935472561987 276
1739808882187 151.73329036956963 277
1739808882193 151.673058705688 278
1739808882214 151.61285225374024 279
1739808882223 151.5526710029175 280
1739808882241 151.49251494241557 281
1739808882256 151.4323840614351 282
1739808882268 151.3722783491812 283
1739808882271 151.31219779486383 284
1739808882294 151.25214238769755 285
1739808882302 151.19211211690168 286
1739808882322 151.13210697170013 287
1739808882334 151.0721269413215 288
1739808882350 151.01217201499924 289
1739808882350 150.95224218197114 290
1739808882376 150.89233743147997 291
1739808882381 150.83245775277305 292
1739808882403 150.77260313510243 293
1739808882413 150.7127735677246 294
1739808882431 150.65296903990108 295
1739808882445 150.59318954089778 296
1739808882460 150.5334350599853 297
1739808882460 150.47370558643902 298
1739808882486 150.41400110953884 299
1739808882492 150.35432161856946 300
1739808882514 150.29466710282006 301
1739808882524 150.2350375515847 302
1739808882540 150.17543295416175 303
1739808882556 150.11585329985456 304
1739808882568 150.056298577971 305
1739808882571 149.99676877782352 306
1739808882596 149.93726388872926 307
1739808882603 149.87778390001003 308
1739808882624 149.8183288009922 309
1739808882637 149.75889858100692 310
1739808882651 149.69949322938976 311
1739808882667 149.64011273548104 312
1739808882683 149.58075708862575 313
1739808882683 149.52142627817344 314
1739808882708 149.4621202934783 315
1739808882715 149.40283912389916 316
1739808882736 149.3435827587994 317
1739808882747 149.28435118754714 318
1739808882763 149.225144399515 319
1739808882779 149.1659623840802 320
1739808882791 149.10680513062474 321
1739808882795 149.04767262853508 322
1739808882819 148.98856486720229 323
1739808882827 148.92948183602212 324
1739808882846 148.87042352439488 325
1739808882859 148.81138992172544 326
1739808882875 148.7523810174234 327
1739808882875 148.69339680090286 328
1739808882901 148.63443726158246 329
1739808882906 148.57550238888564 330
1739808882928 148.51659217224014 331
1739808882938 148.4577066010785 332
1739808882957 148.3988456648379 333
1739808882973 148.34000935295987 334
1739808882986 148.2811976548907 335
1739808883001 148.22241056008122 336
1739808883014 148.1636480579868 337
1739808883017 148.10491013806745 338
1739808883040 148.04619678978773 339
1739808883049 147.98750800261678 340
1739808883070 147.92884376602828 341
1739808883081 147.87020406950055 342
1739808883096 147.81158890251635 343
1739808883112 147.75299825456312 344
1739808883124 147.69443211513286 345
1739808883128 147.6358904737221 346
1739808883151 147.57737331983188 347
1739808883160 147.51888064296787 348
1739808883180 147.4604124326403 349
1739808883192 147.40196867836394 350
1739808883208 147.34354936965804 351
1739808883208 147.28515449604646 352
1739808883234 147.22678404705763 353
1739808883239 147.16843801222453 354
1739808883260 147.11011638108465 355
1739808883271 147.05181914317998 356
1739808883287 146.99354628805716 357
1739808883303 146.93529780526725 358
1739808883315 146.87707368436597 359
1739808883319 146.8188739149134 360
1739808883341 146.76069848647435 361
1739808883350 146.702547388618 362
1739808883366 146.64442061091825 363
1739808883382 146.5863181429532 364
1739808883398 146.5282399743058 365
1739808883398 146.47018609456345 366
1739808883424 146.41215649331787 367
1739808883430 146.35415116016554 368
1739808883454 146.29617008470734 369
1739808883462 146.23821325654868 370
1739808883481 146.1802806652995 371
1739808883494 146.12237230057423 372
1739808883508 146.0644881519918 373
1739808883510 146.0066282091757 374
1739808883535 145.9487924617538 375
1739808883542 145.89098089935862 376
1739808883562 145.83319351162717 377
1739808883575 145.7754302882008 378
1739808883590 145.7176912187255 379
1739808883590 145.65997629285172 380
1739808883616 145.60228550023444 381
1739808883622 145.54461883053298 382
1739808883643 145.48697627341141 383
1739808883657 145.429357818538 384
1739808883670 145.37176345558572 385
1739808883686 145.31419317423192 386
1739808883700 145.2566469641584 387
1739808883701 145.19912481505156 388
1739808883726 145.14162671660213 389
1739808883734 145.0841526585055 390
1739808883749 145.02670263046133 391
1739808883765 144.9692766221739 392
1739808883781 144.91187462335188 393
1739808883797 144.8544966237084 394
1739808883809 144.79714261296118 395
1739808883812 144.73981258083225 396
1739808883836 144.68250651704813 397
1739808883845 144.62522441133984 398
1739808883860 144.56796625344293 399
1739808883876 144.51073203309724 400
1739808883892 144.4535217400471 401
1739808883892 144.39633536404145 402
1739808883919 144.33917289483352 403
1739808883924 144.28203432218103 404
1739808883947 144.22491963584613 405
1739808883955 144.16782882559548 406
1739808883975 144.11076188120006 407
1739808883987 144.05371879243543 408
1739808884003 143.99669954908148 409
1739808884003 143.9397041409226 410
1739808884030 143.8827325577476 411
1739808884035 143.8257847893497 412
1739808884056 143.76886082552653 413
1739808884067 143.71196065608024 414
1739808884085 143.65508427081735 415
1739808884099 143.5982316595487 416
1739808884112 143.54140281208979 417
1739808884115 143.4845977182603 418
1739808884140 143.42781636788447 419
1739808884147 143.37105875079092 420
1739808884168 143.31432485681265 421
1739808884179 143.2576146757872 422
1739808884195 143.20092819755632 423
1739808884210 143.14426541196633 424
1739808884216 143.08762630886787 425
1739808884226 143.0310108781161 426
1739808884250 142.97441910957033 427
1739808884258 142.91785099309462 428
1739808884278 142.86130651855717 429
1739808884290 142.80478567583063 430
1739808884306 142.74828845479217 431
1739808884322 142.69181484532314 432
1739808884335 142.63536483730945 433
1739808884343 142.57893842064138 434
1739808884360 142.52253558521352 435
1739808884369 142.46615632092485 436
1739808884389 142.40980061767888 437
1739808884401 142.35346846538334 438
1739808884417 142.29715985395038 439
1739808884417 142.24087477329653 440
1739808884445 142.18461321334274 441
1739808884449 142.12837516401433 442
1739808884465 142.0721606152409 443
1739808884486 142.01596955695655 444
1739808884501 141.95980197909967 445
1739808884513 141.903657871613 446
1739808884529 141.84753722444373 447
1739808884544 141.7914400275433 448
1739808884556 141.73536627086756 449
1739808884561 141.67931594437684 450
1739808884582 141.62328903803558 451
1739808884592 141.5672855418128 452
1739808884608 141.5113054456817 453
1739808884624 141.45534873961998 454
1739808884637 141.39941541360963 455
1739808884640 141.34350545763698 456
1739808884664 141.28761886169272 457
1739808884671 141.2317556157718 458
1739808884692 141.17591570987364 459
1739808884703 141.1200991340019 460
1739808884719 141.0643058781647 461
1739808884735 141.00853593237434 462
1739808884749 140.95278928664757 463
1739808884751 140.89706593100544 464
1739808884783 140.84136585547327 465
1739808884783 140.78568905008086 466
1739808884808 140.73003550486212 467
1739808884815 140.6744052098555 468
1739808884835 140.61879815510366 469
1739808884847 140.56321433065355 470
1739808884862 140.50765372655653 471
1739808884862 140.45211633286823 472
1739808884890 140.3966021396486 473
1739808884894 140.3411111369619 474
1739808884918 140.28564331487672 475
1739808884926 140.23019866346584 476
1739808884946 140.1747771728066 477
1739808884958 140.11937883298046 478
1739808884974 140.06400363407317 479
1739808884974 140.00865156617488 480
1739808885001 139.95332261937997 481
1739808885006 139.89801678378714 482
1739808885029 139.84273404949943 483
1739808885038 139.7874744066241 484
1739808885056 139.73223784527272 485
1739808885069 139.6770243555612 486
1739808885085 139.62183392760974 487
1739808885085 139.56666655154274 488
1739808885111 139.51152221748893 489
1739808885117 139.45640091558133 490
1739808885132 139.4013026359573 491
1739808885148 139.3462273687584 492
1739808885166 139.29117510413047 493
1739808885180 139.23614583222368 494
1739808885193 139.18113954319242 495
1739808885195 139.1261562271954 496
1739808885219 139.0711958743955 497
1739808885227 139.01625847496004 498
1739808885243 138.96134401906045 499
