1739809167729 122.99298862817655 0
1739809167746 92.67159860212725 1
1739809167763 68.8919584978599 2
1739809167780 52.06967421692201 3
1739809167797 41.21275009791559 4
1739809167813 31.56892746379109 5
1739809167829 24.2569819172547 6
1739809167844 18.82342247012077 7
1739809167859 14.975619996241175 8
1739809167860 12.110859731760083 9
1739809167875 9.334758363108108 10
1739809167891 8.03887864843096 11
1739809167920 6.6614036508995085 12
1739809167926 5.667803713593425 13
1739809167949 5.503700234772414 14
1739809167963 4.308395604836974 15
1739809167976 3.9659978178335615 16
1739809167992 3.2539199034573927 17
1739809168008 3.1565405938238316 18
1739809168008 2.9863891797299003 19
1739809168036 2.5633884994292173 20
1739809168052 2.662241094824807 21
1739809168067 2.283033141767853 22
1739809168081 2.1955513468213574 23
1739809168096 2.0107081601852532 24
1739809168111 1.9343535192560566 25
1739809168125 2.1679429883892807 26
1739809168140 2.053934097765348 27
1739809168155 1.9682330900816893 28
1739809168172 1.6812602169803712 29
1739809168186 1.6862705700830956 30
1739809168202 1.8839531854138427 31
1739809168218 1.538228480938091 32
1739809168230 1.6845201299827641 33
1739809168241 1.588771267603966 34
1739809168259 2.049122182596068 35
1739809168274 1.5682045144046142 36
1739809168290 1.512894685829192 37
1739809168306 1.6471053117237344 38
1739809168322 1.497918256585695 39
1739809168332 1.4814508445276786 40
1739809168349 1.6017913092327558 41
1739809168362 1.6962389662324058 42
1739809168371 1.3197672861038114 43
1739809168390 1.6448772369747489 44
1739809168408 1.3985347908940624 45
1739809168419 1.5949977903225436 46
1739809168433 1.6018654856143955 47
1739809168455 1.5890422854474062 48
1739809168471 1.458123653662481 49
1739809168480 1.6632323740917612 50
1739809168498 1.8115308882260646 51
1739809168514 1.4693854145442102 52
1739809168528 1.4541410875333753 53
1739809168538 1.4060253738164263 54
1739809168555 1.5730356507475876 55
1739809168567 1.3177631392631295 56
1739809168586 1.6293085706674504 57
1739809168595 1.3848905052920002 58
1739809168617 1.552394285831455 59
1739809168633 1.4907980204533415 60
1739809168648 1.5133434117328572 61
1739809168664 1.4534954636196538 62
1739809168678 1.4894947685792415 63
1739809168693 1.4009070801679833 64
1739809168705 1.5254363357253309 65
1739809168716 1.5502808567405224 66
1739809168734 1.3005641288164214 67
1739809168753 1.5255712650955826 68
1739809168771 1.663898503593267 69
1739809168782 1.496922979578999 70
1739809168820 1.6462936435689015 71
1739809168837 1.6054036238229192 72
1739809168849 1.4714481833587147 73
1739809168866 1.4438542108809278 74
1739809168878 1.7114903350722772 75
1739809168904 1.4297190490144618 76
1739809168916 1.5506981408214273 77
1739809168930 1.4243653352589727 78
1739809168947 1.6451379398712596 79
1739809168956 1.7023800976559218 80
1739809168976 1.6676179188652824 81
1739809168988 1.4157939331648743 82
1739809169006 1.5960898308500087 83
1739809169020 1.4811186402971885 84
1739809169035 1.345177665857797 85
1739809169051 1.6094911417117557 86
1739809169067 1.5443161063866386 87
1739809169083 1.6488899310337881 88
1739809169099 1.506715033605454 89
1739809169115 1.619881697922529 90
1739809169131 1.5807993730737673 91
1739809169145 1.7559138973735582 92
1739809169159 1.6305297412378297 93
1739809169174 1.4634136504247384 94
1739809169187 1.4664390194650572 95
1739809169205 1.367004116250144 96
1739809169219 1.4667383167023744 97
1739809169231 1.2687517234436858 98
1739809169250 1.3458270284151193 99
1739809169264 1.6411159008762528 100
1739809169281 1.2828180599978056 101
1739809169296 1.4251075143167584 102
1739809169311 1.5133949588611444 103
1739809169320 1.5194350630198132 104
