1739809797220 143.16222925016933 0
1739809797284 131.99913805381817 1
1739809797364 86.38710838306069 2
1739809797443 77.49866608587297 3
1739809797525 75.29152720801034 4
1739809797603 70.20135782876775 5
1739809797667 70.49271470564922 6
1739809797747 49.710881829883945 7
1739809797826 49.14436008323787 8
1739809797905 47.94219835178262 9
1739809797968 40.35408792418736 10
1739809798048 25.062907393571933 11
1739809798127 35.89563414667917 12
1739809798191 29.958210216001127 13
1739809798271 24.537667428453997 14
1739809798356 16.069893475954164 15
1739809798436 16.322008834891413 16
1739809798509 14.067052945591165 17
1739809798589 26.406290070726 18
1739809798668 6.073844661252215 19
1739809798748 12.136590565927408 20
1739809798828 10.667686053767822 21
1739809798891 3.9308390430691142 22
1739809798971 7.7496842697764015 23
1739809799051 6.856451353525134 24
1739809799128 5.647836932602143 25
1739809799208 7.054199037402389 26
1739809799288 7.223488520184272 27
1739809799368 2.383739002953265 28
1739809799447 4.675208623949211 29
1739809799511 8.074377058011242 30
1739809799592 2.3992414606292294 31
1739809799671 1.5669669510706743 32
1739809799752 4.0117626631421714 33
1739809799816 4.087509194134855 34
1739809799895 2.571410516428933 35
1739809799977 2.8993353028406217 36
1739809800055 0.15711238094970575 37
1739809800118 2.8224271600180475 38
1739809800198 2.071041934918975 39
1739809800277 3.1924685693890145 40
1739809800357 2.4548081918565616 41
1739809800421 1.6662783634452234 42
1739809800501 0.7433899020398731 43
1739809800583 1.4061403010730131 44
1739809800660 1.6538942082224748 45
1739809800740 3.2930955492293443 46
1739809800820 2.0540738562236496 47
1739809800883 1.79986077429753 48
1739809800963 2.221017636318574 49
1739809801043 1.5087898180173547 50
1739809801124 3.354097683247304 51
1739809801186 1.8024163108236577 52
1739809801280 3.338152167447077 53
1739809801360 2.8293821632829266 54
1739809801443 1.6862140223581128 55
1739809801519 1.3923703172412991 56
1739809801582 3.4440921471760912 57
1739809801661 2.5827322641088784 58
1739809801741 1.9020096116888885 59
1739809801820 0.14038022329067282 60
1739809801889 3.2419364854732815 61
1739809801963 2.1479688360534293 62
1739809802043 1.3119107761983588 63
1739809802107 4.311872052347153 64
1739809802187 1.579529581251655 65
1739809802266 1.7196035185491731 66
1739809802346 0.056017726183079354 67
1739809802409 2.0629251252082472 68
1739809802489 2.1938152644602855 69
1739809802569 0.4478993144248771 70
1739809802632 0.6758648144130182 71
1739809802712 0.6054605790543609 72
1739809802791 2.3216010788415775 73
1739809802871 1.5855905104668182 74
1739809802934 1.375624301767073 75
1739809803014 1.9445089028800124 76
1739809803093 0.9450474789064899 77
1739809803173 2.073268342266134 78
1739809803237 1.0846770238291958 79
1739809803316 1.6181194656505353 80
1739809803396 0.6484774452264483 81
1739809803483 1.44955886833136 82
1739809803554 1.1156229696902897 83
1739809803637 0.44792166772465614 84
1739809803712 1.0839636600109375 85
1739809803792 1.4413800193354536 86
1739809803856 1.7782224121160979 87
1739809803936 0.7679543647469345 88
1739809804015 0.4222695029656241 89
1739809804095 3.6997366733293453 90
1739809804158 0.2757111518351739 91
1739809804237 2.9582066597356658 92
1739809804316 1.412188423800691 93
1739809804379 0.09868003557745285 94
1739809804459 1.06883584749109 95
1739809804539 0.3610688150368725 96
1739809804618 2.116421321340842 97
1739809804682 1.1122554684685695 98
1739809804761 1.1209276383895568 99
1739809804845 0.8200315592619611 100
1739809804921 1.4282259542664908 101
1739809804985 0.6526877240690756 102
1739809805064 2.6771996971779806 103
1739809805143 2.0716010695031097 104
1739809805207 2.229479213813238 105
1739809805287 1.742537554131961 106
1739809805366 1.0007060094841849 107
1739809805445 0.9000585245661652 108
1739809805525 1.9662105706847213 109
1739809805604 2.3629644509580783 110
1739809805706 1.8934624848808452 111
1739809805792 2.2633962059235033 112
1739809805887 2.085927970853785 113
1739809805991 1.7545061206388715 114
1739809806077 1.4956796193069957 115
1739809806173 1.1543715582268423 116
1739809806237 1.3833637743004883 117
1739809806317 1.1936760674207072 118
1739809806396 1.4786695507978194 119
1739809806476 1.2507510992781616 120
1739809806539 1.5566260613983556 121
1739809806619 0.7627238846073215 122
1739809806699 1.8452096504983346 123
1739809806779 1.9058614598109203 124
1739809806842 0.8888705810019056 125
1739809806923 1.7414099105884515 126
1739809807002 0.7541140578502996 127
1739809807072 1.0555617041049077 128
1739809807145 1.0811436058516375 129
1739809807225 1.2457984175422034 130
1739809807305 1.08063374317624 131
1739809807369 2.21600919821587 132
1739809807448 1.5689573755983761 133
1739809807527 2.6698904321066 134
1739809807606 1.6197548639686494 135
1739809807701 1.9126070681023308 136
1739809807765 2.253570952692036 137
1739809807857 0.18628420790430392 138
1739809807938 2.0816667566783362 139
1739809808019 0.45439592192579503 140
1739809808081 0.9506222146795973 141
1739809808160 2.444445917934225 142
1739809808240 2.0974238466385327 143
1739809808319 1.2927281375921365 144
1739809808383 1.0706035281315207 145
1739809808462 1.6144289952694477 146
1739809808542 1.4547093348405813 147
1739809808606 0.7092607430829312 148
1739809808686 1.47321068472876 149
1739809808767 0.43255869029131183 150
1739809808846 0.301360335453482 151
1739809808909 0.6879977371721714 152
1739809808989 1.288669799566955 153
1739809809069 1.429249485548791 154
1739809809132 2.443445277520471 155
1739809809211 1.8058021186817301 156
1739809809290 1.4908673624798308 157
1739809809370 2.6546278031994635 158
1739809809434 1.0477596468050752 159
1739809809513 1.2352826991584451 160
1739809809577 0.9703293380015922 161
1739809809657 1.2641154771801362 162
1739809809736 2.2156241199574485 163
1739809809816 0.7676636889908415 164
1739809809879 3.0555616768799805 165
1739809809958 1.4468793962733524 166
1739809810037 2.8968870949438674 167
1739809810131 1.4160504310425983 168
1739809810195 1.7183480044829547 169
1739809810277 0.4027591961685105 170
1739809810354 1.9818039768990867 171
1739809810433 1.4082673634876894 172
1739809810497 0.8739165713745101 173
1739809810576 0.6322828285694198 174
1739809810655 1.1360899452601525 175
1739809810734 1.2209969361555957 176
1739809810798 1.9294375507479873 177
1739809810877 1.4646876451539277 178
1739809810956 0.7712748314063417 179
1739809811019 0.9115713351041571 180
1739809811099 2.228859583618883 181
1739809811178 1.9312481242816848 182
1739809811242 1.8253287280944446 183
1739809811322 0.5613299513032326 184
1739809811402 0.616289633525918 185
