1739808853171 169.4281063198635 0
1739808853187 168.75222613067237 1
1739808853203 168.07918001687943 2
1739808853219 167.40895582263587 3
1739808853235 166.7415414448594 4
1739808853251 166.07692483300363 5
1739808853266 165.41509398882857 6
1739808853282 164.75603696617256 7
1739808853299 164.0997418707242 8
1739808853299 163.44619685979646 9
1739808853314 162.7953901421009 10
1739808853330 162.14730997752332 11
1739808853346 161.50194467690017 12
1739808853362 160.85928260179622 13
1739808853377 160.21931216428274 14
1739808853394 159.58202182671715 15
1739808853410 158.9474001015234 16
1739808853410 158.31543555097335 17
1739808853425 157.68611678696888 18
1739808853441 157.0594324708254 19
1739808853458 156.43537131305598 20
1739808853478 155.81392207315656 21
1739808853489 155.19507355939191 22
1739808853505 154.57881462858288 23
1739808853521 153.96513418589424 24
1739808853537 153.35402118462375 25
1739808853553 152.74546462599167 26
1739808853569 152.139453558932 27
1739808853585 151.53597707988354 28
1739808853600 150.935024332583 29
1739808853624 150.33658450785828 30
1739808853640 149.74064684342287 31
1739808853648 149.14720062367115 32
1739808853663 148.55623517947453 33
1739808853679 147.96773988797867 34
1739808853696 147.3817041724013 35
1739808853696 146.79811750183126 36
1739808853711 146.21696939102807 37
1739808853727 145.63824940022258 38
1739808853743 145.06194713491854 39
1739808853760 144.48805224569494 40
1739808853776 143.91655442800925 41
1739808853792 143.34744342200128 42
1739808853792 142.78070901229853 43
1739808853808 142.21634102782167 44
1739808853824 141.65432934159134 45
1739808853840 141.0946638705356 46
1739808853856 140.53733457529827 47
1739808853871 139.98233146004813 48
1739808853887 139.42964457228894 49
1739808853903 138.87926400267025 50
1739808853919 138.33117988479916 51
1739808853935 137.78538239505272 52
1739808853935 137.2418617523913 53
1739808853963 136.7006082181727 54
1739808853967 136.16161209596729 55
1739808853983 135.62486373137344 56
1739808853999 135.0903535118344 57
1739808854015 134.5580718664555 58
1739808854032 134.02800926582233 59
1739808854046 133.5001562218199 60
1739808854062 132.9745032874522 61
1739808854062 132.45104105666272 62
1739808854078 131.929760164156 63
1739808854093 131.41065128521964 64
1739808854109 130.8937051355472 65
1739808854125 130.37891247106185 66
1739808854141 129.86626408774086 67
1739808854157 129.35575082144086 68
1739808854173 128.8473635477237 69
1739808854173 128.34109318168328 70
1739808854189 127.83693067777314 71
1739808854205 127.3348670296345 72
1739808854221 126.8348932699255 73
1739808854237 126.33700047015078 74
1739808854253 125.8411797404921 75
1739808854269 125.34742222963956 76
1739808854285 124.85571912462356 77
1739808854285 124.3660616506476 78
1739808854301 123.87844107092157 79
1739808854381 123.39284868649617 80
1739808854396 122.90927583609756 81
1739808854412 122.42771389596328 82
1739808854428 121.94815427967839 83
1739808854444 121.47058843801254 84
1739808854465 120.99500785875793 85
1739808854476 120.52140406656761 86
1739808854492 120.04976862279482 87
1739808854508 119.58009312533281 88
1739808854524 119.11236920845549 89
1739808854524 118.64658854265873 90
1739808854540 118.1827428345023 91
1739808854556 117.72082382645266 92
1739808854571 117.26082329672633 93
1739808854587 116.80273305913384 94
1739808854603 116.34654496292455 95
1739808854619 115.89225089263219 96
1739808854636 115.43984276792072 97
1739808854651 114.9893125434314 98
1739808854651 114.54065220862992 99
1739808854667 114.09385378765481 100
1739808854683 113.64890933916608 101
1739808854699 113.20581095619464 102
1739808854715 112.76455076599247 103
1739808854731 112.32512092988335 104
1739808854747 111.88751364311429 105
1739808854763 111.45172113470754 106
1739808854763 111.01773566731345 107
1739808854779 110.58554953706357 108
1739808854795 110.15515507342495 109
1739808854811 109.72654463905454 110
1739808854826 109.29971062965456 111
1739808854842 108.87464547382837 112
1739808854858 108.45134163293714 113
1739808854874 108.0297916009568 114
1739808854890 107.609987904336 115
1739808854890 107.19192310185448 116
1739808854906 106.77558978448204 117
1739808854922 106.3609805752383 118
1739808854939 105.94808812905286 119
1739808854955 105.53690513262627 120
1739808854970 105.12742430429145 121
1739808854986 104.71963839387581 122
1739808855002 104.3135401825639 123
1739808855002 103.90912248276084 124
1739808855018 103.50637813795602 125
1739808855034 103.10530002258778 126
1739808855050 102.70588104190836 127
1739808855065 102.30811413184962 128
1739808855081 101.91199225888933 129
1739808855097 101.517508419918 130
1739808855113 101.12465564210629 131
1739808855113 100.73342698277303 132
1739808855129 100.34381552925383 133
1739808855145 99.95581439877026 134
1739808855161 99.56941673829948 135
1739808855177 99.18461572444468 136
1739808855193 98.80140456330594 137
1739808855209 98.41977649035154 138
1739808855225 98.0397247702901 139
1739808855225 97.66124269694309 140
1739808855241 97.28432359311796 141
1739808855257 96.90896081048182 142
1739808855273 96.53514772943561 143
1739808855289 96.16287775898898 144
1739808855305 95.79214433663554 145
1739808855321 95.42294092822883 146
1739808855321 95.0552610278585 147
1739808855337 94.68909815772764 148
1739808855353 94.32444586802988 149
1739808855369 93.96129773682772 150
1739808855387 93.59964736993098 151
1739808855401 93.23948840077584 152
1739808855401 92.88081449030456 153
1739808855417 92.52361932684562 154
1739808855433 92.16789662599433 155
1739808855448 91.8136401304941 156
1739808855464 91.46084361011815 157
1739808855480 91.1095008615517 158
1739808855496 90.75960570827472 159
1739808855512 90.41115200044533 160
1739808855528 90.06413361478334 161
1739808855528 89.71854445445483 162
1739808855554 89.3743784489566 163
1739808855567 89.03162955400174 164
1739808855578 88.69029175140535 165
1739808855594 88.35035904897074 166
1739808855610 88.01182548037634 167
1739808855614 87.67468510506296 168
1739808855635 87.33893200812153 169
1739808855641 87.00456030018144 170
1739808855662 86.67156411729921 171
1739808855673 86.33993762084785 172
1739808855689 86.0096749974065 173
1739808855695 85.68077045865071 174
1739808855715 85.35321824124313 175
1739808855721 85.02701260672457 176
1739808855742 84.70214784140587 177
1739808855752 84.37861825625981 178
1739808855770 84.05641818681384 179
1739808855784 83.73554199304313 180
1739808855799 83.41598405926398 181
1739808855814 83.09773879402798 182
1739808855828 82.78080063001644 183
1739808855836 82.46516402393523 184
1739808855858 82.15082345641025 185
1739808855865 81.83777343188328 186
1739808855886 81.52600847850817 187
1739808855894 81.2155231480477 188
1739808855910 80.90631201577077 189
1739808855926 80.59836968034998 190
1739808855943 80.29169076375989 191
1739808855949 79.9862699111753 192
1739808855968 79.68210179087056 193
1739808855976 79.37918109411874 194
1739808855995 79.07750253509165 195
1739808856006 78.77706085076011 196
1739808856021 78.47785080079468 197
1739808856029 78.17986716746688 198
1739808856050 77.88310475555072 199
1739808856057 77.58755839222489 200
1739808856079 77.29322292697502 201
1739808856085 77.00009323149685 202
1739808856106 76.70816419959928 203
1739808856117 76.41743074710828 204
1739808856132 76.12788781177106 205
1739808856148 75.8395303531606 206
1739808856160 75.55235335258057 207
1739808856167 75.26635181297097 208
1739808856187 74.98152075881377 209
1739808856196 74.6978552360393 210
1739808856212 74.41535031193268 211
1739808856228 74.13400107504118 212
1739808856244 73.85380263508146 213
1739808856249 73.57475012284753 214
1739808856260 73.29683869011903 215
1739808856275 73.02006350956992 216
1739808856291 72.74441977467748 217
1739808856307 72.46990269963192 218
1739808856323 72.19650751924604 219
1739808856323 71.92422948886576 220
1739808856352 71.65306388428057 221
1739808856359 71.3830060016347 222
1739808856379 71.11405115733844 223
1739808856387 70.84619468798007 224
1739808856405 70.57943195023805 225
1739808856419 70.31375832079355 226
1739808856435 70.0491691962435 227
1739808856441 69.7856599930139 228
1739808856462 69.52322614727362 229
1739808856469 69.26186311484838 230
1739808856489 69.0015663711354 231
1739808856498 68.74233141101816 232
1739808856517 68.48415374878165 233
1739808856529 68.22702891802798 234
1739808856545 67.9709524715924 235
1739808856551 67.71591998145952 236
1739808856589 67.4619270386802 237
1739808856604 67.20896925328844 238
1739808856620 66.9570422542189 239
1739808856628 66.70614168922472 240
1739808856646 66.45626322479563 241
1739808856660 66.20740254607645 242
1739808856674 65.95955535678598 243
1739808856676 65.71271737913628 244
1739808856702 65.4668843537521 245
1739808856708 65.222052039591 246
1739808856729 64.97821621386345 247
1739808856739 64.73537267195354 248
1739808856755 64.49351722733996 249
1739808856771 64.25264571151733 250
1739808856784 64.0127539739178 251
1739808856791 63.773837881833096 252
1739808856811 63.53589332033688 253
1739808856819 63.2989161922074 254
1739808856838 63.06290241785055 255
1739808856850 62.82784793522317 256
1739808856866 62.59374869975684 257
1739808856873 62.360600684281785 258
1739808856894 62.128399878951384 259
1739808856898 61.89714229116671 260
1739808856917 61.66682394550165 261
1739808856929 61.4374408836282 262
1739808856945 61.2089891642422 263
1739808856961 60.98146486298925 264
1739808856965 60.754864072391136 265
1739808856977 60.529182901772344 266
1739808856993 60.30441747718716 267
1739808857009 60.08056394134687 268
1739808857025 59.85761845354739 269
1739808857041 59.63557718959717 270
1739808857043 59.41443634174542 271
1739808857057 59.194192118610765 272
1739808857072 58.9748407451099 273
1739808857088 58.75637846238695 274
1739808857103 58.53880152774284 275
1739808857119 58.32210621456517 276
1739808857135 58.1062888122582 277
1739808857135 57.891345626173354 278
1739808857151 57.677272977539864 279
1739808857167 57.46406720339581 280
1739808857189 57.25172465651939 281
1739808857198 57.0402417053606 282
1739808857224 56.829614733973045 283
1739808857234 56.61984014194624 284
1739808857255 56.41091434433804 285
1739808857262 56.20283377160747 286
1739808857282 55.99559486954784 287
1739808857293 55.78919409922007 288
1739808857309 55.5836279368864 289
1739808857316 55.378892873944366 290
1739808857336 55.17498541686102 291
1739808857341 54.97190208710748 292
1739808857363 54.76963942109377 293
1739808857372 54.56819397010391 294
1739808857391 54.367562300231334 295
1739808857404 54.167740992314556 296
1739808857420 53.96872664187308 297
1739808857427 53.770515859043776 298
1739808857436 53.57310526851717 299
1739808857455 53.37649150947451 300
1739808857475 53.18067123552458 301
1739808857483 52.98564111464121 302
1739808857502 52.79139782910084 303
1739808857515 52.59793807542038 304
1739808857531 52.405258564295465 305
1739808857537 52.213356020538754 306
1739808857558 52.02222718301876 307
1739808857563 51.83186880459871 308
1739808857586 51.64227765207588 309
1739808857595 51.45345050612102 310
1739808857611 51.265384161218165 311
1739808857627 51.07807542560459 312
1739808857640 50.891521121211206 313
1739808857643 50.70571808360307 314
1739808857659 50.52066316192012 315
1739808857675 50.336353218818374 316
1739808857696 50.15278513041113 317
1739808857707 49.96995578621067 318
1739808857723 49.78786208906999 319
1739808857739 49.60650095512494 320
1739808857752 49.425869313736634 321
1739808857759 49.24596410743387 322
1739808857779 49.066782291856185 323
1739808857787 48.88832083569678 324
1739808857807 48.710576720646 325
1739808857819 48.533546941334826 326
1739808857834 48.357228505278776 327
1739808857834 48.181618432821956 328
1739808857852 48.00671375708141 329
1739808857866 47.83251152389167 330
1739808857882 47.659008791749606 331
1739808857897 47.486202631759404 332
1739808857913 47.31409012757801 333
1739808857913 47.142668375360465 334
1739808857929 46.97193448370583 335
1739808857945 46.80188557360315 336
1739808857965 46.63251877837766 337
1739808857982 46.46383124363732 338
1739808857999 46.2958201272195 339
1739808858014 46.128482599137925 340
1739808858024 45.96181584152985 341
1739808858040 45.79581704860348 342
1739808858056 45.630483426585606 343
1739808858056 45.46581219366944 344
1739808858072 45.30180057996275 345
1739808858095 45.138445827436165 346
1739808858108 44.975745189871695 347
1739808858122 44.81369593281156 348
1739808858136 44.652295333507126 349
1739808858151 44.49154068086814 350
1739808858153 44.3314292754122 351
1739808858173 44.17195842921435 352
1739808858183 44.013125465857016 353
1739808858199 43.85492772038007 354
1739808858215 43.69736253923118 355
1739808858231 43.54042728021631 356
1739808858247 43.384119312450466 357
1739808858247 43.228436016308706 358
1739808858263 43.07337478337723 359
1739808858279 42.918933016404864 360
1739808858295 42.765108129254635 361
1739808858311 42.61189754685554 362
1739808858326 42.45929870515461 363
1739808858326 42.30730905106915 364
1739808858342 42.15592604243915 365
1739808858358 42.00514714797998 366
1739808858374 41.8549698472352 367
1739808858394 41.70539163052962 368
1739808858406 41.55640999892264 369
1739808858406 41.408022464161625 370
1739808858423 41.26022654863565 371
1739808858437 41.11301978532934 372
1739808858460 40.96639971777695 373
1739808858469 40.82036390001666 374
1739808858487 40.674909896545046 375
1739808858501 40.53003528227174 376
1739808858516 40.385737642474325 377
1739808858522 40.24201457275343 378
1739808858542 40.09886367898789 379
1739808858557 39.956282577290324 380
1739808858579 39.81426889396278 381
1739808858579 39.672820265452536 382
1739808858595 39.53193433830812 383
1739808858611 39.391608769135644 384
1739808858631 39.25184122455514 385
1739808858647 39.11262938115723 386
1739808858659 38.97397092545988 387
1739808858659 38.835863553865444 388
1739808858675 38.698304972617834 389
1739808858691 38.56129289775985 390
1739808858707 38.42482505509078 391
1739808858723 38.28889918012409 392
1739808858739 38.153513018045416 393
1739808858755 38.01866432367062 394
1739808858771 37.8843508614041 395
1739808858771 37.750570405197216 396
1739808858796 37.617320738507026 397
1739808858803 37.48459965425504 398
1739808858823 37.352404954786316 399
1739808858834 37.22073445182853 400
1739808858851 37.08958596645147 401
1739808858856 36.95895732902653 402
1739808858876 36.828846379186416 403
1739808858882 36.699250965785076 404
1739808858903 36.57016894685777 405
1739808858914 36.44159818958127 406
1739808858930 36.31353657023438 407
1739808858937 36.18598197415842 408
1739808858958 36.058932295718066 409
1739808858962 35.9323854382623 410
1739808858986 35.80633931408541 411
1739808858995 35.6807918443884 412
1739808859013 35.555740959240346 413
1739808859026 35.43118459754003 414
1739808859042 35.30712070697779 415
1739808859047 35.18354724399736 416
1739808859067 35.06046217375803 417
1739808859080 34.937863470096964 418
1739808859096 34.815749115491585 419
1739808859106 34.69411710102221 420
1739808859122 34.57296542633484 421
1739808859128 34.452292099604044 422
1739808859137 34.33209513749612 423
1739808859164 34.21237256513226 424
1739808859177 34.09312241605207 425
1739808859185 33.974342732177064 426
1739808859204 33.856031563774444 427
1739808859217 33.738186969420966 428
1739808859233 33.62080701596702 429
1739808859238 33.50388977850078 430
1739808859259 33.38743334031263 431
1739808859265 33.271435792859684 432
1739808859287 33.155895235730384 433
1739808859296 33.04080977660939 434
1739808859312 32.926177531242566 435
1739808859328 32.811996623402074 436
1739808859341 32.69826518485167 437
1739808859348 32.58498135531216 438
1739808859368 32.47214328242696 439
1739808859375 32.35974912172786 440
1739808859395 32.2477970366009 441
1739808859407 32.136285198252395 442
1739808859423 32.02521178567511 443
1739808859429 31.91457498561463 444
1739808859439 31.804372992535807 445
1739808859455 31.694604008589398 446
1739808859475 31.58526624357879 447
1739808859486 31.47635791492698 448
1739808859504 31.367877247643595 449
1739808859518 31.2598224742921 450
1739808859533 31.152191834957147 451
1739808859539 31.044983577212044 452
1739808859559 30.93819595608641 453
1739808859565 30.831827234033927 454
1739808859587 30.725875680900252 455
1739808859597 30.62033957389108 456
1739808859613 30.515217197540306 457
1739808859629 30.410506843678398 458
1739808859645 30.306206811400802 459
1739808859645 30.202315407036586 460
1739808859670 30.098830944117193 461
1739808859677 29.99575174334528 462
1739808859698 29.89307613256373 463
1739808859708 29.79080244672484 464
1739808859724 29.68892902785958 465
1739808859740 29.587454225046987 466
1739808859753 29.486376394383722 467
1739808859759 29.385693898953804 468
1739808859779 29.28540510879834 469
1739808859788 29.185508400885528 470
1739808859806 29.08600215908071 471
1739808859820 28.986884774116582 472
1739808859833 28.888154643563553 473
1739808859839 28.789810171800145 474
1739808859859 28.691849769983655 475
1739808859868 28.594271856020857 476
1739808859886 28.497074854538845 477
1739808859899 28.400257196856 478
1739808859913 28.30381732095311 479
1739808859920 28.207753671444593 480
1739808859940 28.112064699549858 481
1739808859952 28.016748863064763 482
1739808859972 27.921804626333227 483
1739808859978 27.82723046021899 484
1739808860000 27.733024842077402 485
1739808860010 27.639186255727452 486
1739808860026 27.545713191423832 487
1739808860034 27.45260414582916 488
1739808860054 27.359857621986308 489
1739808860060 27.26747212929088 490
1739808860081 27.175446183463777 491
1739808860089 27.083778306523897 492
1739808860105 26.992467026760938 493
1739808860121 26.901510878708372 494
1739808860137 26.810908403116436 495
1739808860142 26.720658146925363 496
1739808860153 26.630758663238623 497
1739808860177 26.541208511296347 498
1739808860193 26.45200625644885 499
