1739809651645 1.3280257512997162 0
1739809651735 1.8433813255521796 1
1739809651820 1.9406013722985742 2
1739809651900 1.815637021857032 3
1739809651980 1.4102240398377874 4
1739809652062 1.7778703770420838 5
1739809652139 0.8017533334836352 6
1739809652220 1.342518092434737 7
1739809652298 0.4361478807716272 8
1739809652377 1.9588581643792893 9
1739809652459 3.6202853725615736 10
1739809652537 1.141989356096522 11
1739809652601 0.3485168087922759 12
1739809652681 1.219180763425222 13
1739809652745 1.4518592939990382 14
1739809652824 0.8097677552718321 15
1739809652904 0.3250853919745639 16
1739809652984 0.916221418564369 17
1739809653064 1.13326804149031 18
1739809653145 2.4377949801234307 19
1739809653209 1.7016846171033295 20
1739809653289 3.7959221193500334 21
1739809653370 0.8103770729925197 22
1739809653448 1.1631504867479114 23
1739809653513 1.0539774003966893 24
1739809653593 0.5962735253098789 25
1739809653672 1.3104862617150452 26
1739809653736 1.5115806321229828 27
1739809653816 1.747445972932646 28
1739809653881 2.4625176147550536 29
1739809653961 1.6649000768431879 30
1739809654040 0.6686602622034763 31
1739809654119 1.7741751078275774 32
1739809654185 0.26498091319473566 33
1739809654265 2.4796395776574105 34
1739809654347 1.7292302812691591 35
1739809654423 4.457296673472615 36
1739809654505 1.9474822830277296 37
1739809654585 2.2447729995355674 38
1739809654649 0.8288244474130514 39
1739809654728 0.04205732089360822 40
1739809654809 0.627509347549265 41
1739809654889 3.782260454876005 42
1739809654953 2.3701435129798387 43
1739809655033 1.7845858035306768 44
1739809655114 2.35528519867466 45
1739809655178 0.607234860238367 46
1739809655259 2.0797139733490893 47
1739809655338 2.076040146432705 48
1739809655402 2.981925535340713 49
1739809655483 1.0146691520257678 50
1739809655548 1.3760812462055325 51
1739809655628 2.499967823795224 52
1739809655709 0.9964185584438654 53
1739809655772 2.4615183726519927 54
1739809655852 0.7687487016809602 55
1739809655932 0.6320609816646635 56
1739809655996 0.7660845536048592 57
1739809656076 2.1304789938546937 58
1739809656156 1.662969244050109 59
1739809656236 2.7696814343532385 60
1739809656300 0.8837041392297894 61
1739809656380 2.2358316039247588 62
1739809656444 0.9511274800307176 63
1739809656524 0.8473399072608196 64
1739809656609 0.8617560488707025 65
1739809656683 1.674393798785026 66
1739809656762 1.7318065585811977 67
1739809656841 1.7978850681573224 68
1739809656921 2.0098600393235353 69
1739809656985 1.4043584154965763 70
1739809657065 0.5452254886074761 71
1739809657146 3.115267287782975 72
1739809657210 3.0369542592472762 73
1739809657289 1.0044263912968692 74
1739809657370 1.3437314902344502 75
1739809657434 0.9499365162199969 76
1739809657513 1.459965771215768 77
1739809657593 1.1948416771372339 78
1739809657656 1.9432641417162873 79
1739809657737 0.3506517356054912 80
1739809657817 1.4512073904723648 81
1739809657882 1.8743010355296348 82
1739809657962 1.5144061584739448 83
1739809658027 1.1279395662316876 84
1739809658106 0.31296552689878 85
1739809658186 3.6580369919671374 86
1739809658266 2.510720135979086 87
1739809658346 2.416263583768867 88
1739809658425 0.6317571452488269 89
1739809658504 2.7448433604867573 90
1739809658584 1.7335295255149563 91
1739809658664 1.3996429219042401 92
1739809658750 2.8910541757934567 93
1739809658824 3.8540499811615385 94
1739809658908 2.8575386097475315 95
1739809658987 0.8428813044994447 96
1739809659064 0.9454767042180855 97
1739809659128 0.9879465525304911 98
1739809659207 1.0506684173092313 99
1739809659287 1.4810169235971493 100
1739809659352 2.101590916573326 101
1739809659432 1.4483421179127112 102
1739809659512 2.341656991704029 103
1739809659576 1.392354565510652 104
1739809659656 1.1017538207336401 105
1739809659719 2.1670410193095804 106
1739809659799 1.1309017696518844 107
1739809659879 0.6547812020159424 108
1739809659959 2.5414859515662207 109
1739809660022 3.3182984908410442 110
1739809660102 1.9560405240426362 111
1739809660183 1.748260788312813 112
1739809660247 2.010315287288067 113
1739809660326 2.127367557440585 114
1739809660405 1.0136515451871964 115
1739809660468 2.9533264719932544 116
1739809660550 0.9588293135950908 117
1739809660629 2.204399022153651 118
1739809660708 1.7671580525388022 119
1739809660772 2.6531726404127505 120
1739809660856 1.9861601470293666 121
1739809660932 1.2061433632018823 122
1739809661011 1.6046831274478777 123
1739809661091 1.1814822553677604 124
1739809661171 2.8242036555800287 125
1739809661238 2.9474494472379353 126
1739809661331 0.9381866385892405 127
1739809661411 0.6802986779387811 128
1739809661474 1.6939754545355412 129
1739809661554 4.7931042429892825 130
1739809661634 1.8946250713635842 131
1739809661698 1.9958224557110762 132
1739809661779 1.911738965154826 133
1739809661857 1.7263937155103957 134
1739809661921 0.6509948088394517 135
1739809662002 1.39647720923415 136
1739809662082 1.5878023006594963 137
1739809662147 1.7597573922763639 138
1739809662227 2.0188794250906814 139
1739809662305 1.0088228155255334 140
1739809662369 2.0815300300562796 141
1739809662449 1.611125599094689 142
1739809662529 1.412118188312503 143
1739809662593 1.162928705480902 144
1739809662672 0.7104754114257504 145
1739809662753 1.8266721267674855 146
1739809662817 2.20151252465377 147
1739809662900 1.9458181541327746 148
1739809662975 2.5055463327429006 149
1739809663056 1.4701074702619155 150
1739809663136 1.424660636176432 151
1739809663216 1.2561141469371693 152
1739809663301 1.189629747972019 153
1739809663377 0.9921859411269109 154
1739809663455 1.435062290293046 155
1739809663535 0.012420098755371927 156
1739809663599 1.9480042729542586 157
1739809663679 0.5816183154027508 158
1739809663758 1.6401598063043235 159
1739809663823 1.746719448613534 160
1739809663906 0.5817350451104955 161
1739809663984 1.7834399366388196 162
1739809664047 3.070219842793206 163
1739809664128 4.300094396472399 164
1739809664211 1.5377930800216153 165
1739809664271 1.7297458248554054 166
1739809664352 2.6117295200900346 167
1739809664433 0.8845188268085341 168
1739809664497 1.516980600893715 169
1739809664576 2.8855423401404603 170
1739809664655 2.5019370666927596 171
1739809664720 1.0670283115337205 172
1739809664802 1.1468440524427344 173
1739809664882 1.934897964673092 174
1739809664946 0.8844897805434415 175
1739809665026 0.5557350350208795 176
1739809665106 0.8747588190006916 177
1739809665171 1.5712301473352357 178
1739809665255 0.4687405571328825 179
1739809665340 0.9325728207360665 180
1739809665412 0.791347560057515 181
1739809665499 0.9993718877711052 182
1739809665576 0.9687107788879038 183
1739809665651 2.907160207107462 184
1739809665732 1.5345519129525687 185
1739809665796 2.2231891421632524 186
1739809665875 2.270274961943081 187
1739809665957 3.8633384453496036 188
1739809666020 3.6144073392321943 189
1739809666100 1.5270720490898544 190
1739809666181 0.9288953105273168 191
1739809666245 1.7518744451939743 192
1739809666325 0.3305016030222729 193
1739809666405 0.7774681584502094 194
1739809666469 0.5871150991859373 195
1739809666549 3.1446658231128333 196
1739809666630 1.242171912317645 197
1739809666693 1.8442953289968778 198
1739809666773 0.8296142595990477 199
1739809666853 1.9064716732498728 200
1739809666918 2.447918528167812 201
1739809666998 0.4327502108038704 202
1739809667079 2.8643075156576594 203
1739809667159 0.0015156881176166203 204
1739809667223 1.3422104215416564 205
1739809667304 0.13531965933079204 206
1739809667368 0.5155435115831728 207
1739809667449 1.5372653409040635 208
1739809667532 5.044015512138446 209
1739809667609 2.9505557662170294 210
1739809667688 0.9549647625871863 211
1739809667769 1.6604784659129344 212
1739809667834 2.940252655004193 213
1739809667914 0.8803766562543524 214
1739809667994 1.5738219236502193 215
1739809668058 1.775168307249547 216
1739809668138 0.453780495938979 217
1739809668219 0.8622657763102959 218
1739809668284 1.7490951742219176 219
1739809668364 1.1085310549583989 220
1739809668443 1.6440044664852345 221
1739809668507 1.060798376437384 222
1739809668587 2.2585198311452395 223
1739809668668 1.448471777370877 224
1739809668733 2.785939240057481 225
1739809668813 2.478731595392382 226
1739809668893 1.3909991197584655 227
1739809668957 0.44977154252116475 228
1739809669037 1.6959562836223507 229
1739809669118 0.4077306414502067 230
1739809669182 0.7561163972181832 231
1739809669263 1.7239463703047977 232
1739809669327 1.1364025511998124 233
1739809669407 1.6494598265874871 234
1739809669486 1.6537699036191729 235
1739809669550 1.9491297113647064 236
1739809669631 1.4778486803307835 237
1739809669717 2.3002916519073056 238
1739809669790 2.159820627666617 239
1739809669869 0.9133322430467853 240
1739809669948 1.5997911333412251 241
1739809670028 1.1609123783362914 242
1739809670107 2.6471703064602163 243
1739809670171 1.7581676587688637 244
1739809670252 0.986330861385251 245
1739809670316 0.019714545348993 246
1739809670396 2.014692099911705 247
1739809670476 0.7667256921596189 248
1739809670540 0.3415804221152322 249
1739809670621 1.5064799611746247 250
1739809670684 1.7713263555483876 251
1739809670764 2.0207029658647366 252
1739809670844 2.147220912869931 253
1739809670923 2.0963588342454327 254
1739809670987 1.2934081236455992 255
1739809671067 3.444806314302488 256
1739809671147 0.6277735272629291 257
1739809671210 0.7083935894443065 258
1739809671291 2.0923623307189274 259
1739809671371 1.1500166478198757 260
1739809671436 2.6964734949230755 261
1739809671517 1.0842622270491131 262
1739809671582 1.92000452815425 263
1739809671662 1.371377851757286 264
1739809671741 1.1480621364801755 265
1739809671822 0.1808141216753736 266
1739809671902 1.1689336807868167 267
1739809671965 0.9308446972316334 268
1739809672061 0.46503772850709074 269
1739809672143 2.2763729776308037 270
1739809672205 3.0187942728837363 271
1739809672286 1.7179350604572714 272
1739809672366 1.2721548088104495 273
1739809672446 1.0318220683507946 274
1739809672525 1.7071793073394934 275
1739809672610 0.5782096619004863 276
1739809672689 1.1666924216081098 277
1739809672771 1.1739239203638334 278
1739809672842 0.9838441205044235 279
1739809672922 2.251025597069901 280
1739809673003 1.5016058285680183 281
1739809673069 1.1163621713005487 282
1739809673150 0.9533631471043301 283
1739809673212 2.174575853702202 284
1739809673292 2.4711269954423125 285
1739809673372 3.113340981157624 286
1739809673436 2.6583456488093313 287
1739809673517 1.1654238665815406 288
1739809673596 2.389189509750287 289
1739809673692 0.9853745519710311 290
1739809673787 1.512171778951263 291
1739809673866 4.003123743092544 292
1739809673961 1.556874181614337 293
1739809674041 1.7987394451864094 294
1739809674136 3.2475784102538463 295
1739809674219 1.515185732006103 296
1739809674297 0.013647440573309478 297
1739809674376 2.730458415002182 298
1739809674440 0.9087298014168665 299
1739809674520 1.2870934074156657 300
1739809674601 0.8550209266926067 301
1739809674665 1.6703370942981706 302
1739809674745 1.1781673154672414 303
1739809674825 0.9132180036412659 304
1739809674889 1.759476246459665 305
1739809674969 2.0689004966545066 306
1739809675050 1.6248735413906732 307
1739809675120 2.806966410011554 308
1739809675194 0.6058382181093398 309
1739809675258 0.21039152621632595 310
1739809675338 0.7132546129692673 311
1739809675418 2.195344904525981 312
1739809675482 1.3702196834522686 313
1739809675561 0.640450066052946 314
1739809675640 1.5919507810110578 315
1739809675705 1.9597391934878448 316
1739809675786 0.7787098196327106 317
1739809675866 2.7522882248393348 318
1739809675930 1.7923009099935006 319
1739809676009 1.2765544144538745 320
1739809676090 1.4601978110800389 321
1739809676154 2.1942164991371422 322
1739809676235 1.419137819368567 323
1739809676319 0.8066194051070613 324
1739809676399 1.279375584157842 325
1739809676479 1.3555396105353812 326
1739809676553 0.13636678165249666 327
1739809676633 1.2289296028428622 328
1739809676697 1.12221848351155 329
1739809676776 1.4246276305864323 330
1739809676856 1.8622443238747826 331
1739809676920 1.0170112056640348 332
1739809677001 0.9863671779765062 333
1739809677065 1.5136096935738799 334
1739809677144 1.8220147078231035 335
1739809677224 1.2288447787142933 336
1739809677288 2.7273835607288057 337
1739809677376 1.426074277529561 338
1739809677447 0.6972925775914359 339
1739809677511 1.6932669369510938 340
1739809677591 1.5257164287398448 341
1739809677656 1.263314359451057 342
1739809677737 2.6133940990385436 343
1739809677816 2.5224379735942972 344
1739809677895 3.1477156393384127 345
1739809677959 0.9635119148024592 346
1739809678039 1.649685859738275 347
1739809678119 1.6377471913092598 348
1739809678183 1.2895515340731203 349
1739809678263 0.755546905636496 350
1739809678342 1.1289482284305756 351
1739809678406 1.4403807820340273 352
1739809678500 1.6766469367609171 353
1739809678579 0.17988527481747865 354
1739809678659 2.432903703961708 355
1739809678738 0.9517575824913486 356
1739809678814 0.5264154436168644 357
1739809678880 2.028112736251954 358
1739809678963 1.6919218667933327 359
1739809679022 0.8877751105417024 360
1739809679111 1.3562234120014405 361
1739809679186 1.3572374508831484 362
1739809679265 1.5735438461839848 363
1739809679338 1.792688065737592 364
1739809679414 1.0817197854910168 365
1739809679489 1.3569851495976701 366
1739809679560 1.0582106234173188 367
1739809679624 1.460423501638142 368
1739809679703 2.2356487202354245 369
1739809679783 0.5514846904632954 370
1739809679862 2.548743396875629 371
1739809679927 0.9163989450627134 372
1739809680008 1.7816843120022254 373
1739809680070 0.9659492095610583 374
1739809680150 1.092527344727442 375
1739809680230 2.0888076747896136 376
1739809680300 0.9736836757460411 377
1739809680374 1.0814847297850911 378
1739809680454 1.7006428024078477 379
1739809680519 1.2850157870937937 380
1739809680600 0.2332430294399291 381
1739809680682 2.4693663695205545 382
1739809680761 0.5840871862045709 383
1739809680838 1.3419235873652757 384
1739809680918 0.9035574401535688 385
1739809680983 0.8176302713841147 386
1739809681062 0.37976776568600745 387
1739809681142 0.6291308739069615 388
1739809681207 0.3717195673791735 389
1739809681287 0.958187546042313 390
1739809681367 1.2427031822294687 391
1739809681433 1.653903951037569 392
1739809681513 2.002735642101404 393
1739809681577 4.97015908913129 394
1739809681656 0.6951391715767411 395
1739809681736 1.6652464101722186 396
1739809681801 1.1432406775762312 397
1739809681880 0.9020042749465229 398
1739809681959 1.8305302847076792 399
1739809682024 2.751345012572963 400
1739809682105 0.3502799123286896 401
1739809682185 1.0398888960095627 402
1739809682249 0.9835055330577164 403
1739809682328 1.3057255805223655 404
1739809682408 2.0411293983405394 405
1739809682472 0.31566696048027226 406
1739809682552 1.6061625443535008 407
1739809682631 1.03232597582759 408
1739809682695 1.485413651182343 409
1739809682775 1.5382882027674205 410
1739809682855 1.6265038531397766 411
1739809682934 1.0236766481239388 412
1739809683014 2.0110635744087615 413
1739809683098 0.9547198339711893 414
1739809683187 1.331564913355623 415
1739809683267 0.8210668253728773 416
1739809683346 1.7718039095019362 417
1739809683429 0.7895208789664289 418
1739809683490 1.0475081568786353 419
1739809683571 0.22434365023977831 420
1739809683635 1.507587603753495 421
1739809683716 2.8057909093591693 422
1739809683795 0.8726944850570247 423
1739809683860 1.5517099497493254 424
1739809683941 0.7827540350560718 425
1739809684020 3.822215668907313 426
1739809684084 2.3172395238483783 427
1739809684163 0.3052372801327882 428
1739809684242 1.321802052712698 429
1739809684307 1.8084914732629647 430
1739809684392 1.0096293155709835 431
1739809684469 1.5531054467652223 432
1739809684533 0.9421461300462548 433
1739809684612 0.8833932905793092 434
1739809684693 1.2142930305652482 435
1739809684757 0.8459519899118679 436
1739809684837 1.5054597440261774 437
1739809684917 1.052926846660049 438
1739809684980 0.5392795321767959 439
1739809685067 0.7399917889155445 440
1739809685146 1.2666575627047478 441
1739809685233 0.8271702756158228 442
1739809685316 2.9480082157915177 443
1739809685407 0.9607748209326319 444
1739809685502 2.66079975538535 445
1739809685581 1.7450274505291419 446
1739809685676 0.44893328648950825 447
1739809685773 2.033425987352601 448
1739809685837 0.35749578508212465 449
1739809685921 1.2056886953135557 450
1739809685996 2.491226400373739 451
1739809686076 1.6603343524702376 452
1739809686141 1.961978786904723 453
1739809686221 1.0056918906252386 454
1739809686302 0.23394412179269156 455
1739809686364 1.3026229022953613 456
1739809686443 0.5983583252956317 457
1739809686524 1.6852521314143576 458
1739809686588 1.0622940527776104 459
1739809686668 2.2977204063526413 460
1739809686747 0.3195806465739391 461
1739809686811 0.4212678901498312 462
1739809686890 1.5684187791284865 463
1739809686969 0.631182090443426 464
1739809687032 0.40654369008312796 465
1739809687112 1.3416328578068286 466
1739809687191 3.6977303481052295 467
1739809687274 0.53179988860383 468
1739809687349 1.0433277900014828 469
1739809687428 2.2348106530498484 470
1739809687512 2.1554300502734156 471
1739809687588 0.13355651018127102 472
1739809687652 1.6239443961397162 473
1739809687734 2.0537634990254907 474
1739809687797 1.5967836173483085 475
1739809687877 1.9767250626997355 476
1739809687957 1.9258559781630078 477
1739809688022 0.4877892418687082 478
1739809688102 1.906362608331241 479
1739809688165 0.43053283457915004 480
1739809688245 0.18152160379979174 481
1739809688327 0.6909639996581859 482
1739809688389 2.187601536998119 483
1739809688469 1.600070003619711 484
1739809688549 1.4952948801414583 485
1739809688612 0.5603658344195498 486
1739809688691 1.1395220626247455 487
1739809688771 0.7513065930020122 488
1739809688835 1.1817474998175255 489
1739809688914 1.6052648781366377 490
1739809688994 1.8107414163178073 491
1739809689057 1.650167128330007 492
1739809689138 1.2719907723516186 493
1739809689218 1.3669262777179387 494
1739809689282 2.0219786730818208 495
1739809689362 2.0570735541658274 496
1739809689444 1.5173499975111466 497
1739809689521 1.770668302428222 498
1739809689600 2.3879238856934397 499
