1739810057444 46.33472374525772 0
1739810057510 14.729939398733201 1
1739810057605 6.480652297250185 2
1739810057705 2.7549054547734104 3
1739810057787 1.3547868023996477 4
1739810057862 1.8975126201647683 5
1739810057947 1.769808539554337 6
1739810058026 0.885793980594667 7
1739810058096 1.3813190013115022 8
1739810058178 2.034426814634783 9
1739810058252 1.5345308958983153 10
1739810058328 1.3723292045837616 11
1739810058400 3.8479812636195283 12
1739810058473 1.3806224301489234 13
1739810058542 0.3880193374567276 14
1739810058617 1.916352720496238 15
1739810058694 0.8245777241515858 16
1739810058771 0.446120330991368 17
1739810058847 1.8220627275124894 18
1739810058917 1.810190746242026 19
1739810058986 1.8257598799867552 20
1739810059062 0.995964904401523 21
1739810059130 0.20528896397638277 22
1739810059192 1.1699400139702796 23
1739810059265 0.07455140204529487 24
1739810059328 1.3913901968249875 25
1739810059411 0.8749921954662325 26
1739810059478 2.1038071222335932 27
1739810059557 2.2553635711016664 28
1739810059628 0.8803766463918553 29
1739810059699 1.5958402116740824 30
1739810059765 1.027646950069853 31
1739810059845 1.1740596462393293 32
1739810059912 1.0414303560878546 33
1739810059995 1.498484875925859 34
1739810060063 2.9762571715242405 35
1739810060132 0.14353315646681913 36
1739810060213 2.1382614263466184 37
1739810060289 0.7233786129925595 38
1739810060361 0.27165821714630467 39
1739810060428 0.1679337196631419 40
1739810060497 2.942949731674822 41
1739810060562 1.2304048881867231 42
1739810060645 2.5154687023859754 43
1739810060714 1.205782389093177 44
1739810060779 1.5084847578572198 45
1739810060847 0.003095391066194562 46
1739810060927 4.995383710329881 47
1739810060996 0.05528223615634701 48
1739810061065 0.5716093044969025 49
1739810061126 1.5805368698790525 50
1739810061219 2.9350172532200642 51
1739810061295 2.6484984452770823 52
1739810061371 2.110478423132207 53
1739810061449 1.7131422630089659 54
1739810061526 3.051354089199937 55
1739810061607 3.2355343605564872 56
1739810061700 0.24417843864128838 57
1739810061782 2.3018115932970105 58
1739810061842 3.187151778904483 59
1739810061906 1.2745299984570446 60
1739810061990 2.2068130163461332 61
1739810062066 2.322915651596135 62
1739810062126 1.7540898288282005 63
1739810062211 1.0699390165254015 64
1739810062277 2.3108947702917533 65
1739810062357 0.0774100929929448 66
1739810062431 1.7445220784000215 67
1739810062500 2.1772670765096582 68
1739810062567 0.8579701091934423 69
1739810062646 1.998878891612334 70
1739810062715 1.4399213745823574 71
1739810062785 2.904333990383953 72
1739810062853 0.8459377463998942 73
1739810062919 0.5868142428407686 74
1739810062977 1.1179588337401847 75
1739810063056 2.1752520842228344 76
1739810063110 1.5550059486876404 77
1739810063194 2.1579998759875805 78
1739810063262 0.873805149179626 79
1739810063334 2.651212894584315 80
1739810063404 0.8576917227205941 81
1739810063459 0.6399687106079535 82
1739810063539 1.447286113175763 83
1739810063606 2.010315526258966 84
1739810063666 1.1733334655988532 85
1739810063730 1.1191927809697 86
1739810063809 1.0418633693252475 87
1739810063879 0.8451592763628416 88
1739810063946 2.4016722561966377 89
1739810064013 1.6391315319982056 90
1739810064081 1.2553391566141205 91
1739810064147 1.4678078969780004 92
1739810064218 0.9725496729250999 93
1739810064277 1.8144200261798658 94
1739810064364 1.8715141200560537 95
1739810064427 2.396255643929012 96
1739810064504 1.1993208593013398 97
1739810064571 1.2541158561710697 98
1739810064635 0.853010457775048 99
1739810064711 1.458894282294113 100
1739810064786 2.2166847505554164 101
1739810064842 2.1337526463175367 102
1739810064919 1.3243868195643256 103
1739810064981 2.4383870272170065 104
1739810065056 1.0670086483622165 105
1739810065126 0.5644261223536988 106
1739810065192 4.162301031778244 107
1739810065257 3.3629383172399643 108
1739810065321 2.3303940725285273 109
1739810065386 0.8024168201495546 110
1739810065465 1.2230377468163762 111
1739810065536 1.6120734015458174 112
1739810065607 1.0142969813358584 113
1739810065659 0.988946357405653 114
1739810065738 1.789596102698824 115
1739810065808 1.2853623062147617 116
