1739809689774 1.0557769308967309 0
1739809689856 1.0150242461693848 1
1739809689935 0.3150522046656156 2
1739809690014 0.5999020810750099 3
1739809690078 1.129271055092805 4
1739809690159 3.3332929935994486 5
1739809690238 0.9515223612592033 6
1739809690303 1.2608770950327157 7
1739809690383 1.0760736336796968 8
1739809690464 0.9499470961191548 9
1739809690541 1.14967407960225 10
1739809690607 1.4167300964411709 11
1739809690685 0.8385205085070745 12
1739809690764 1.2896936514328288 13
1739809690828 1.586242757695843 14
1739809690919 0.8955126227675859 15
1739809690997 2.235189438729083 16
1739809691067 0.9434071138334338 17
1739809691146 3.4769445144183706 18
1739809691230 0.08204911747786454 19
1739809691306 1.2230823999007743 20
1739809691386 1.1711841701035115 21
1739809691466 0.704584205670584 22
1739809691530 0.3132904884277585 23
1739809691616 0.3727562366451603 24
1739809691690 0.7937416446759306 25
1739809691772 1.2677102841432042 26
1739809691849 1.7328387824837665 27
1739809691929 1.3137066290856716 28
1739809691994 0.794121770150745 29
1739809692074 0.907065463999099 30
1739809692156 0.14724372057583623 31
1739809692234 0.6009004738442734 32
1739809692298 0.16079988766215098 33
1739809692378 0.8750825325700256 34
1739809692458 1.4299968303315294 35
1739809692522 1.2754094967823975 36
1739809692602 2.10519984512182 37
1739809692681 2.0941962951093953 38
1739809692745 1.5220350330319818 39
1739809692830 1.205000274162041 40
1739809692905 1.6524869825038424 41
1739809692969 1.8995422542128015 42
1739809693048 0.9567117657528812 43
1739809693130 1.8349817218884241 44
1739809693192 0.8355224754276934 45
1739809693273 0.20174801783905336 46
1739809693353 1.1582547737355526 47
1739809693432 2.5096241044713143 48
1739809693496 1.372982658719405 49
1739809693578 1.26499642764623 50
1739809693656 3.3403063760867826 51
1739809693721 0.9115660318140782 52
1739809693800 3.237025362905304 53
1739809693879 0.5219064509540724 54
1739809693962 1.8178348109235187 55
1739809694040 1.0306365804210604 56
1739809694119 2.928251036347992 57
1739809694200 1.9141098897260735 58
1739809694263 1.5043718013980425 59
1739809694343 1.026016989557716 60
1739809694423 0.08449257954203199 61
1739809694487 0.5862959801291243 62
1739809694566 1.3319112479325748 63
1739809694645 1.220057132396062 64
1739809694710 1.5741003379297618 65
1739809694789 2.6029470518430196 66
1739809694872 1.080332824121683 67
1739809694949 1.3552425213765982 68
1739809695013 2.255141987891221 69
1739809695092 0.7520539812601637 70
1739809695172 0.8478120108966513 71
1739809695236 1.3526240522041084 72
1739809695315 0.31643711377801875 73
1739809695395 0.6554263314617969 74
1739809695476 0.0038914224679130025 75
1739809695538 1.4166662107934576 76
1739809695617 1.080128366393302 77
1739809695697 1.365727065474387 78
1739809695777 1.612484924288934 79
1739809695841 1.828976476959977 80
1739809695923 0.3068428085136352 81
1739809696008 0.7980032357741972 82
1739809696088 1.4821383835461182 83
1739809696174 1.040290771532605 84
1739809696256 1.2227047354785585 85
1739809696336 0.3297399663102306 86
1739809696418 0.9496210424954178 87
1739809696501 1.9581693984586896 88
1739809696582 3.311012366885043 89
1739809696664 1.2927252799371907 90
1739809696733 1.8132495296900761 91
1739809696817 2.100674563600463 92
1739809696901 0.6055586871867835 93
1739809696984 1.4412205842019763 94
1739809697067 1.8434272092987056 95
1739809697149 2.732586562574946 96
1739809697216 1.2021098183160133 97
1739809697300 1.4972690884958215 98
1739809697384 1.6935219399700285 99
1739809697462 0.519668638735589 100
1739809697529 0.9224769383155258 101
1739809697609 0.985401967097241 102
1739809697709 0.6718040496190626 103
1739809697814 1.2967413766383342 104
