1739809187946 158.75000521770767 0
1739809187964 157.86263663682763 1
1739809187979 156.92089624716863 2
1739809187995 149.58647211445444 3
1739809188010 150.76180038180496 4
1739809188026 143.88541937903264 5
1739809188040 136.34143430990918 6
1739809188055 134.69596312559423 7
1739809188069 134.48718497786237 8
1739809188086 130.07707950347276 9
1739809188100 125.18368159237171 10
1739809188114 115.58404723183027 11
1739809188130 115.09078467835114 12
1739809188146 117.6869786899907 13
1739809188163 109.82432098615546 14
1739809188178 104.89667505524207 15
1739809188182 100.8784966023877 16
1739809188210 99.3170917153286 17
1739809188225 93.24111630744957 18
1739809188241 91.46739650915262 19
1739809188256 87.8303864773103 20
1739809188281 90.93736812093677 21
1739809188298 87.71933565429187 22
1739809188298 82.64491192154448 23
1739809188329 82.19310549306704 24
1739809188345 81.07020607499048 25
1739809188356 75.05845116877212 26
1739809188376 73.70994127823329 27
1739809188392 72.68594387055187 28
1739809188399 74.63262059381299 29
1739809188415 66.23944509597925 30
1739809188430 63.788101635251905 31
1739809188446 63.66257898217146 32
1739809188462 65.17921513111769 33
1739809188478 61.733501044790195 34
1739809188494 58.17401437919761 35
1739809188510 55.823915087201506 36
1739809188526 57.045626428148815 37
1739809188526 54.77887170938945 38
1739809188542 52.624963033944084 39
1739809188557 55.04120420373817 40
1739809188574 49.96485783689673 41
1739809188589 46.23728410948067 42
1739809188605 48.7227953431667 43
1739809188629 45.957024028237235 44
1739809188644 44.85743750472721 45
1739809188658 44.914107605946185 46
1739809188669 42.498604375604806 47
1739809188689 38.92352921004719 48
1739809188703 41.473745514318146 49
1739809188718 40.02202737989473 50
1739809188732 39.42418697623855 51
1739809188747 39.27788611118791 52
1739809188752 38.50800851481888 53
1739809188778 37.33338839560928 54
1739809188792 33.787211432982176 55
1739809188808 32.61585699686214 56
1739809188821 32.50408452566357 57
1739809188836 30.870914817958717 58
1739809188851 31.533067962854336 59
1739809188867 30.2786979151554 60
1739809188883 29.680289657080262 61
1739809188898 28.800565635907525 62
1739809188899 28.024406245580924 63
1739809188927 26.570497558569183 64
1739809188941 27.00261581208714 65
1739809188948 26.630990242529226 66
1739809188970 25.048720580629837 67
1739809188986 24.820271994796666 68
1739809189001 23.77258085191901 69
1739809189014 23.747122968634862 70
1739809189028 22.436414798540685 71
1739809189043 23.336522787364185 72
1739809189059 22.61527263867324 73
1739809189075 21.490600113185195 74
1739809189090 19.659928341863793 75
1739809189105 21.166806665598394 76
1739809189120 20.52260987315987 77
1739809189135 20.285725344315058 78
1739809189150 18.76969844138236 79
1739809189166 19.358490448981694 80
1739809189181 18.634364131451065 81
1739809189196 17.992873513205378 82
1739809189210 17.493664834037997 83
1739809189224 17.547827299417758 84
1739809189233 16.91036240341482 85
1739809189245 16.64553398412683 86
1739809189262 15.867819423604955 87
1739809189277 15.306244821522583 88
1739809189293 14.650276223596418 89
1739809189309 15.55971526144155 90
1739809189325 13.76749697513788 91
1739809189341 14.799456055691895 92
1739809189357 14.184146047329369 93
1739809189373 13.045799639432566 94
1739809189389 12.559759083848906 95
1739809189389 13.056959188907069 96
1739809189405 12.116366621315306 97
1739809189421 11.964893715599713 98
1739809189437 12.070880098730818 99
1739809189453 12.439121065353225 100
1739809189469 11.327125117256823 101
1739809189484 11.949885666501556 102
1739809189500 11.233569763903985 103
1739809189516 11.642194773755698 104
1739809189532 10.863985134532609 105
1739809189553 10.397992701731527 106
1739809189568 9.553393588738773 107
1739809189583 10.384081813885627 108
1739809189599 10.364605923723447 109
1739809189599 10.59195727025367 110
1739809189616 9.161421373434303 111
1739809189645 9.20447592506913 112
1739809189660 9.178766021324844 113
1739809189677 9.11561899897201 114
1739809189691 8.51056153434049 115
1739809189707 8.264820208660002 116
1739809189715 8.08926562023151 117
1739809189736 8.12187480115334 118
1739809189752 8.338519495891022 119
1739809189766 7.874969132637662 120
1739809189780 8.155019375018265 121
1739809189796 7.457903962214476 122
1739809189809 7.7279454274827515 123
1739809189817 7.6801808006284675 124
1739809189840 7.142447612504169 125
1739809189857 7.39247653006129 126
1739809189873 7.898871856039553 127
1739809189886 6.118604563096536 128
1739809189903 7.14850763592189 129
1739809189919 6.564659161023462 130
1739809189934 6.370349467222256 131
1739809189950 6.16977688243043 132
1739809189965 5.990427473279192 133
1739809189966 6.780564958672889 134
1739809189981 5.782503917806877 135
1739809190011 6.536963151228429 136
1739809190027 5.530980797317243 137
1739809190041 5.232682085991135 138
1739809190056 5.733803513559966 139
1739809190071 5.1166759264463915 140
1739809190087 5.421706432889676 141
1739809190102 5.22713684724861 142
1739809190117 5.495677321357039 143
1739809190133 5.332087057736011 144
1739809190148 5.079016803845989 145
1739809190163 5.549518309565616 146
1739809190177 4.854191537857333 147
1739809190182 5.0657367462820515 148
1739809190198 4.769959430298228 149
1739809190214 4.418303935607276 150
1739809190230 4.632264491226221 151
1739809190246 4.574900799285703 152
1739809190262 4.9610754577665075 153
1739809190277 4.6089061845658215 154
1739809190300 4.437735425828147 155
1739809190314 4.716207982263685 156
1739809190328 4.185636083327671 157
1739809190341 4.044862685846467 158
1739809190357 4.629536526873672 159
1739809190376 3.915945495106203 160
1739809190389 3.9422291903929128 161
1739809190405 3.7998663279889517 162
1739809190405 3.96877375782615 163
1739809190436 4.216185391717326 164
1739809190450 4.056769234900105 165
1739809190466 4.119748746165927 166
1739809190470 3.5521628518717248 167
1739809190496 3.261185249492001 168
1739809190510 4.017386555103501 169
1739809190524 3.504012601743289 170
1739809190538 3.7766372038868763 171
1739809190553 3.6913011852231485 172
1739809190568 3.8192401535528275 173
1739809190584 3.6481382448470043 174
1739809190599 3.648098143295326 175
1739809190614 3.037198196457166 176
1739809190616 3.364210459162275 177
1739809190643 3.5104450493516652 178
1739809190659 3.254888172104723 179
1739809190669 3.1914579516113464 180
1739809190689 3.5681767945365896 181
1739809190704 3.1427680936107505 182
1739809190716 3.2330057633963314 183
1739809190731 3.0977808576650405 184
1739809190748 3.052732495651099 185
1739809190762 3.071448954674245 186
1739809190777 3.1489302693467303 187
1739809190791 3.315764654744235 188
1739809190806 3.029054526285293 189
1739809190820 2.921991139049927 190
1739809190836 3.1589502814664625 191
1739809190852 2.951604485917326 192
1739809190866 2.840569486382891 193
1739809190870 3.1301218081462023 194
1739809190898 2.804835990120059 195
1739809190914 2.926323154245604 196
1739809190916 2.7057812248467217 197
1739809190931 2.6805142203254326 198
1739809190947 2.7072248899861693 199
1739809190963 2.946905877704858 200
1739809190979 3.0123820919601925 201
1739809190997 2.459523059823631 202
1739809191013 2.705761929942923 203
1739809191027 2.644245137406192 204
1739809191050 2.9749027364272504 205
1739809191066 2.327315648936215 206
1739809191081 2.4171955416234066 207
1739809191097 2.215967537463751 208
1739809191111 2.3410833593279956 209
1739809191127 2.8095827715431967 210
1739809191142 2.617703444283931 211
1739809191152 2.499153421715623 212
1739809191174 2.459147408810693 213
1739809191189 2.1888106097717035 214
1739809191203 2.1218895729405 215
1739809191219 2.4376129385594996 216
1739809191234 2.4920520590742283 217
1739809191250 2.4060416414270787 218
1739809191265 2.714119093042234 219
1739809191280 2.1979881796630676 220
1739809191283 2.4552708641643726 221
1739809191310 2.241988995645804 222
1739809191326 2.386294051839313 223
1739809191332 2.419922241185595 224
1739809191348 2.301406659561377 225
1739809191364 2.4239567345695705 226
1739809191379 2.613476288383447 227
1739809191395 1.9862536526799395 228
1739809191411 2.2944990631124784 229
1739809191427 1.9332586925651152 230
1739809191443 2.0034039518946103 231
1739809191459 2.4112295186652837 232
1739809191475 2.05070499657457 233
1739809191491 2.044708755377472 234
1739809191507 2.2005484706751144 235
1739809191523 2.2767670954834673 236
1739809191523 1.8005416740158482 237
1739809191539 2.241316493245226 238
1739809191555 2.1399264810299 239
1739809191571 1.9199981059714375 240
1739809191587 2.1669404187767465 241
1739809191602 2.295002909024549 242
1739809191618 1.6469802337754444 243
1739809191634 2.0276787734017536 244
1739809191650 1.7922287491029094 245
1739809191666 2.32837870211232 246
1739809191682 1.9837305759270583 247
1739809191698 2.2451245350553863 248
1739809191714 1.5505569050917325 249
1739809191730 2.0048971633867696 250
1739809191747 1.919848508240905 251
1739809191762 1.8189525957655963 252
1739809191779 2.142666072487485 253
1739809191795 1.9313394369524237 254
1739809191811 1.9825227561329664 255
1739809191811 2.0873548487599773 256
1739809191827 1.8573631124188075 257
1739809191843 2.0815487818772915 258
1739809191859 1.68666094872217 259
1739809191875 2.0237246980399273 260
1739809191891 1.8454993075785366 261
1739809191909 1.91802002230694 262
1739809191923 1.938122236748481 263
1739809191939 2.1111438898939503 264
1739809191962 1.8025952770850908 265
1739809191978 1.9497577620303148 266
1739809191994 2.0576164612736134 267
1739809192000 1.911637364856672 268
1739809192018 1.9489983239436879 269
1739809192032 1.9389337946517455 270
1739809192048 1.5148956959114626 271
1739809192070 2.02018783794901 272
1739809192087 1.738557669750855 273
1739809192102 1.9538742027760467 274
1739809192118 2.068738214595479 275
1739809192134 1.7262631870136693 276
1739809192151 1.8735667675239154 277
1739809192167 1.7472621200070362 278
1739809192184 2.0207170710015148 279
1739809192200 1.7906891222503347 280
1739809192216 1.8994427148087323 281
1739809192232 1.7762613534208211 282
1739809192247 1.723255570759245 283
1739809192262 1.7514747651354867 284
1739809192277 1.8632538101314626 285
1739809192292 1.454728581099957 286
1739809192308 1.8408299657993232 287
1739809192324 1.8281481084642874 288
1739809192337 1.5994605561340833 289
1739809192351 1.9137730539863298 290
1739809192369 2.056428969197832 291
1739809192385 1.6015433252887086 292
1739809192400 1.6237926787466777 293
1739809192414 1.9893661591720848 294
1739809192428 1.710742523285721 295
1739809192443 1.7233722470172854 296
1739809192457 1.6305687363137265 297
1739809192472 1.779807298482076 298
1739809192487 1.6431765124975228 299
1739809192502 1.6222726157474443 300
1739809192518 1.648607104047814 301
1739809192532 1.3043442673680095 302
1739809192547 1.7264431572023924 303
1739809192549 1.735031415153341 304
1739809192582 1.7985249804236592 305
1739809192599 1.851000813217154 306
1739809192614 1.5309005786175158 307
1739809192630 1.74419013444668 308
1739809192646 1.665148476316901 309
1739809192655 1.7510073896585563 310
1739809192675 1.7917456727350085 311
1739809192691 1.7796493866762293 312
1739809192705 1.5666595324289259 313
1739809192721 1.5221098999346725 314
1739809192736 1.6770713727851476 315
1739809192752 1.8622439884736182 316
1739809192767 1.7938097701025177 317
1739809192784 1.4891228912371164 318
1739809192798 1.6000884426796183 319
1739809192812 1.5969731316044913 320
1739809192827 1.6428642177684798 321
1739809192843 1.8150351390294868 322
1739809192860 1.711810722608719 323
1739809192866 1.4583752869278708 324
1739809192885 1.6031755991027976 325
1739809192903 1.5388358038057501 326
1739809192920 1.4055613283264703 327
1739809192936 1.5103029950311728 328
1739809192951 1.5974344687059818 329
1739809192990 1.7328950994151184 330
1739809193018 1.831078273173305 331
1739809193034 1.7170712468264597 332
1739809193049 1.5375453759289075 333
1739809193065 1.6143881891316691 334
1739809193083 1.7374327790675606 335
1739809193099 1.5203274235331659 336
1739809193117 1.5418658124942566 337
1739809193134 1.773859029172256 338
1739809193154 1.6161906725570105 339
1739809193167 1.620035024777107 340
1739809193188 1.5358458918995843 341
1739809193208 1.5407944163104956 342
1739809193228 1.6331856306877435 343
1739809193245 1.767526854564498 344
1739809193264 1.5379691393285737 345
1739809193281 1.5874679191197532 346
1739809193299 1.648789107397142 347
1739809193319 1.483835306177154 348
1739809193335 1.3923430247058952 349
1739809193354 1.5711880440771522 350
1739809193371 1.636576528276394 351
1739809193392 1.645938448415315 352
1739809193410 1.6398328772821182 353
1739809193428 1.5258210633763871 354
1739809193447 1.7562926562923837 355
1739809193457 1.628269394826899 356
1739809193470 1.6108442719595113 357
1739809193494 1.5018861580005123 358
1739809193509 1.4876759416366767 359
1739809193526 1.795091720437949 360
1739809193540 1.5748444527213832 361
1739809193555 1.4171343461561197 362
1739809193568 1.6439698866581127 363
1739809193584 1.3561215197907432 364
1739809193598 1.5772753572298905 365
1739809193612 1.6844039309954453 366
1739809193627 1.5546403343298962 367
1739809193642 1.5697359919371967 368
1739809193653 1.7000512326367938 369
1739809193668 1.5108672621047723 370
1739809193681 1.3683839074317878 371
1739809193698 1.8899824975554622 372
1739809193713 1.6510613763140451 373
1739809193725 1.5293057307665394 374
1739809193740 1.6272692443024592 375
1739809193749 1.4556624991537122 376
1739809193771 1.4111902051277412 377
1739809193786 1.477254690027382 378
1739809193800 1.671387953268004 379
1739809193815 1.638730711270562 380
1739809193831 1.583333269782245 381
1739809193843 1.5634432483002398 382
1739809193859 1.6905815738477687 383
1739809193872 1.5959154102341921 384
1739809193892 1.4767370464950218 385
1739809193906 1.7661443384940536 386
1739809193924 1.807791552024039 387
1739809193937 1.5437378370058823 388
1739809193955 1.5261611974612936 389
1739809193971 1.7224282943765545 390
1739809193987 1.7040876249181853 391
1739809194002 1.5554046626000961 392
1739809194013 1.6917423491668142 393
1739809194028 1.517143713530927 394
1739809194042 1.4821749087846792 395
1739809194059 1.54709039324988 396
1739809194075 1.5199215617259205 397
1739809194089 1.5063110582412087 398
1739809194104 1.6439975027123146 399
1739809194119 1.6546313562435842 400
1739809194137 1.6303389612795045 401
1739809194154 1.5964362875365015 402
1739809194170 1.5977611875586555 403
1739809194186 1.7920251331907717 404
1739809194201 1.7489758526767674 405
1739809194217 1.4717855105188449 406
1739809194232 1.516231230683242 407
1739809194245 1.6395371708211097 408
1739809194261 1.6125877815860148 409
1739809194276 1.5589868764845045 410
1739809194291 1.3341075820346107 411
1739809194305 1.7427606182322222 412
1739809194319 1.4785114339430567 413
1739809194334 1.558170739594749 414
1739809194348 1.6824905836822521 415
1739809194363 1.5385744214278736 416
1739809194377 1.6423875607910432 417
1739809194394 1.7219225810404106 418
1739809194407 1.3914482381833801 419
1739809194423 1.5792021835920278 420
1739809194437 1.3937649303321142 421
1739809194453 1.574306051693273 422
1739809194466 1.6334863587057953 423
1739809194479 1.5880988828229998 424
1739809194493 1.4916269514002343 425
1739809194506 1.568950743386861 426
1739809194524 1.7009468903610352 427
1739809194543 1.476943754897736 428
1739809194557 1.3881953472414623 429
1739809194572 1.343603547922941 430
1739809194584 1.6747843043448587 431
1739809194603 1.6945282715051955 432
1739809194619 1.455761412078779 433
1739809194633 1.342535132665843 434
1739809194647 1.4204260107737037 435
1739809194662 1.7049833248999047 436
1739809194678 1.6231797428802026 437
1739809194694 1.579246233278892 438
1739809194705 1.4734949187381412 439
1739809194725 1.5701372022192184 440
1739809194739 1.6414118648875011 441
1739809194754 1.5147911997187522 442
1739809194768 1.531255942267635 443
1739809194783 1.5164294058312384 444
1739809194786 1.533605229080441 445
1739809194803 1.6648411928907503 446
1739809194813 1.4854922969244355 447
1739809194835 1.525954411555013 448
1739809194855 1.6975475877737802 449
1739809194871 1.430720886491082 450
1739809194884 1.7261221972353482 451
1739809194900 1.6363640844501226 452
1739809194915 1.4879697865755546 453
1739809194929 1.6092153409347452 454
1739809194943 1.535259496957385 455
1739809194959 1.4680537643723544 456
1739809194973 1.579638478594671 457
1739809194987 1.3613669019077013 458
1739809195001 1.748709020113259 459
1739809195019 1.645327247059258 460
1739809195034 1.5522953489293312 461
1739809195050 1.5538792210878198 462
1739809195064 1.895292016090282 463
1739809195078 1.5920784092590128 464
1739809195084 1.6119972444223478 465
1739809195107 1.5610189243243455 466
1739809195122 1.407806271610032 467
1739809195133 2.018580627881505 468
1739809195148 1.4219297453834512 469
1739809195166 1.5051964855930187 470
1739809195181 1.633184479231942 471
1739809195194 1.547108645441868 472
