1739809698008 2.0758275587854915 0
1739809698088 2.3976622677702846 1
1739809698162 1.403672365074531 2
1739809698232 0.29100584136732444 3
1739809698328 0.8004351011201974 4
1739809698405 1.2667533450590522 5
1739809698470 1.047501265162183 6
1739809698549 2.185462233107607 7
1739809698637 0.34545778231930035 8
1739809698726 1.1768272408274405 9
1739809698817 0.5176461608025562 10
1739809698935 1.346763840222772 11
1739809699051 1.1253050972132972 12
1739809699168 0.8690998695237817 13
1739809699289 1.166497073831984 14
1739809699428 0.7892072909836091 15
1739809699546 1.0613459811879633 16
1739809699653 1.212271605264344 17
1739809699775 0.9760860169684297 18
1739809699882 0.25070321163720266 19
1739809699985 1.9076648319411562 20
1739809700064 2.448317463132751 21
1739809700146 1.4021092413537144 22
1739809700249 0.3774741174246858 23
1739809700321 3.16324600908268 24
1739809700421 1.1406177782485654 25
1739809700515 1.2834484994491016 26
1739809700599 1.810428239521479 27
1739809700688 3.0231131646610985 28
1739809700767 3.2944298702925057 29
1739809700843 1.2741101681620608 30
1739809700915 2.3483124735448637 31
1739809701000 2.305170374884711 32
1739809701080 2.3689626963791692 33
1739809701166 3.2710339013913194 34
1739809701266 1.3689165757869108 35
1739809701369 0.5916531790706958 36
1739809701460 0.07971264362400156 37
1739809701542 0.3175567539602306 38
1739809701616 2.0875328577751424 39
1739809701682 2.228278947891624 40
1739809701767 1.4235296316812425 41
1739809701851 0.024189321893493924 42
1739809701934 1.2536316401206211 43
1739809702018 1.1487439232948289 44
1739809702103 1.245003309678116 45
1739809702192 0.793540226916211 46
1739809702272 0.9419239636915293 47
1739809702368 2.055450537688013 48
1739809702476 1.0164995345850798 49
1739809702595 0.2854544225653304 50
1739809702750 1.0532350290828831 51
1739809702884 0.7170137829225648 52
1739809703005 0.9204018544062423 53
1739809703111 1.6997484433833854 54
1739809703216 1.9175265909736772 55
1739809703311 2.559477423576187 56
1739809703396 0.6677625692963952 57
1739809703481 0.7625786629211122 58
1739809703564 1.7955289706146829 59
1739809703648 1.4960881987747052 60
1739809703727 0.21048221927346325 61
1739809703804 0.5610642693878346 62
1739809703880 1.623571257059129 63
1739809703956 0.8402196357958869 64
1739809704034 1.3336859615411303 65
1739809704116 1.8875991239520866 66
1739809704196 1.3462138992980566 67
1739809704276 1.818412440415833 68
1739809704360 0.9375155578475962 69
1739809704443 0.8890873501814939 70
1739809704529 3.7964704238570386 71
1739809704612 0.2466677978535778 72
1739809704698 2.9465896562299663 73
1739809704784 2.464229592470507 74
1739809704875 1.5990726508729194 75
1739809704962 3.0021504875069924 76
1739809705043 4.555131611362775 77
1739809705126 1.8674303427997068 78
1739809705225 2.3594813000646666 79
1739809705330 1.4275947385758634 80
1739809705439 1.0655781989303834 81
1739809705530 1.5124549080555465 82
1739809705617 0.21905336529941657 83
1739809705707 0.37633952636963786 84
1739809705799 1.7217672175373768 85
1739809705891 1.0371430160044246 86
1739809705976 2.7025583735238805 87
1739809706050 1.580957303380265 88
1739809706135 2.5662743698044173 89
1739809706240 1.4597826885829386 90
1739809706319 1.5184967611541877 91
1739809706412 1.7849174952241817 92
1739809706500 0.8080217321876199 93
1739809706583 0.2722846574178476 94
1739809706669 0.6483977739631777 95
1739809706750 2.850469824713853 96
1739809706838 1.3459055757176503 97
1739809706929 1.0198002284122105 98
1739809707017 0.7432096709095302 99
1739809707101 2.2485666912959803 100
1739809707192 0.875453741537345 101
1739809707282 1.0742208932471162 102
1739809707369 2.5645086773809935 103
1739809707465 3.000389318444356 104
1739809707561 1.4988342237632273 105
1739809707657 0.8682633463837767 106
1739809707743 0.9072995894752376 107
1739809707829 3.5946008070569384 108
1739809707915 0.599385654568665 109
1739809708026 0.8005134339918785 110
1739809708138 1.8112463749920213 111
1739809708248 2.2778887406000674 112
1739809708353 2.306438365419981 113
1739809708475 0.9287669043929144 114
1739809708586 1.332291682968797 115
1739809708730 1.2624187532939044 116
1739809708824 1.89626443937703 117
1739809708921 1.2978653390060588 118
1739809709009 0.8705640177834457 119
1739809709094 1.930524862900017 120
1739809709185 0.6463205102609566 121
1739809709271 1.3104866462527485 122
1739809709362 1.3352300001743804 123
1739809709451 0.10513123228102501 124
1739809709539 1.2200855698102324 125
1739809709624 0.46689409117473785 126
1739809709706 1.3172941456858052 127
1739809709789 0.6192029973151235 128
1739809709876 1.9551943977638315 129
1739809709957 0.17417597126050252 130
1739809710041 1.5175193913273295 131
1739809710136 0.45695683334446185 132
1739809710228 1.4357946552320837 133
1739809710319 3.3009338900974416 134
1739809710405 1.6516767955217324 135
1739809710488 2.7205627068078484 136
1739809710572 0.38332521213152565 137
1739809710650 1.3443581142792318 138
1739809710730 2.152111051882313 139
1739809710799 1.5848806626679768 140
1739809710878 1.5835552483862798 141
1739809710955 1.5009031469125589 142
1739809711020 0.984886649251767 143
1739809711100 1.659943895512848 144
1739809711184 2.270916195676589 145
1739809711250 2.124459419782946 146
1739809711337 1.0873316094728043 147
1739809711417 2.015176964580808 148
1739809711497 1.3748945863693112 149
1739809711568 0.08296018670969856 150
1739809711647 0.4450975568235726 151
1739809711719 0.3919283818544113 152
1739809711800 0.46304129471008576 153
1739809711878 3.3183122446782156 154
1739809711958 2.7633330212771763 155
1739809712037 1.5081775046054442 156
1739809712100 1.8214187984620798 157
1739809712180 2.345665029393287 158
1739809712252 0.6065983333296816 159
1739809712331 1.3343006973268572 160
1739809712411 0.8235067609217027 161
1739809712491 2.150480867625998 162
1739809712571 2.200370816916705 163
1739809712646 1.8516177164466883 164
1739809712713 0.7596203937069559 165
1739809712785 1.9437992215303834 166
1739809712865 1.5448362217367924 167
1739809712946 0.4598562370240032 168
1739809713023 2.027945679881603 169
1739809713086 1.0707074412903412 170
1739809713165 1.4843182337204082 171
1739809713245 1.208891855504718 172
1739809713320 0.958217518896297 173
1739809713401 3.3718983337292086 174
1739809713465 1.6840960315874978 175
1739809713544 3.2168039816095386 176
1739809713622 1.1862879542984162 177
1739809713702 1.1716263254338162 178
1739809713782 1.355548009965519 179
1739809713865 0.6215279736307969 180
1739809713931 0.33878456035216453 181
1739809714011 1.0021494134979263 182
1739809714091 0.616914387393792 183
1739809714154 2.2671732018612034 184
1739809714234 1.080961203635374 185
1739809714315 2.193381171200233 186
1739809714391 1.0391263090321696 187
1739809714467 2.17748602100289 188
1739809714529 1.1996511472400215 189
1739809714618 2.3673491447072523 190
1739809714687 1.2848325605743778 191
1739809714770 1.115027137039576 192
1739809714846 1.771579235708793 193
1739809714919 0.319657032841791 194
1739809714982 2.8916152817603655 195
1739809715061 0.8082503236299899 196
1739809715142 0.01556462109803471 197
1739809715219 0.7960285203222296 198
1739809715284 2.554989270315543 199
1739809715370 1.2411214699622362 200
1739809715449 0.666846914469187 201
1739809715533 2.2650165096467023 202
1739809715602 2.1872152232450626 203
1739809715686 1.5004856932683917 204
1739809715778 2.661706233901882 205
1739809715866 1.043063484762477 206
1739809715969 2.280094916940952 207
1739809716069 1.3203477285240846 208
1739809716167 1.5016271587502572 209
1739809716270 1.080300569250966 210
1739809716375 2.095577837953531 211
1739809716458 1.556826554667285 212
1739809716543 2.001110036509413 213
1739809716618 3.5453703998811013 214
1739809716698 4.731816014157383 215
1739809716771 0.7361928556755928 216
1739809716867 1.0758963483390727 217
1739809716945 0.9451074605729235 218
1739809717026 2.0912854907592084 219
1739809717106 2.583676266540219 220
1739809717188 1.6468402609118673 221
1739809717269 2.944883010350309 222
1739809717347 3.796076884155583 223
1739809717428 2.88754317702903 224
1739809717517 1.8786142034293154 225
1739809717583 1.20771990347365 226
1739809717677 0.8984204466108632 227
1739809717752 1.992387924168031 228
1739809717837 1.2406575219972755 229
1739809717918 0.5909837310863244 230
1739809718003 2.138225433480545 231
1739809718098 1.6516922899992974 232
1739809718184 1.7443925348369287 233
1739809718263 1.903152169494564 234
1739809718332 3.2022157513054688 235
1739809718422 1.1605457070258467 236
1739809718502 1.2704316634250612 237
1739809718577 0.8068013602779237 238
1739809718655 0.7947705456686183 239
1739809718727 4.157842663980359 240
1739809718799 0.3678167977763729 241
1739809718872 0.1553993784494467 242
1739809718966 1.3477261576570168 243
1739809719039 0.9257927704677492 244
1739809719123 1.101249950780926 245
1739809719206 1.6427961311967951 246
1739809719289 1.5188486958612308 247
1739809719372 1.8027541973621684 248
1739809719439 0.3818096955800388 249
1739809719522 1.2855563473328349 250
1739809719606 1.957440876795528 251
1739809719687 2.5262246127899197 252
1739809719756 3.390285624585314 253
1739809719839 0.7456151286107385 254
1739809719927 0.9365318865340295 255
1739809720027 0.9837759539631429 256
1739809720126 1.2927517105659412 257
1739809720207 0.6365514942351262 258
1739809720307 1.0778098297043845 259
1739809720391 0.40798549512256493 260
1739809720480 1.1759193534030692 261
1739809720557 0.94702228224625 262
1739809720637 0.9073338598849072 263
1739809720701 2.054971063261423 264
1739809720794 0.8208671716780981 265
1739809720868 1.8161219553722492 266
1739809720931 2.6439476268599624 267
1739809721010 1.031989735349272 268
1739809721088 2.354121759703106 269
1739809721167 1.3455857913809937 270
1739809721247 1.7659157924587503 271
1739809721311 1.5451351218634883 272
1739809721390 1.5117076883512393 273
1739809721469 0.8469117854158121 274
1739809721551 0.560062471223521 275
1739809721628 0.3061456101871965 276
1739809721707 1.1209998408535815 277
1739809721774 2.038219181927892 278
1739809721852 0.4060978998168234 279
1739809721933 0.40402520638700595 280
1739809722015 0.9252601655118589 281
1739809722091 1.8838181121747042 282
1739809722154 1.4100546967059122 283
1739809722234 1.1812880526027563 284
1739809722319 2.8546335236135247 285
1739809722398 1.3086616952854122 286
1739809722470 0.29059334304282497 287
1739809722555 3.328836278705042 288
1739809722630 2.544285633277833 289
1739809722709 2.2233885238513977 290
1739809722787 1.493724537098759 291
1739809722863 2.314077669921594 292
1739809722952 1.1566727534582397 293
1739809723033 0.9910547118866274 294
1739809723102 2.088861152245165 295
1739809723197 2.6266767307616483 296
1739809723289 1.3917407074689745 297
1739809723372 2.206562060781133 298
1739809723456 0.27821232770104887 299
1739809723546 1.0455044069665034 300
1739809723637 2.275334403234123 301
1739809723733 0.32910393217924205 302
1739809723807 1.1466512405161453 303
1739809723898 1.9007610462962992 304
1739809723973 2.6385453309957705 305
1739809724057 1.073147485475683 306
1739809724134 1.0221951881665814 307
1739809724205 4.1680566490749325 308
1739809724286 2.2676063503409782 309
1739809724361 0.9547480012717121 310
1739809724436 2.534860158920928 311
1739809724513 0.9952201985964162 312
1739809724595 1.394938756083086 313
1739809724679 1.5719390504774855 314
1739809724765 0.18588264210831482 315
1739809724845 1.2302078369474907 316
1739809724920 2.4153835481606794 317
1739809724995 0.9559869857292165 318
1739809725071 2.0904737974722534 319
1739809725145 1.0820180731049458 320
1739809725214 1.0036821461159726 321
1739809725295 2.9014865607238516 322
1739809725372 0.860626966389444 323
1739809725451 1.0297157059076072 324
1739809725529 1.763689008582048 325
1739809725603 1.0961222764284666 326
1739809725684 1.1725390054811946 327
1739809725764 2.313604604687109 328
1739809725840 0.877674592348113 329
1739809725911 1.6460218629269912 330
1739809725996 2.581730714874055 331
1739809726077 0.6845494116508911 332
1739809726154 0.8636405421221063 333
1739809726233 0.9922909930473168 334
1739809726310 0.3727367836408536 335
1739809726374 1.3924514680256603 336
1739809726461 0.6500214454838146 337
1739809726535 2.2283036208815026 338
1739809726607 1.6457632116511494 339
1739809726693 1.5820867852065463 340
1739809726779 0.2815776160127525 341
1739809726856 3.666920509340711 342
1739809726946 1.0396848544109942 343
1739809727026 0.7732972454440369 344
1739809727104 0.6634161669492797 345
1739809727181 0.003282534649801237 346
1739809727258 2.363083427371574 347
1739809727320 2.4381401121831465 348
1739809727406 3.053493409315599 349
1739809727486 1.3839462124614164 350
1739809727564 1.7787455048864667 351
1739809727637 2.681107777593055 352
1739809727707 0.5576493489031261 353
1739809727793 1.1540935778515167 354
1739809727871 0.23168940448943345 355
1739809727949 1.2652556036788685 356
1739809728020 1.0152197644180259 357
1739809728108 2.09841951025579 358
1739809728179 1.2603498458328997 359
1739809728268 1.2778520069310138 360
1739809728346 0.8250553479048515 361
1739809728423 1.6187890373370326 362
1739809728501 0.003077840359103934 363
1739809728576 2.3506219493525413 364
1739809728653 2.158068720557791 365
1739809728723 0.42055183698826043 366
1739809728803 1.6816020161880578 367
1739809728885 2.812595182823468 368
1739809728970 1.877762830783774 369
1739809729055 0.12963005102003722 370
1739809729135 0.8725401402460514 371
1739809729216 0.7254388588890122 372
1739809729288 2.730449120824134 373
1739809729369 2.1458055007794408 374
1739809729440 1.2168879375913075 375
1739809729524 1.4124993207570467 376
1739809729588 1.58086883796777 377
1739809729674 1.1636148249291536 378
1739809729751 2.610190292733504 379
1739809729822 0.7719021021907572 380
1739809729886 2.615320746235615 381
1739809729981 1.4649175245703807 382
1739809730077 0.6716125146392864 383
1739809730157 1.8754786096361684 384
1739809730221 2.4851645511701355 385
1739809730310 0.9790175917249062 386
1739809730373 2.517975302613942 387
1739809730476 0.4543729963841292 388
1739809730569 2.6213373819353594 389
1739809730659 0.6291480565166035 390
1739809730743 0.8474629348653825 391
1739809730821 1.6499535531461686 392
1739809730891 2.040623178148445 393
1739809730975 1.8074705191124891 394
1739809731058 1.3515169567267218 395
1739809731148 0.9527757034647496 396
1739809731223 1.0289681749007622 397
1739809731320 1.6220791741626925 398
1739809731390 1.2603614430444865 399
1739809731477 1.4957095823776552 400
1739809731589 0.6042335111945434 401
1739809731693 1.576018110475384 402
1739809731810 0.4796611434937306 403
1739809731910 0.7289662849926595 404
1739809732030 3.836039247929853 405
1739809732135 2.1798423024795013 406
1739809732231 0.6169727660446472 407
1739809732322 2.08190457815007 408
1739809732406 0.1619507047562034 409
1739809732511 1.3810346828373081 410
1739809732604 1.6853940901583833 411
1739809732685 1.5306596839866677 412
1739809732768 0.9837065398453344 413
1739809732845 0.7924618813879276 414
1739809732922 2.9044279600427134 415
1739809732999 1.5110796372646118 416
1739809733074 2.607265063925559 417
1739809733141 1.393701395169558 418
1739809733223 0.007341377366482352 419
1739809733314 1.3476154862467447 420
1739809733404 1.3418919317719997 421
1739809733500 0.8367805613060117 422
1739809733603 0.9307145038991423 423
1739809733699 0.8486062303326384 424
1739809733794 1.5147751726728174 425
1739809733907 1.1227548227414497 426
1739809733997 3.2419691809819833 427
1739809734080 1.4518780718031041 428
1739809734183 0.6601429170913714 429
1739809734264 2.697791827803519 430
1739809734347 0.9322305209897856 431
1739809734426 1.8393527215708094 432
1739809734511 0.9018777120643439 433
1739809734607 1.4963904369044967 434
1739809734692 1.4592528230304658 435
1739809734768 3.1038624187930957 436
1739809734849 1.5231819679020668 437
1739809734926 2.5339413876602683 438
1739809735014 1.0159153151671887 439
1739809735101 2.7133399883332174 440
1739809735194 1.1422645054777234 441
1739809735282 2.576110885930362 442
1739809735371 1.1739900217401358 443
1739809735468 3.991046595824425 444
1739809735572 0.30802703096510303 445
1739809735669 0.5845785571542647 446
1739809735759 2.7432008488180673 447
1739809735838 1.659264463632035 448
1739809735914 1.9780875814425036 449
1739809735995 1.450367030516506 450
1739809736071 2.214958505122901 451
1739809736140 2.174698443175221 452
1739809736231 1.576209892757765 453
1739809736325 2.1004819154708105 454
1739809736426 2.386082678454747 455
1739809736514 0.8590138215573536 456
1739809736592 0.9279842383675284 457
1739809736676 1.4097254737696288 458
1739809736769 1.0843248122371538 459
1739809736842 0.9905226809008272 460
1739809736914 2.7270653102332236 461
1739809736995 2.1485571098063603 462
1739809737082 1.1387016786814141 463
1739809737159 1.0806409716126693 464
1739809737243 1.4844100331148398 465
1739809737318 2.1651797451014 466
1739809737395 1.5842593239641305 467
1739809737472 2.714907823468554 468
1739809737549 1.6914512927330918 469
1739809737627 2.065207373200152 470
1739809737713 2.253940689795171 471
1739809737801 1.7219655540344043 472
1739809737894 2.4916565589682977 473
1739809737975 2.507277707770232 474
1739809738054 2.9966671703451597 475
1739809738131 1.3691709120148827 476
1739809738208 1.0745342872323842 477
1739809738282 1.7924810368303896 478
1739809738364 0.9840686870033589 479
1739809738440 1.6450589311332613 480
1739809738519 0.30460664593696235 481
1739809738597 1.308768916575304 482
1739809738674 1.249936921278507 483
1739809738752 1.928288111335848 484
1739809738828 2.016599441518886 485
1739809738905 1.4716705278685664 486
1739809738984 1.0198559243787293 487
1739809739061 1.730325563677252 488
1739809739139 1.1368643101630609 489
1739809739207 2.4735483605669852 490
1739809739293 2.1463842765671273 491
1739809739381 2.0112620775628773 492
1739809739460 1.5955671535877283 493
1739809739543 3.313112334479117 494
1739809739650 0.4041391829312301 495
1739809739747 1.5863684779914828 496
1739809739843 1.4379522164637861 497
1739809739937 1.1717529557328317 498
1739809740044 0.9802011465548963 499
