1739809172525 123.88973558860415 0
1739809172538 92.48103991563018 1
1739809172554 68.99655631937419 2
1739809172571 51.45917216540799 3
1739809172587 40.267149115708165 4
1739809172605 30.978865040005882 5
1739809172619 24.26455981852506 6
1739809172635 19.607217446912994 7
1739809172651 15.91159944051264 8
1739809172666 12.365205875225774 9
1739809172680 9.842501459732961 10
1739809172696 8.44315956103222 11
1739809172713 7.43356784932354 12
1739809172728 6.235441235133022 13
1739809172734 4.991236791402834 14
1739809172751 3.9588400697838813 15
1739809172768 4.028263378072188 16
1739809172791 3.6429006481237973 17
1739809172807 2.822714180806238 18
1739809172823 2.7424622324547614 19
1739809172834 2.593185808615427 20
1739809172858 2.788274562579922 21
1739809172874 2.380324377473735 22
1739809172889 2.0000581082128983 23
1739809172904 2.0809683466134423 24
1739809172918 2.0129281909654515 25
1739809172928 1.9004105350208194 26
1739809172945 1.8374142332524819 27
1739809172963 1.939767013906131 28
1739809172977 1.4635448541897917 29
1739809172992 1.7468261628347523 30
1739809173005 1.747914681527903 31
1739809173021 1.5863068188815104 32
1739809173035 1.5546888961606609 33
1739809173050 1.6200644520274219 34
1739809173065 1.6888282717408294 35
1739809173080 1.5612134213599274 36
1739809173095 1.6443063510348297 37
1739809173110 1.653021136780868 38
1739809173124 1.710185370794899 39
1739809173139 1.637911770909399 40
1739809173155 1.4665925271930702 41
1739809173170 1.5958063441737766 42
1739809173185 1.5863540527156685 43
1739809173197 1.64042304630675 44
1739809173209 1.6258333078986784 45
1739809173227 1.5598413700727611 46
1739809173241 1.641246703942469 47
1739809173259 1.4790841173119234 48
1739809173268 1.6564701814809364 49
1739809173289 1.6172015611539874 50
1739809173296 1.6125138112852349 51
1739809173318 1.9139226443199597 52
1739809173330 1.3050404892842535 53
1739809173351 1.383372358779268 54
1739809173368 1.5219164716731337 55
1739809173385 1.4916845053783299 56
1739809173401 1.687151819182059 57
1739809173418 1.2962418439482286 58
1739809173433 1.673613943737916 59
1739809173449 1.5572197637815275 60
1739809173466 1.5392054493086618 61
1739809173483 1.3657621921157939 62
1739809173499 1.4893910420387722 63
1739809173515 1.5185674631626913 64
1739809173532 1.6878231133945705 65
1739809173547 1.5904088013276503 66
1739809173561 1.419985148282875 67
1739809173576 1.6249549749035754 68
1739809173586 1.4701027757479515 69
1739809173605 1.462411560692927 70
1739809173620 1.3466064602184933 71
1739809173633 1.5148249552275157 72
1739809173645 1.5469902862126823 73
1739809173662 1.646868790725468 74
1739809173678 1.4830274225988094 75
1739809173692 1.43129406236266 76
1739809173708 1.4771067964401066 77
1739809173721 1.6428383089232483 78
1739809173740 1.425773671164824 79
1739809173753 1.741283786984419 80
1739809173773 1.5668345096696161 81
1739809173786 1.4633427603731093 82
1739809173804 1.3616508642479295 83
1739809173822 1.4970972053100058 84
1739809173836 1.430104566416364 85
1739809173850 1.4792735547200255 86
1739809173861 1.3942849869006333 87
1739809173877 1.5746651718404625 88
1739809173892 1.548483358276578 89
1739809173908 1.8933610237924783 90
1739809173908 1.408297893078042 91
1739809173935 1.7528560224327776 92
1739809173947 1.4676035039296098 93
1739809173958 1.461794473015035 94
1739809173972 1.4505692488050361 95
1739809173994 1.6565223583171829 96
1739809174006 1.6907743063198137 97
1739809174024 1.690818471267317 98
1739809174036 1.5771048802421626 99
1739809174050 1.5166849930458528 100
1739809174066 1.425952328791815 101
1739809174082 1.50580378588381 102
1739809174098 1.7004816073720288 103
1739809174114 1.7583118828117805 104
1739809174132 1.5732620686449592 105
1739809174146 1.572177234218075 106
1739809174150 1.3159083176291992 107
1739809174176 1.5330722584572858 108
1739809174187 1.7130384213004264 109
1739809174202 1.2694829716344012 110
1739809174218 1.4109583681005804 111
1739809174235 1.599370650004885 112
1739809174251 1.4205986543620284 113
1739809174266 1.2808454596763288 114
1739809174279 1.5437296486306846 115
1739809174301 1.630378168809489 116
1739809174313 1.735109470203213 117
1739809174329 1.4013016231071684 118
1739809174349 1.4056910658617359 119
1739809174372 1.4979012914577112 120
1739809174379 1.542715805636247 121
1739809174395 1.6641012330343814 122
1739809174412 1.7115935075569553 123
1739809174429 1.4610857179717887 124
1739809174445 1.469029848800067 125
1739809174462 1.5502932208350475 126
1739809174478 1.4769742209487284 127
1739809174495 1.679436433633686 128
1739809174511 1.3641194029325607 129
1739809174512 1.5476331992533663 130
1739809174529 1.7511884877994288 131
1739809174546 1.5238185722785358 132
1739809174563 1.5640250295614904 133
1739809174579 1.4550610244418833 134
1739809174596 1.5493642145115731 135
1739809174613 1.6170801796195136 136
1739809174629 1.3729430216014185 137
1739809174645 1.6480181863347914 138
1739809174662 1.8438123050801858 139
1739809174679 1.458878672103854 140
1739809174695 1.613060983056046 141
1739809174710 1.63893617206392 142
1739809174718 1.7645895270256613 143
1739809174734 1.550906308550033 144
1739809174750 1.3140259767987463 145
1739809174765 1.6814271130301992 146
1739809174782 1.466331089617268 147
1739809174799 1.4455133026687828 148
1739809174818 1.5662469004211221 149
1739809174832 1.5178940627735547 150
1739809174849 1.5867604931602444 151
1739809174865 1.5895098794258322 152
1739809174879 1.787514089599676 153
1739809174894 1.5362965505394985 154
1739809174910 1.8080914795811533 155
1739809174925 1.7265051323930556 156
1739809174940 1.532210699169828 157
1739809174947 1.5323902891523484 158
1739809174963 1.554110758653447 159
1739809174979 1.6451223316064103 160
1739809175003 1.6571858423229309 161
1739809175016 1.4342530840793588 162
1739809175026 1.430681216319121 163
1739809175041 1.530270959499026 164
1739809175057 1.5235127302902032 165
1739809175074 1.457421577302814 166
1739809175089 1.5655288373171308 167
1739809175105 1.579227514142399 168
1739809175127 1.5744699077685833 169
1739809175144 1.2497917947290151 170
1739809175160 1.3893889469882068 171
1739809175167 1.3741630586231572 172
1739809175183 1.4361591239560598 173
1739809175199 1.4871913242436439 174
1739809175217 1.525532203978895 175
1739809175233 1.351496974380754 176
1739809175256 1.416332995924596 177
1739809175273 1.3632150854045069 178
1739809175289 1.4702004490898408 179
1739809175295 1.491974356197134 180
1739809175310 1.257017487366797 181
1739809175332 1.4455952159038155 182
1739809175352 1.43040388076813 183
1739809175367 1.2668243109217108 184
1739809175380 1.6511256794847753 185
1739809175400 1.6235703894134925 186
1739809175416 1.4884382150007403 187
1739809175430 1.4207230324342148 188
1739809175446 1.4524261292932013 189
1739809175446 1.3866902918719497 190
1739809175478 1.5663532616677223 191
1739809175494 1.365949275168682 192
1739809175509 1.2758726047981366 193
1739809175512 1.6033731607593293 194
1739809175530 1.3874312533193958 195
1739809175546 1.596982044327132 196
1739809175562 1.5810277146124188 197
1739809175578 1.558189573751444 198
1739809175593 1.5450313473089756 199
1739809175610 1.312236057929725 200
1739809175626 1.530446698846775 201
1739809175641 1.553297614434505 202
1739809175658 1.3946786237258906 203
1739809175676 1.4346970929874607 204
1739809175685 1.4382338243529538 205
1739809175706 1.2465293526831949 206
1739809175718 1.3162702481955704 207
1739809175732 1.8405663205556735 208
1739809175754 1.5016709756507964 209
1739809175799 1.242991831425779 210
1739809175813 1.5188458346667686 211
1739809175815 1.4890606991840933 212
1739809175831 1.3973352994173731 213
1739809175850 1.5192993340098035 214
1739809175871 1.6000339108611856 215
1739809175886 1.551500440983416 216
1739809175895 1.4767639048450156 217
1739809175911 1.4083703056926686 218
1739809175932 1.6066886622051515 219
1739809175946 1.810482738037544 220
1739809175962 1.632516081373825 221
1739809175977 1.4963161342612263 222
1739809175977 1.5149161264538293 223
1739809175993 1.5440718025135798 224
1739809176009 1.3219296461027912 225
1739809176025 1.6374333564160168 226
1739809176041 1.3252545918402807 227
1739809176057 1.4878476451366809 228
1739809176073 1.5200989923350081 229
1739809176089 1.4907399883601387 230
1739809176104 1.5268166013755364 231
1739809176120 1.714755179522062 232
1739809176136 1.36765166058388 233
1739809176152 1.5211733163945351 234
1739809176168 1.3545983641916874 235
1739809176184 1.2207376017572267 236
1739809176205 1.5998171392829927 237
1739809176216 1.6637252747449127 238
1739809176231 1.5587571571672776 239
1739809176247 1.5695739724857969 240
1739809176263 1.4084828298695335 241
1739809176279 1.1697590616503377 242
1739809176295 1.3455536459733464 243
1739809176311 1.431501168488434 244
1739809176327 1.4855297852973608 245
1739809176343 1.557422001061251 246
1739809176359 1.6763040313737092 247
1739809176375 1.6685691150823267 248
1739809176391 1.3116193800474645 249
1739809176407 1.3883102859057992 250
1739809176422 1.5328927637393648 251
1739809176438 1.7818735469880886 252
1739809176454 1.6107099117082098 253
1739809176470 1.5501812556209669 254
1739809176486 1.340024143620265 255
1739809176501 1.4942000163374451 256
1739809176501 1.8311189022087015 257
1739809176517 1.4818714108791464 258
1739809176533 1.495687911980031 259
1739809176549 1.4971955723559496 260
1739809176565 1.614121468158944 261
1739809176581 1.604234187476068 262
1739809176597 1.4598003960519308 263
1739809176613 1.6147349039960754 264
1739809176629 1.888805733027024 265
1739809176645 1.5016505209056372 266
1739809176660 1.8285107216791967 267
1739809176676 1.4947823504943465 268
1739809176698 1.89914736584206 269
1739809176708 1.417589383862213 270
1739809176724 1.4849455812279617 271
