1739809256081 123.34637744271944 0
1739809256095 91.88589664443643 1
1739809256108 70.40381427075587 2
1739809256123 51.24719210222714 3
1739809256129 42.48028711359487 4
1739809256145 30.706645980177832 5
1739809256161 23.521393874166883 6
1739809256183 19.845404637125913 7
1739809256193 14.710413914268889 8
1739809256214 11.305135770202696 9
1739809256228 9.58797978324811 10
1739809256247 8.012099599475478 11
1739809256263 6.45490218386144 12
1739809256280 5.686540596583635 13
1739809256288 4.9984807872604105 14
1739809256309 3.994090778207075 15
1739809256320 3.7583450485156233 16
1739809256339 3.387613602644089 17
1739809256352 2.9778804807752395 18
1739809256370 2.5406204124894503 19
1739809256384 2.3928618345047523 20
1739809256400 2.45890485397504 21
1739809256416 2.4251123194369897 22
1739809256432 2.2212511584989025 23
1739809256432 2.139401194813108 24
1739809256458 2.161145245412225 25
1739809256471 1.5732385014807646 26
1739809256489 1.653617274009193 27
1739809256495 1.6681261242879202 28
1739809256520 1.6670814314740723 29
1739809256535 1.502384078227952 30
1739809256551 1.6800119885751033 31
1739809256559 1.6198241070581312 32
1739809256582 1.5242981907964475 33
1739809256591 1.4012326607760837 34
1739809256612 1.7000468298645528 35
1739809256623 1.3872821180003014 36
1739809256642 1.3833211780304202 37
1739809256654 1.64841326161551 38
1739809256673 1.5042607832694184 39
1739809256686 1.6142319799761164 40
1739809256702 1.7143634097865215 41
1739809256717 1.346310613528429 42
1739809256733 1.5566320166731131 43
1739809256749 1.417508826548726 44
1739809256765 1.7203874164115531 45
1739809256781 1.3765730778373817 46
1739809256797 1.494735195167716 47
1739809256797 1.3018837024581256 48
1739809256823 1.6805455466488046 49
1739809256828 1.8489889691551393 50
1739809256852 1.3281043551532306 51
1739809256864 1.2787908979166127 52
1739809256883 1.399953570623902 53
1739809256902 1.6319592867173849 54
1739809256915 1.474851078499591 55
1739809256923 1.4074626074386252 56
1739809256945 1.5057525736503659 57
1739809256963 1.5517907380813416 58
1739809256980 1.5235245645772795 59
1739809256994 1.6033615614802188 60
1739809257012 1.43101566695755 61
1739809257035 1.6728431015906085 62
1739809257051 1.5269514553386856 63
1739809257066 1.5328922978373791 64
1739809257078 1.426343977571202 65
1739809257082 1.5229908516487414 66
1739809257108 1.4663060826068872 67
1739809257114 1.5038217228506554 68
1739809257142 1.2910622130312444 69
1739809257152 1.5431602678870078 70
1739809257176 1.4575195883938277 71
