1739809977003 3.3332249465915345 0
1739809977086 1.8757620110941906 1
1739809977156 0.5454033128951256 2
1739809977240 0.7591887730708717 3
1739809977325 1.1618055619876055 4
1739809977414 3.035288236519852 5
1739809977489 2.166055906362477 6
1739809977556 1.6917034895873997 7
1739809977638 1.0138223814249077 8
1739809977704 1.5202493417143272 9
1739809977771 0.8386967403445426 10
1739809977854 0.7460276629142957 11
1739809977932 1.553991001646087 12
1739809978021 0.721762995640704 13
1739809978125 1.324012918537864 14
1739809978254 1.4028874935498261 15
1739809978404 0.3210709157615177 16
1739809978493 0.7234122945196507 17
1739809978579 1.13525130194328 18
1739809978660 1.416343211824658 19
1739809978741 0.9051474610072534 20
1739809978818 2.1811568350164663 21
1739809978897 1.1727665278233552 22
1739809978990 1.0757046293848573 23
1739809979086 0.720660696063143 24
1739809979189 0.7034369818498982 25
1739809979277 0.9861650123074257 26
1739809979357 2.0487976317151984 27
1739809979439 2.636214188475883 28
1739809979517 2.104342697203763 29
1739809979586 0.42254438024635754 30
1739809979659 1.734919022425532 31
1739809979731 1.2744465211940985 32
1739809979803 1.1383897221911 33
1739809979874 0.7951266247489156 34
1739809979986 1.1255596958146834 35
1739809980078 3.5637300875265905 36
1739809980176 1.0381821240714562 37
1739809980277 1.3393893358881797 38
1739809980378 0.3509391114736886 39
1739809980474 0.8836964790028791 40
1739809980580 1.0340196306590785 41
1739809980679 2.557780981805426 42
1739809980774 1.9251540389168436 43
1739809980858 0.9753687931776559 44
1739809980939 1.016372142342169 45
1739809981028 2.7237254553984225 46
1739809981118 1.088303097828268 47
1739809981210 1.3670639206981234 48
1739809981296 1.6971625823936705 49
1739809981377 0.10654563151552272 50
1739809981451 1.2310066577822816 51
1739809981520 2.1611182783174323 52
1739809981588 2.8275742674173037 53
1739809981656 3.2918989340861438 54
1739809981722 2.3621009889159295 55
1739809981800 2.036431810349717 56
1739809981879 2.5933269955096496 57
1739809981954 1.1940247031132525 58
1739809982029 1.6913240297670842 59
1739809982100 3.0310511433318514 60
1739809982175 1.2982934804209159 61
1739809982246 1.418736703660801 62
1739809982321 1.0837248693825074 63
1739809982394 2.875075293077767 64
1739809982469 1.3298229573702305 65
1739809982540 1.6693244954585522 66
1739809982610 2.089309683947654 67
1739809982678 3.5373830387671 68
1739809982745 0.09292445987797397 69
1739809982813 0.9029705496497796 70
1739809982880 2.0855709641421565 71
1739809982951 1.5768154692343483 72
1739809983019 0.27702877025107464 73
1739809983087 1.7414959865108302 74
1739809983159 0.9139296995297901 75
1739809983236 0.10538753880745604 76
1739809983309 1.9219414898537173 77
1739809983385 2.698054434826507 78
1739809983466 1.411287931738676 79
1739809983542 0.9759156845964864 80
1739809983612 2.58455338059729 81
1739809983686 0.9198433848817187 82
1739809983759 1.4794285412294965 83
1739809983829 0.3663763390226456 84
1739809983899 1.2666182929294858 85
1739809983971 2.59874741048662 86
1739809984043 1.1771314352055784 87
1739809984113 1.5858400511605517 88
1739809984184 1.122996006758442 89
1739809984254 2.0415924852855802 90
1739809984323 2.516049132723934 91
1739809984391 2.440583445689512 92
1739809984460 1.4999592410875724 93
1739809984531 1.0856775672259178 94
1739809984601 0.4002172653172228 95
1739809984669 0.5564306055011313 96
1739809984738 1.0467173711177213 97
1739809984804 2.2240120173254154 98
1739809984872 1.552848605351279 99
1739809984940 1.50938485973924 100
1739809985013 1.3006692805291766 101
1739809985086 1.40597566105411 102
1739809985160 0.31865269847005984 103
1739809985242 1.5430863578361296 104
1739809985324 1.0327356968061476 105
1739809985417 0.8634554150790448 106
1739809985502 1.7754249911875646 107
1739809985591 0.2144351785315486 108
1739809985677 1.8243952373812855 109
1739809985762 0.00904803071165937 110
1739809985846 0.5754642815777364 111
1739809985943 0.5689932499936108 112
1739809986028 1.542537992416173 113
1739809986120 0.510653686008376 114
1739809986194 0.7330352111938315 115
1739809986273 2.391326254281975 116
1739809986340 1.5403309537952556 117
1739809986407 2.17858199365851 118
1739809986491 3.324794633807347 119
1739809986559 0.9232230234780869 120
1739809986625 2.3377379035050545 121
1739809986692 1.3567290612047713 122
1739809986759 1.2853815108168525 123
1739809986825 1.6023261210768747 124
1739809986911 1.987256914180657 125
1739809986998 0.49797687396204643 126
1739809987083 0.7729405106501192 127
1739809987164 2.6320784581556556 128
1739809987240 2.010403059572829 129
1739809987310 0.17823139981439604 130
1739809987382 0.9822577128590374 131
1739809987458 0.3166832335300257 132
1739809987529 2.771956972745196 133
1739809987633 2.17431430029832 134
1739809987737 1.8944817377896017 135
1739809987839 1.4663622801867287 136
1739809987944 1.3391974375234186 137
1739809988038 1.375582885328758 138
1739809988129 4.132374142640094 139
1739809988226 1.4941592376812138 140
1739809988307 2.20878804570027 141
1739809988393 1.607389724475706 142
1739809988484 0.9724573217595163 143
1739809988560 2.767824638829077 144
1739809988643 1.6763596087670138 145
1739809988715 0.07488184212906444 146
1739809988781 1.8007049991551565 147
1739809988847 2.859149357140168 148
1739809988926 1.1158971345010253 149
1739809988995 0.9055717765210374 150
1739809989064 4.6501841053760975 151
1739809989132 2.633167588577754 152
1739809989200 1.1839660878083753 153
1739809989274 2.0139502184522495 154
1739809989345 0.7044829386443326 155
1739809989407 0.5695184464404528 156
1739809989471 2.0446983339172875 157
1739809989553 2.7187797747366544 158
1739809989608 0.8616294485723412 159
1739809989674 1.650410592787606 160
1739809989761 1.1782715350600894 161
1739809989837 2.1831673776567175 162
1739809989908 0.5404683726295165 163
1739809989974 1.962201085262837 164
1739809990053 1.3226092222573285 165
1739809990127 2.8336390941086953 166
1739809990198 1.5112058476242214 167
1739809990269 1.2310265629748876 168
1739809990326 1.3382831242909083 169
1739809990409 1.107372205774116 170
1739809990480 1.9082880416655776 171
1739809990541 1.64519294587707 172
1739809990614 1.7943482652411333 173
1739809990686 0.5225791958726709 174
1739809990739 2.196092105562038 175
1739809990815 2.103913844284963 176
1739809990893 1.6024255868295214 177
1739809990964 0.31167703151256215 178
1739809991034 0.8814731962170016 179
1739809991096 1.6233747580418878 180
1739809991170 1.1250939405287261 181
1739809991235 0.4278347707154503 182
1739809991303 0.1347599509083131 183
1739809991369 0.27484766444468584 184
1739809991439 2.0077807954405977 185
1739809991505 1.9449407622346648 186
1739809991576 1.6725100987918176 187
1739809991646 2.178487387840586 188
1739809991715 1.197331206835121 189
1739809991782 1.7969187392783676 190
1739809991856 1.7063205036317952 191
1739809991924 1.0893661836667767 192
1739809991988 1.3145940444675532 193
1739809992053 1.4760123134071574 194
1739809992127 0.18865265777927845 195
1739809992211 1.0789441798417896 196
1739809992282 2.7429338378196317 197
1739809992343 0.7081401731585164 198
1739809992421 2.3717328220821177 199
1739809992486 1.8504680027485123 200
1739809992550 0.4736607268149809 201
1739809992615 1.8722655801365404 202
1739809992690 2.3681584687936748 203
1739809992760 2.7760182095280324 204
1739809992819 0.49973475160684255 205
1739809992883 1.6992994275240156 206
1739809992947 1.1514898647456906 207
1739809993027 0.4366357404794074 208
1739809993096 0.6346722829250504 209
1739809993154 0.8614676146970665 210
1739809993218 1.5058496788098505 211
1739809993298 3.2792435492199097 212
1739809993362 0.9842072732287536 213
1739809993425 1.6344085850439645 214
1739809993489 2.3851828039481613 215
1739809993567 1.8735722361949347 216
1739809993633 0.9108691980140452 217
1739809993697 1.6385216424718518 218
1739809993760 0.3632000325225275 219
1739809993830 0.9119358245873775 220
1739809993889 0.712553491629743 221
1739809993970 2.7891692288383956 222
1739809994034 1.7629626819564232 223
1739809994100 1.713674485174404 224
1739809994176 1.147582996483891 225
1739809994240 1.109531616305253 226
1739809994304 1.4127722285208373 227
1739809994387 1.2450907795591064 228
1739809994448 0.5533660144174029 229
1739809994526 2.4436610615786307 230
1739809994590 1.9366594812937974 231
1739809994654 1.7389612078961025 232
1739809994719 3.3435594244632725 233
1739809994783 1.6955886533047657 234
1739809994862 1.1089362941571623 235
1739809994925 0.9269578058506777 236
1739809994993 1.9092254219643834 237
1739809995066 0.5832626176652961 238
1739809995145 1.924804354590139 239
1739809995207 1.0328881194651385 240
1739809995279 1.183984410088185 241
1739809995344 2.8121538827106183 242
1739809995417 2.439643985665475 243
1739809995491 0.18608363886061036 244
1739809995560 0.9023784136603522 245
1739809995629 0.8519740121249343 246
1739809995698 1.380618279297535 247
1739809995766 3.7526409190632686 248
1739809995832 1.2253695031353269 249
1739809995901 1.6555555722703015 250
1739809995969 1.0154215202270669 251
1739809996039 2.4721419302114125 252
1739809996113 0.2698643296920538 253
1739809996189 1.2283622948004262 254
1739809996261 2.35328588836229 255
1739809996326 1.9965656387314867 256
1739809996400 1.360167510977766 257
1739809996479 1.4698861077454348 258
1739809996550 1.697448641429695 259
1739809996631 1.480478920380777 260
1739809996714 0.7764874190648675 261
1739809996796 1.4473082825002386 262
1739809996881 2.12783703421984 263
1739809996958 4.0443204818322 264
1739809997039 2.6119654246523503 265
1739809997118 1.1973884838777111 266
1739809997190 0.7899355271290995 267
1739809997259 1.9346019224582225 268
1739809997331 0.3358392045169548 269
1739809997407 1.1175773325469478 270
1739809997485 0.725464832075245 271
1739809997564 1.743538568336412 272
1739809997644 0.963657420173755 273
1739809997726 2.074693558609775 274
1739809997796 0.7493258338441633 275
1739809997878 0.6851113019318321 276
1739809997962 0.6775196667818394 277
1739809998046 1.1930221231498326 278
1739809998112 0.9179378782573974 279
1739809998200 2.267191166231044 280
1739809998286 1.2892016617488975 281
1739809998395 1.1972054170971473 282
1739809998507 0.6242287834958036 283
1739809998610 1.030365002011193 284
1739809998713 0.943903563820321 285
1739809998837 3.08421198861851 286
1739809998928 0.8350152555112962 287
1739809999020 1.1658644553465674 288
1739809999094 1.8085514732005632 289
1739809999176 0.11605860419438878 290
1739809999251 1.4231450799037944 291
1739809999327 1.2769923858055277 292
1739809999394 1.0792787069967955 293
1739809999461 1.1992831602895853 294
1739809999543 1.6225587989642585 295
1739809999611 0.9020333250386869 296
1739809999688 0.448576196604944 297
1739809999760 1.6658866835949517 298
1739809999830 1.1320407336778886 299
1739809999895 1.0068795916058206 300
1739809999961 1.151647125923893 301
1739810000028 0.32286189964234785 302
1739810000111 1.2979916889699468 303
1739810000178 1.8421018801607236 304
1739810000261 3.1617665946010236 305
1739810000327 0.6410144997957642 306
1739810000394 1.2111699108354976 307
1739810000476 1.9190340850861247 308
1739810000544 0.9198397010181045 309
1739810000611 1.1416197701922852 310
1739810000677 1.0730893152876546 311
1739810000761 1.3423147079963724 312
1739810000845 2.110545336113277 313
1739810000911 0.7610971580790048 314
1739810000989 1.746109143059932 315
1739810001062 1.0146654833212432 316
1739810001132 0.23029914320390132 317
1739810001195 0.6785978773408494 318
1739810001277 1.5511491308976557 319
1739810001344 0.7009245859769918 320
1739810001411 1.3000319334322759 321
1739810001490 1.423642226135444 322
1739810001545 1.3010050450475095 323
1739810001628 1.8649717360122609 324
1739810001695 0.00014740445581715771 325
1739810001762 1.003158066918748 326
1739810001828 1.0959799748280232 327
1739810001895 1.574124089445739 328
1739810001962 0.9357427133932723 329
1739810002046 0.5783467679507013 330
1739810002112 1.2102983158280685 331
1739810002195 1.4685281085625015 332
1739810002262 1.712522243083696 333
1739810002334 1.3842385416077727 334
1739810002395 1.8813286189089253 335
1739810002462 0.7935709065268546 336
1739810002528 1.0850593509516009 337
1739810002612 2.127949113314778 338
1739810002678 0.2512318475681519 339
1739810002746 2.0791350855547557 340
1739810002812 1.5331787773016015 341
1739810002899 0.3790572658552856 342
1739810002962 2.111288907619551 343
1739810003053 0.28539297885885306 344
1739810003124 0.28831063490497943 345
1739810003198 0.687184666629872 346
1739810003261 1.7008584666153337 347
1739810003344 1.196353224521175 348
1739810003411 0.015211809062263259 349
1739810003495 1.7059991304115165 350
1739810003566 0.7093269821775675 351
1739810003632 0.2691695213878468 352
1739810003712 1.3449220225518155 353
1739810003777 1.6054294262053395 354
1739810003845 1.1589997245039818 355
1739810003928 2.5214029878391524 356
1739810003995 1.1827632978729037 357
1739810004063 0.796887558810074 358
1739810004145 2.612018450492125 359
1739810004211 1.369236473816102 360
1739810004277 1.2093206444848266 361
1739810004360 2.0023261809930424 362
1739810004429 2.6927944317847934 363
1739810004494 2.3049414480453887 364
1739810004576 2.3286729220893494 365
1739810004644 0.5101502227994043 366
1739810004716 1.1356416061069508 367
1739810004779 0.3838117427056459 368
1739810004845 1.1550109864676918 369
1739810004929 0.840393282336615 370
1739810004999 0.8905624957651233 371
1739810005077 2.076211374814138 372
1739810005147 1.1586725975033427 373
1739810005228 0.9693500756473978 374
1739810005295 1.8648745028328493 375
1739810005376 1.2184848274713265 376
1739810005450 0.6814048443922085 377
1739810005516 1.2983058825089735 378
1739810005594 1.192659709776932 379
1739810005662 1.3592789012671718 380
1739810005733 2.477084379077007 381
1739810005795 1.3992531993790565 382
1739810005861 0.8375944336580308 383
1739810005929 3.3018445655874866 384
1739810006012 1.5958726571986899 385
1739810006079 1.0340826966210057 386
1739810006154 0.6498253323498848 387
1739810006228 1.8564742049588907 388
1739810006295 0.9887635625544443 389
1739810006368 2.2466000648930224 390
1739810006428 1.8406137886733198 391
1739810006510 2.071672657516969 392
1739810006579 0.19630210819683894 393
1739810006652 1.4543544839612197 394
1739810006712 0.4187678820332546 395
1739810006778 2.240874943370932 396
1739810006862 3.8821258877849467 397
1739810006929 1.9850112981265904 398
1739810006996 2.360927029521248 399
1739810007079 1.2464129983827752 400
1739810007146 1.0894569358765787 401
1739810007213 2.0339538289111263 402
1739810007288 2.535297574687615 403
1739810007363 1.1529671112397144 404
1739810007427 1.9579550499240335 405
1739810007529 1.5599019513510453 406
1739810007612 0.4443557300093519 407
1739810007701 0.8939424121960854 408
1739810007779 1.1229000871319879 409
1739810007846 2.41102767942239 410
1739810007912 0.9242736559993746 411
1739810007996 2.217728020242654 412
1739810008062 1.61421711375467 413
1739810008146 0.7983790226428038 414
1739810008229 1.1501944758718314 415
1739810008296 1.9764530393621014 416
1739810008382 1.8352505513871102 417
1739810008446 1.2239214893466457 418
1739810008530 0.9018746098373449 419
1739810008596 0.5316008509878335 420
1739810008675 1.3868799406550771 421
1739810008746 0.45300096801713796 422
1739810008819 1.5429231233407652 423
1739810008880 1.0602825949600654 424
1739810008946 2.028717775226932 425
1739810009030 0.14178018622306443 426
1739810009096 1.6488461535071244 427
1739810009163 0.7116440520811138 428
1739810009230 0.3916747512665039 429
1739810009312 1.3016068863174972 430
1739810009380 1.774502884027131 431
1739810009446 0.27690515047769265 432
1739810009530 1.6403688532088851 433
1739810009597 2.8660441717786624 434
1739810009664 1.2454864271697461 435
1739810009750 1.8844288069009827 436
1739810009813 0.8573895586464342 437
1739810009896 1.2269958123470444 438
1739810009964 1.5536941408780924 439
1739810010040 2.4967718868377844 440
1739810010095 1.513711008683831 441
1739810010181 1.2305116003544976 442
1739810010247 1.2610937249196725 443
1739810010313 1.2810116139326533 444
1739810010380 1.9498910875483668 445
1739810010463 0.523654890168739 446
1739810010530 1.2361527562387342 447
1739810010630 2.1977743438762753 448
1739810010697 2.0586993759268424 449
1739810010780 1.070567381852536 450
1739810010847 1.9828767454010718 451
1739810010914 1.8049710032039765 452
1739810010980 0.8599903546854589 453
1739810011063 2.2929718502207597 454
1739810011130 2.3745266973906505 455
1739810011197 0.7217450120509354 456
1739810011279 2.6394045584678416 457
1739810011347 2.108733738599366 458
1739810011413 1.267117417636094 459
1739810011481 1.2552586659120668 460
1739810011547 1.1652614947526085 461
1739810011630 2.029739661202869 462
1739810011708 0.37458546450396824 463
1739810011781 1.5678220004321086 464
1739810011847 1.432403715008897 465
1739810011930 2.2704092471816186 466
1739810011997 1.8507345493634444 467
1739810012080 3.149044486054831 468
1739810012147 2.2967279390000312 469
1739810012213 3.4553515984717396 470
1739810012281 1.8291516302084214 471
1739810012347 0.2880354827287314 472
1739810012431 2.565748452375405 473
1739810012497 0.385219277560778 474
1739810012564 1.374457245416064 475
1739810012629 0.6247621846419001 476
1739810012714 1.940009402582609 477
1739810012781 0.9919164746704641 478
1739810012846 1.0788033850496668 479
1739810012920 1.2628637551772675 480
1739810012997 0.33262079443584114 481
1739810013064 2.0051996769671874 482
1739810013131 0.8304979034997978 483
1739810013197 2.4819771935507258 484
1739810013280 1.9284863798926306 485
1739810013348 2.370701728075687 486
1739810013414 1.934917543836507 487
1739810013481 1.0318711210348521 488
1739810013548 0.269110124347546 489
1739810013631 1.7890170945431163 490
1739810013698 1.0017389550386813 491
1739810013764 1.5237011894998995 492
1739810013848 0.012895386939976407 493
1739810013914 2.7709936850634125 494
1739810013982 1.6334353195395557 495
1739810014064 0.674343841900981 496
1739810014136 0.17593054916139633 497
1739810014197 2.497278998257208 498
1739810014281 1.4477380123620711 499
