1739809296999 129.8848190719201 0
1739809297030 101.2666931894757 1
1739809297046 77.56388187311752 2
1739809297062 57.62197740421921 3
1739809297078 43.30412540073812 4
1739809297094 33.90038284572441 5
1739809297110 24.312891938684615 6
1739809297126 20.960034047590398 7
1739809297142 16.982824312167203 8
1739809297157 13.290622247035344 9
1739809297173 10.382780709930925 10
1739809297173 8.950240078330983 11
1739809297190 7.335692326402503 12
1739809297205 6.526385123575871 13
1739809297221 5.41511542490226 14
1739809297238 4.688863584982735 15
1739809297270 4.23347387684712 16
1739809297285 4.146868810423336 17
1739809297301 3.2495972154705237 18
1739809297317 2.7749803158472086 19
1739809297317 3.0168694138173966 20
1739809297333 2.435224161171556 21
1739809297349 2.3396093775693627 22
1739809297365 2.3151165616057647 23
1739809297381 2.227724491954262 24
1739809297397 2.1654195205921494 25
1739809297412 1.9185719702024457 26
1739809297429 2.3263813783983047 27
1739809297445 1.9646497450553728 28
1739809297460 1.6938174507333763 29
1739809297476 1.9026616358561452 30
1739809297492 1.653294221802351 31
1739809297508 1.3606157081881178 32
1739809297524 1.901528007211035 33
1739809297540 1.8790841717397715 34
1739809297556 1.4053221086316399 35
1739809297577 1.6127063256693333 36
1739809297592 1.7399169358991775 37
1739809297606 1.4981208763380944 38
1739809297619 1.5956423374494408 39
1739809297635 1.598380651434703 40
1739809297651 1.6288371835977844 41
1739809297651 1.4911767651833785 42
1739809297681 1.6740700659325554 43
1739809297689 1.5796369475556007 44
1739809297698 1.5580855720484748 45
1739809297714 1.5917071853656266 46
1739809297732 1.613664389659459 47
1739809297748 1.7602417966939572 48
1739809297761 1.2632516009567405 49
1739809297777 1.7261446961890206 50
1739809297794 1.4883186479321042 51
1739809297814 1.4055342333826073 52
1739809297826 1.543704250416544 53
1739809297842 1.5408590393732107 54
1739809297858 1.6179569005010677 55
1739809297874 1.7395933946795477 56
1739809297890 1.3777722112504482 57
1739809297906 1.5533775561126204 58
1739809297922 1.6107598118215167 59
1739809297938 1.6059254395456855 60
1739809297954 1.7457164926706714 61
1739809297969 1.3766658072673432 62
1739809297985 1.4775352296119215 63
1739809298001 1.4308498538773542 64
1739809298017 1.5455909973727746 65
1739809298033 1.7096502681652317 66
1739809298049 1.5203558103458648 67
1739809298049 1.6274575383874923 68
1739809298064 1.5686014169716884 69
1739809298080 1.483494437814611 70
1739809298096 1.5051973436229162 71
1739809298112 1.4757720846565396 72
1739809298128 1.7418197342294772 73
1739809298144 1.5710570573844278 74
1739809298160 1.6970715981225633 75
1739809298176 1.489468429350221 76
1739809298191 1.459040975404997 77
1739809298207 1.4711589864960555 78
1739809298223 1.4794036915969846 79
1739809298239 1.4713364720879836 80
1739809298255 1.42751391088781 81
1739809298280 1.686487986944479 82
1739809298292 1.478446309539169 83
1739809298302 1.51826554553242 84
1739809298318 1.4677334955621213 85
1739809298334 1.5063002241218435 86
1739809298350 1.4382922706795729 87
1739809298366 1.7512752569085825 88
1739809298381 1.5212171882984336 89
1739809298397 1.5427923532451344 90
1739809298413 1.4295579335941277 91
1739809298429 1.414420736113327 92
1739809298445 1.361628645578265 93
1739809298461 1.4202148151542773 94
1739809298477 1.6003629325678954 95
1739809298493 1.650808995857027 96
1739809298509 1.6543488249932066 97
1739809298525 1.4098277121773464 98
1739809298541 1.5688413267543555 99
1739809298557 1.5798922766351582 100
1739809298573 1.3863363472021009 101
1739809298573 1.6907526752997217 102
1739809298589 1.1327976410509348 103
1739809298605 1.2907661219965558 104
1739809298637 1.5952859360619878 105
1739809298637 1.6068191815481314 106
1739809298653 1.245877712272042 107
1739809298669 1.5179269618163527 108
1739809298685 1.4326407579739608 109
1739809298701 1.4573257552216168 110
1739809298717 1.3524051996769777 111
1739809298733 1.5985854897777028 112
1739809298749 1.2896199473406884 113
1739809298765 1.359986708858493 114
1739809298781 1.6061918720614798 115
1739809298796 1.5256024264372219 116
1739809298812 1.6482749851137257 117
1739809298828 1.586965601605124 118
1739809298846 1.3173387223624031 119
1739809298859 1.520982918211384 120
1739809298880 1.5919695348170093 121
1739809298891 1.8159890279496724 122
1739809298907 1.4086051991858626 123
1739809298923 1.5924985953030044 124
1739809298938 1.546415258089306 125
1739809298959 1.813945979748263 126
1739809298973 1.562920468665633 127
1739809298986 1.5353538586925746 128
1739809299004 1.7055348946929951 129
1739809299018 1.723151415640006 130
1739809299034 1.4132096894624824 131
1739809299050 1.531138406399359 132
1739809299065 1.7396544980069542 133
1739809299081 1.2867619473144927 134
1739809299094 1.4964505506566073 135
1739809299109 1.4929367509989173 136
1739809299125 1.5408055555071194 137
1739809299140 1.5335750476346948 138
1739809299154 1.7156830139580295 139
1739809299169 1.4158284851737264 140
1739809299185 1.5687852312458406 141
1739809299199 1.4102388577250535 142
1739809299215 1.2442934370032877 143
1739809299225 1.5259472980352704 144
1739809299241 1.594689700419021 145
1739809299260 1.4652994861199902 146
1739809299275 1.4628113137477332 147
1739809299289 1.4994568862816242 148
1739809299305 1.3195877971268928 149
1739809299321 1.4395726271592764 150
1739809299337 1.5276443363187737 151
1739809299352 1.4088254420773667 152
1739809299368 1.5838611955471904 153
1739809299380 1.5038590305556052 154
1739809299395 1.5664646852824524 155
1739809299410 1.484133991898973 156
1739809299426 1.4750607899399413 157
1739809299441 1.5186350839830995 158
1739809299456 1.3779255549673952 159
1739809299470 1.4572765838577204 160
1739809299486 1.523514902930169 161
1739809299500 1.671105887673806 162
1739809299515 1.568736191719172 163
1739809299529 1.5850708805831284 164
1739809299544 1.7613252691119679 165
1739809299560 1.539409419813623 166
1739809299576 1.7489349733432502 167
1739809299592 1.5239027664244245 168
1739809299607 1.3908948834939507 169
1739809299623 1.3969532905882556 170
1739809299639 1.700263376952926 171
1739809299654 1.4526429750631842 172
1739809299670 1.2281114849926043 173
1739809299686 1.1924597755521598 174
1739809299702 1.6153948379123357 175
1739809299702 1.564850456713448 176
1739809299729 1.3881915298922116 177
1739809299743 1.6333015004099107 178
1739809299754 1.7173061648697754 179
1739809299778 1.4958616829861662 180
1739809299790 1.4150075649382543 181
1739809299804 1.3497252123691428 182
1739809299820 1.5640016625358724 183
1739809299835 1.5998939467286828 184
1739809299844 1.4738666429603742 185
1739809299868 1.627183527957722 186
1739809299883 1.4829799756947986 187
1739809299895 1.744870692977891 188
1739809299910 1.4306887138658602 189
1739809299926 1.44523127960737 190
1739809299942 1.437117923130525 191
1739809299955 1.5544377584186955 192
1739809299971 1.4916519167914541 193
1739809299987 1.4487046351065822 194
1739809300003 1.5874453003305065 195
1739809300015 1.6342574498860074 196
1739809300018 1.5714052149079252 197
1739809300045 1.5035652289642991 198
1739809300061 1.896598066191608 199
1739809300076 1.412935087373343 200
1739809300091 1.4192777210420864 201
1739809300107 1.3847554855374486 202
1739809300122 1.385026032470969 203
1739809300136 1.7255105646276434 204
1739809300151 1.3775775371734256 205
1739809300166 1.415288700860011 206
1739809300178 1.5405975828105767 207
1739809300196 1.662734904890616 208
1739809300211 1.475968755622209 209
1739809300225 1.5087690580900952 210
1739809300250 1.4311975105188746 211
1739809300262 1.5407593884011406 212
1739809300278 1.4387867169504966 213
1739809300293 1.3473656117511648 214
1739809300309 1.629145867912014 215
1739809300323 1.7081583164335676 216
1739809300336 1.5415476343707275 217
1739809300352 1.5394893378552146 218
1739809300368 1.7445426280148244 219
1739809300384 1.566042871473386 220
1739809300400 1.7530045653145898 221
1739809300412 1.5935764710912337 222
1739809300427 1.581493056253602 223
1739809300442 1.5333850504675883 224
1739809300458 1.5122440568588886 225
1739809300473 1.7336739546967015 226
1739809300488 1.7852695147870725 227
1739809300503 1.4068950903378081 228
1739809300519 1.6097405644606517 229
1739809300534 1.4737048608184116 230
1739809300549 1.485089470151611 231
1739809300563 1.4289624567037478 232
1739809300575 1.5543520498140209 233
1739809300594 1.4100763608480076 234
1739809300609 1.8320259931406484 235
1739809300624 1.488944064161658 236
1739809300640 1.602394176891595 237
1739809300654 1.535089774929139 238
1739809300670 1.4007586534264354 239
1739809300685 1.4168449415928492 240
1739809300701 1.4609799584606067 241
1739809300701 1.6449304316134543 242
1739809300729 1.4543766405564367 243
1739809300743 1.2497562825289767 244
1739809300759 1.4670283167118414 245
1739809300775 1.5376497395673772 246
1739809300791 1.5932905351424862 247
1739809300806 1.7673452026751122 248
1739809300822 1.6443838942583913 249
1739809300837 1.5125232283004544 250
1739809300853 1.5692452509307193 251
1739809300867 1.3608889642644788 252
1739809300883 1.5273683924532084 253
1739809300898 1.3839566421156788 254
1739809300908 1.454058293625703 255
1739809300929 1.461711190382557 256
1739809300944 1.3210784664757989 257
1739809300959 1.6425480040841722 258
1739809300975 1.7208578480071934 259
1739809300990 1.4736877544109959 260
1739809301005 1.4077317221369985 261
1739809301021 1.5210463151100553 262
1739809301037 1.4018638241295276 263
1739809301050 1.4332540709094188 264
1739809301066 1.5068857374672218 265
1739809301082 1.7381173394911968 266
1739809301098 1.5203405892593447 267
1739809301114 1.6792255786913057 268
1739809301130 1.6525152253595088 269
1739809301143 1.2856948449608794 270
1739809301157 1.4458861779965804 271
1739809301173 1.6418317668176814 272
1739809301187 1.8184575906255867 273
1739809301202 1.3986702045785824 274
1739809301218 1.407377305823004 275
1739809301232 1.50392384557032 276
1739809301242 1.3622487654929154 277
1739809301262 1.7091834477906336 278
1739809301280 1.4896496881863708 279
1739809301293 1.4777678655409177 280
1739809301308 1.4732826868799171 281
1739809301323 1.6476096597113206 282
1739809301337 1.4947344905506879 283
1739809301353 1.4950397478700344 284
1739809301369 1.3283703711639014 285
1739809301385 1.375875938896817 286
1739809301401 1.671194573005965 287
1739809301413 1.4187146369151653 288
1739809301428 1.5018271356773318 289
1739809301443 1.774658734881229 290
1739809301458 1.5334036092628542 291
1739809301473 1.5539407664855167 292
1739809301488 1.6051378288075575 293
1739809301503 1.4831793038695629 294
1739809301518 1.6393945753240649 295
1739809301533 1.5515571935467871 296
1739809301549 1.3474477595557635 297
1739809301564 1.4239650213229418 298
1739809301578 1.604979951859996 299
1739809301591 1.8478871084999153 300
1739809301613 1.451344803287138 301
1739809301628 1.3515464816066487 302
1739809301644 1.5978410082896126 303
1739809301659 1.5684626904036238 304
1739809301675 1.6663799879996783 305
