1739809102124 160.019834510833 0
1739809102131 159.95612698493883 1
1739809102147 159.949770938921 2
1739809102163 159.9434038100357 3
1739809102179 159.93703695027233 4
1739809102194 159.9306703573723 5
1739809102194 159.92430403132457 6
1739809102210 159.91793797211764 7
1739809102226 159.91157217974012 8
1739809102242 159.90520665418055 9
1739809102258 159.89884139542744 10
1739809102274 159.89247640346943 11
1739809102290 159.88611167829498 12
1739809102306 159.87974721989272 13
1739809102322 159.87338302825117 14
1739809102322 159.86701910335884 15
1739809102338 159.86065544520443 16
1739809102354 159.85429205377633 17
1739809102370 159.84792892906322 18
1739809102385 159.84156607105356 19
1739809102401 159.83520347973595 20
1739809102417 159.82884115509896 21
1739809102433 159.82247909713115 22
1739809102449 159.81611730582105 23
1739809102465 159.80975578115726 24
1739809102481 159.80339452312833 25
1739809102481 159.79703353172275 26
1739809102496 159.7906728069292 27
1739809102512 159.7843123487361 28
1739809102528 159.7779521571322 29
1739809102544 159.77159223210595 30
1739809102560 159.76523257364585 31
1739809102576 159.75887318174054 32
1739809102592 159.75251405637863 33
1739809102592 159.7461551975486 34
1739809102608 159.73979660523904 35
1739809102624 159.73343827943853 36
1739809102639 159.72708022013566 37
1739809102655 159.72072242731895 38
1739809102671 159.71436490097702 39
1739809102687 159.7080076410983 40
1739809102689 159.70165064767156 41
1739809102702 159.6952939206852 42
1739809102719 159.6889374601279 43
1739809102735 159.68258126598815 44
1739809102750 159.67622533825457 45
1739809102766 159.66986967691577 46
1739809102783 159.6635142819602 47
1739809102783 159.6571591533765 48
1739809102799 159.6508042911533 49
1739809102815 159.64444969527912 50
1739809102830 159.63809536574246 51
1739809102846 159.631741302532 52
1739809102862 159.62538750563624 53
1739809102878 159.61903397504383 54
1739809102878 159.61268071074335 55
1739809102906 159.60632771272324 56
1739809102917 159.59997498097226 57
1739809102925 159.59362251547884 58
1739809102941 159.5872703162316 59
1739809102957 159.58091838321917 60
1739809102973 159.57456671643004 61
1739809102973 159.56821531585288 62
1739809102989 159.5618641814762 63
1739809103006 159.55551331328863 64
1739809103023 159.54916271127868 65
1739809103041 159.542812375435 66
1739809103055 159.53646230574617 67
1739809103069 159.53011250220072 68
1739809103069 159.52376296478724 69
1739809103085 159.5174136934944 70
1739809103100 159.51106468831065 71
1739809103117 159.50471594922467 72
1739809103133 159.49836747622498 73
1739809103149 159.4920192693003 74
1739809103149 159.485671328439 75
1739809103164 159.4793236536298 76
1739809103181 159.47297624486131 77
1739809103196 159.46662910212203 78
1739809103212 159.4602822254006 79
1739809103212 159.4539356146856 80
1739809103228 159.44758926996562 81
1739809103244 159.44124319122923 82
1739809103260 159.434897378465 83
1739809103276 159.42855183166162 84
1739809103292 159.42220655080757 85
1739809103308 159.41586153589148 86
1739809103308 159.40951678690195 87
1739809103324 159.40317230382757 88
1739809103340 159.3968280866569 89
1739809103356 159.3904841353786 90
1739809103372 159.3841404499812 91
1739809103388 159.3777970304533 92
1739809103388 159.3714538767835 93
1739809103404 159.36511098896045 94
1739809103424 159.35876836697267 95
1739809103436 159.35242601080878 96
1739809103452 159.3460839204574 97
1739809103468 159.3397420959071 98
1739809103484 159.33340053714645 99
1739809103484 159.32705924416413 100
1739809103500 159.32071821694868 101
1739809103516 159.31437745548865 102
1739809103532 159.30803695977275 103
1739809103548 159.3016967297895 104
1739809103564 159.29535676552754 105
1739809103564 159.28901706697548 106
1739809103580 159.28267763412185 107
1739809103596 159.2763384669553 108
1739809103612 159.26999956546447 109
1739809103628 159.26366092963784 110
1739809103644 159.25732255946417 111
1739809103644 159.250984454932 112
1739809103660 159.24464661602988 113
1739809103676 159.23830904274647 114
1739809103691 159.23197173507037 115
1739809103707 159.22563469299016 116
1739809103723 159.21929791649447 117
1739809103723 159.2129614055719 118
1739809103739 159.20662516021102 119
1739809103755 159.20028918040055 120
1739809103771 159.19395346612896 121
1739809103787 159.18761801738492 122
1739809103802 159.18128283415703 123
1739809103802 159.17494791643395 124
1739809103818 159.16861326420423 125
1739809103835 159.1622788774565 126
1739809103850 159.15594475617937 127
1739809103866 159.14961090036144 128
1739809103882 159.1432773099913 129
1739809103882 159.13694398505766 130
1739809103898 159.130610925549 131
1739809103914 159.12427813145405 132
1739809103930 159.11794560276135 133
1739809103951 159.11161333945952 134
1739809103962 159.10528134153722 135
1739809103977 159.09894960898308 136
1739809103993 159.0926181417856 137
1739809103993 159.08628693993347 138
1739809104009 159.07995600341533 139
1739809104025 159.0736253322198 140
1739809104041 159.06729492633545 141
1739809104057 159.06096478575097 142
1739809104073 159.0546349104548 143
1739809104089 159.0483053004358 144
1739809104089 159.04197595568243 145
1739809104104 159.0356468761834 146
1739809104121 159.02931806192723 147
1739809104136 159.02298951290263 148
1739809104152 159.01666122909816 149
1739809104168 159.01033321050255 150
1739809104184 159.00400545710426 151
1739809104184 158.99767796889205 152
1739809104201 158.99135074585445 153
1739809104217 158.98502378798017 154
1739809104233 158.9786970952578 155
1739809104249 158.97237066767588 156
1739809104264 158.96604450522318 157
1739809104280 158.95971860788822 158
1739809104280 158.9533929756597 159
1739809104296 158.94706760852617 160
1739809104312 158.94074250647634 161
1739809104327 158.9344176694988 162
1739809104343 158.92809309758215 163
1739809104359 158.92176879071505 164
1739809104375 158.91544474888613 165
1739809104375 158.909120972084 166
1739809104391 158.90279746029734 167
1739809104407 158.89647421351472 168
1739809104423 158.89015123172484 169
1739809104439 158.88382851491622 170
1739809104455 158.87750606307762 171
1739809104455 158.8711838761976 172
1739809104474 158.86486195426477 173
1739809104487 158.85854029726784 174
1739809104503 158.8522189051954 175
1739809104519 158.84589777803612 176
1739809104535 158.8395769157786 177
1739809104551 158.83325631841146 178
1739809104551 158.82693598592334 179
1739809104567 158.82061591830296 180
1739809104583 158.81429611553884 181
1739809104600 158.80797657761974 182
1739809104616 158.8016573045342 183
1739809104616 158.79533829627087 184
1739809104632 158.7890195528184 185
1739809104647 158.78270107416546 186
1739809104663 158.77638286030066 187
1739809104680 158.77006491121267 188
1739809104696 158.76374722689013 189
1739809104696 158.75742980732164 190
1739809104711 158.75111265249583 191
1739809104727 158.74479576240142 192
1739809104743 158.73847913702704 193
1739809104759 158.73216277636126 194
1739809104775 158.7258466803928 195
1739809104791 158.71953084911027 196
1739809104791 158.71321528250232 197
1739809104807 158.7068999805576 198
1739809104823 158.70058494326477 199
1739809104838 158.6942701706124 200
1739809104855 158.68795566258925 201
1739809104855 158.68164141918393 202
1739809104871 158.67532744038505 203
1739809104887 158.6690137261813 204
1739809104903 158.66270027656128 205
1739809104919 158.65638709151372 206
1739809104935 158.65007417102717 207
1739809104951 158.64376151509038 208
1739809104951 158.6374491236919 209
1739809104966 158.63113699682052 210
1739809104983 158.62482513446471 211
1739809104998 158.61851353661328 212
1739809105015 158.61220220325484 213
1739809105030 158.60589113437803 214
1739809105046 158.59958032997147 215
1739809105046 158.59326979002384 216
1739809105062 158.58695951452384 217
1739809105086 158.58064950346005 218
1739809105100 158.5743397568212 219
1739809105110 158.56803027459588 220
1739809105126 158.5617210567728 221
1739809105126 158.55541210334061 222
1739809105142 158.5491034142879 223
1739809105158 158.54279498960346 224
1739809105174 158.53648682927582 225
1739809105190 158.5301789332937 226
1739809105205 158.52387130164578 227
1739809105205 158.51756393432066 228
1739809105234 158.51125683130704 229
1739809105244 158.50494999259357 230
1739809105253 158.49864341816897 231
1739809105269 158.4923371080218 232
1739809105285 158.48603106214074 233
1739809105301 158.47972528051457 234
1739809105301 158.47341976313186 235
1739809105319 158.46711450998126 236
1739809105333 158.46080952105146 237
1739809105349 158.4545047963311 238
1739809105366 158.4482003358089 239
1739809105381 158.44189613947353 240
1739809105381 158.4355922073136 241
1739809105397 158.42928853931778 242
1739809105413 158.42298513547482 243
1739809105429 158.41668199577325 244
1739809105444 158.41037912020187 245
1739809105460 158.40407650874926 246
1739809105460 158.3977741614042 247
1739809105476 158.39147207815526 248
1739809105492 158.3851702589911 249
1739809105508 158.37886870390048 250
1739809105524 158.372567412872 251
1739809105540 158.36626638589436 252
1739809105540 158.35996562295625 253
1739809105556 158.3536651240463 254
1739809105572 158.3473648891532 255
1739809105588 158.3410649182657 256
1739809105604 158.33476521137234 257
1739809105604 158.32846576846185 258
1739809105620 158.32216658952294 259
1739809105636 158.31586767454428 260
1739809105652 158.3095690235145 261
1739809105669 158.30327063642235 262
1739809105684 158.29697251325643 263
1739809105684 158.29067465400547 264
1739809105701 158.28437705865815 265
1739809105717 158.2780797272031 266
1739809105733 158.27178265962905 267
1739809105749 158.26548585592465 268
1739809105765 158.2591893160786 269
1739809105781 158.25289304007956 270
1739809105781 158.24659702791624 271
1739809105796 158.24030127957732 272
1739809105812 158.23400579505144 273
1739809105828 158.2277105743274 274
1739809105844 158.22141561739372 275
1739809105860 158.21512092423916 276
1739809105860 158.20882649485245 277
1739809105876 158.20253232922224 278
1739809105892 158.19623842733716 279
1739809105908 158.18994478918597 280
1739809105924 158.1836514147573 281
1739809105940 158.1773583040399 282
1739809105940 158.17106545702242 283
1739809105956 158.16477287369355 284
1739809105972 158.158480554042 285
1739809105988 158.15218849805646 286
1739809106004 158.1458967057256 287
1739809106020 158.13960517703808 288
1739809106020 158.13331391198264 289
1739809106036 158.1270229105479 290
1739809106052 158.12073217272268 291
1739809106068 158.1144416984956 292
1739809106083 158.10815148785534 293
1739809106099 158.10186154079057 294
1739809106115 158.09557185729003 295
1739809106181 158.0892824373424 296
1739809106197 158.0829932809364 297
1739809106211 158.07670438806065 298
1739809106227 158.07041575870397 299
1739809106242 158.06412739285494 300
1739809106242 158.05783929050233 301
1739809106259 158.05155145163477 302
1739809106274 158.045263876241 303
1739809106290 158.0389765643097 304
1739809106306 158.03268951582962 305
1739809106322 158.0264027307894 306
1739809106338 158.0201162091778 307
1739809106354 158.01382995098342 308
1739809106354 158.00754395619504 309
1739809106370 158.00125822480132 310
1739809106386 157.99497275679101 311
1739809106402 157.98868755215275 312
1739809106420 157.9824026108753 313
1739809106433 157.97611793294737 314
1739809106433 157.9698335183576 315
1739809106450 157.9635493670947 316
1739809106466 157.9572654791475 317
1739809106481 157.9509818545045 318
1739809106497 157.9446984931546 319
1739809106513 157.93841539508634 320
1739809106513 157.93213256028852 321
1739809106529 157.92584998874986 322
1739809106545 157.919567680459 323
1739809106561 157.9132856354047 324
1739809106576 157.90700385357565 325
1739809106592 157.9007223349606 326
1739809106608 157.8944410795482 327
1739809106608 157.88816008732715 328
1739809106624 157.88187935828623 329
1739809106641 157.8755988924141 330
1739809106656 157.8693186896995 331
1739809106678 157.8630387501311 332
1739809106689 157.85675907369765 333
1739809106705 157.85047966038783 334
1739809106721 157.84420051019038 335
1739809106721 157.83792162309402 336
1739809106737 157.83164299908748 337
1739809106753 157.8253646381594 338
1739809106768 157.81908654029857 339
1739809106784 157.8128087054937 340
1739809106801 157.80653113373344 341
1739809106801 157.80025382500654 342
1739809106817 157.79397677930177 343
1739809106833 157.78769999660778 344
1739809106848 157.78142347691335 345
1739809106864 157.7751472202071 346
1739809106880 157.76887122647784 347
1739809106895 157.76259549571427 348
1739809106895 157.75632002790513 349
1739809106911 157.75004482303905 350
1739809106927 157.74376988110484 351
1739809106943 157.7374952020912 352
1739809106959 157.7312207859868 353
1739809106975 157.72494663278047 354
1739809106975 157.71867274246083 355
1739809106991 157.71239911501667 356
1739809107007 157.70612575043668 357
1739809107023 157.69985264870962 358
1739809107039 157.69357980982414 359
1739809107039 157.68730723376905 360
1739809107055 157.68103492053302 361
1739809107071 157.67476287010484 362
1739809107087 157.66849108247314 363
1739809107103 157.66221955762674 364
1739809107120 157.65594829555428 365
1739809107136 157.64967729624456 366
1739809107136 157.6434065596863 367
1739809107152 157.63713608586824 368
1739809107167 157.630865874779 369
1739809107183 157.62459592640747 370
1739809107199 157.6183262407423 371
1739809107199 157.6120568177722 372
1739809107216 157.60578765748593 373
1739809107231 157.59951875987227 374
1739809107247 157.59325012491982 375
1739809107270 157.5869817526175 376
1739809107284 157.58071364295384 377
1739809107294 157.57444579591777 378
1739809107310 157.56817821149787 379
1739809107310 157.56191088968296 380
1739809107326 157.55564383046175 381
1739809107343 157.54937703382296 382
1739809107358 157.54311049975536 383
1739809107374 157.5368442282477 384
1739809107389 157.53057821928863 385
1739809107405 157.524312472867 386
1739809107419 157.5180469889715 387
1739809107427 157.5117817675908 388
1739809107436 157.5055168087138 389
1739809107452 157.49925211232906 390
1739809107468 157.49298767842544 391
1739809107485 157.4867235069916 392
1739809107500 157.48045959801644 393
1739809107516 157.4741959514885 394
1739809107532 157.46793256739664 395
1739809107551 157.46166944572963 396
1739809107580 157.45540658647604 397
1739809107595 157.44914398962487 398
1739809107611 157.44288165516463 399
1739809107627 157.43661958308422 400
1739809107643 157.4303577733723 401
1739809107659 157.42409622601764 402
1739809107674 157.417834941009 403
1739809107690 157.41157391833514 404
1739809107706 157.40531315798478 405
1739809107722 157.39905265994668 406
1739809107738 157.39279242420957 407
1739809107754 157.38653245076216 408
1739809107770 157.38027273959335 409
1739809107786 157.37401329069175 410
1739809107806 157.36775410404616 411
1739809107820 157.3614951796453 412
1739809107828 157.35523651747795 413
1739809107844 157.34897811753285 414
1739809107860 157.34271997979877 415
1739809107876 157.3364621042645 416
1739809107876 157.33020449091867 417
1739809107891 157.32394713975015 418
1739809107908 157.31769005074761 419
1739809107924 157.3114332238999 420
1739809107940 157.3051766591957 421
1739809107956 157.29892035662377 422
1739809107956 157.2926643161729 423
1739809107972 157.28640853783185 424
1739809107988 157.28015302158934 425
1739809108004 157.27389776743416 426
1739809108020 157.26764277535506 427
1739809108039 157.26138804534077 428
1739809108052 157.25513357738006 429
1739809108052 157.24887937146175 430
1739809108068 157.2426254275745 431
1739809108084 157.2363717457072 432
1739809108099 157.23011832584848 433
1739809108115 157.22386516798716 434
1739809108131 157.21761227211198 435
1739809108131 157.21135963821177 436
1739809108147 157.20510726627523 437
1739809108163 157.19885515629113 438
1739809108179 157.1926033082482 439
1739809108195 157.1863517221353 440
1739809108211 157.18010039794115 441
1739809108227 157.1738493356545 442
1739809108227 157.1675985352641 443
1739809108242 157.16134799675874 444
1739809108259 157.1550977201272 445
1739809108274 157.14884770535824 446
1739809108290 157.14259795244058 447
1739809108307 157.13634846136307 448
1739809108323 157.13009923211442 449
1739809108323 157.12385026468348 450
1739809108339 157.1176015590589 451
1739809108354 157.1113531152295 452
1739809108370 157.10510493318407 453
1739809108386 157.09885701291137 454
1739809108403 157.0926093544002 455
1739809108419 157.08636195763927 456
1739809108419 157.08011482261745 457
1739809108434 157.07386794932341 458
1739809108450 157.067621337746 459
1739809108466 157.06137498787393 460
1739809108482 157.05512889969597 461
1739809108498 157.04888307320095 462
1739809108514 157.04263750837768 463
1739809108514 157.03639220521487 464
1739809108536 157.0301471637013 465
1739809108546 157.02390238382569 466
1739809108562 157.01765786557698 467
1739809108578 157.01141360894377 468
1739809108594 157.00516961391497 469
1739809108594 156.99892588047933 470
1739809108609 156.99268240862557 471
1739809108626 156.98643919834254 472
1739809108641 156.98019624961896 473
1739809108658 156.97395356244365 474
1739809108673 156.9677111368054 475
1739809108673 156.96146897269298 476
1739809108689 156.95522707009516 477
1739809108705 156.94898542900071 478
1739809108721 156.94274404939844 479
1739809108738 156.9365029312772 480
1739809108754 156.9302620746256 481
1739809108769 156.92402147943258 482
1739809108769 156.91778114568686 483
1739809108785 156.91154107337726 484
1739809108801 156.90530126249254 485
1739809108817 156.8990617130215 486
1739809108833 156.89282242495295 487
1739809108849 156.88658339827558 488
1739809108865 156.88034463297834 489
1739809108865 156.8741061290498 490
1739809108881 156.867867886479 491
1739809108896 156.86162990525455 492
1739809108912 156.85539218536533 493
1739809108928 156.84915472680004 494
1739809108944 156.84291752954755 495
1739809108960 156.83668059359667 496
1739809108976 156.83044391893614 497
1739809108976 156.82420750555474 498
1739809108992 156.8179713534413 499
