1739808721013 169.089027582395 0
1739808721030 169.0215592450472 1
1739808721045 168.95411921432984 2
1739808721061 168.88670747809277 3
1739808721070 168.81932402419096 4
1739808721076 168.75196884048472 5
1739808721097 168.68464191483966 6
1739808721115 168.61734323512658 7
1739808721128 168.5500727892216 8
1739808721144 168.4828305650061 9
1739808721159 168.4156165503668 10
1739808721172 168.3484307331955 11
1739808721177 168.28127310138947 12
1739808721199 168.21414364285107 13
1739808721208 168.14704234548802 14
1739808721224 168.07996919721327 15
1739808721243 168.01292418594497 16
1739808721247 167.94590729960652 17
1739808721262 167.8789185261267 18
1739808721278 167.81195785343942 19
1739808721294 167.74502526948382 20
1739808721316 167.6781207622043 21
1739808721327 167.6112443195505 22
1739808721346 167.54439592947736 23
1739808721355 167.47757557994493 24
1739808721363 167.41078325891863 25
1739808721379 167.34401895436892 26
1739808721395 167.27728265427166 27
1739808721411 167.21057434660793 28
1739808721411 167.1438940193639 29
1739808721428 167.0772416605311 30
1739808721447 167.01061725810607 31
1739808721462 166.94402080009087 32
1739808721478 166.87745227449244 33
1739808721494 166.81091166932327 34
1739808721494 166.74439897260075 35
1739808721513 166.6779141723477 36
1739808721533 166.61145725659196 37
1739808721547 166.54502821336675 38
1739808721547 166.47862703071033 39
1739808721569 166.41225369666626 40
1739808721578 166.34590819928326 41
1739808721594 166.27959052661524 42
1739808721610 166.2133006667213 43
1739808721620 166.14703860766573 44
1739808721630 166.08080433751798 45
1739808721646 166.01459784435278 46
1739808721664 165.94841911624985 47
1739808721673 165.8822681412943 48
1739808721679 165.81614490757633 49
1739808721695 165.75004940319127 50
1739808721716 165.68398161623958 51
1739808721727 165.61794153482708 52
1739808721742 165.55192914706453 53
1739808721746 165.48594444106809 54
1739808721771 165.4199874049589 55
1739808721780 165.35405802686327 56
1739808721796 165.2881562949128 57
1739808721800 165.22228219724414 58
1739808721815 165.156435721999 59
1739808721827 165.09061685732453 60
1739808721843 165.02482559137275 61
1739808721863 164.95906191230097 62
1739808721864 164.89332580827156 63
1739808721879 164.82761726745213 64
1739808721895 164.7619362780153 65
1739808721911 164.69628282813898 66
1739808721927 164.63065690600612 67
1739808721932 164.5650584998048 68
1739808721947 164.49948759772826 69
1739808721959 164.43394418797487 70
1739808721980 164.3684282587481 71
1739808721985 164.3029397982566 72
1739808721999 164.23747879471406 73
1739808722013 164.17204523633936 74
1739808722029 164.10663911135643 75
1739808722045 164.04126040799443 76
1739808722050 163.97590911448742 77
1739808722063 163.91058521907485 78
1739808722080 163.8452887100011 79
1739808722096 163.78001957551567 80
1739808722112 163.71477780387315 81
1739808722117 163.64956338333334 82
1739808722139 163.58437630216102 83
1739808722151 163.51921654862616 84
1739808722175 163.45408411100374 85
1739808722191 163.38897897757386 86
1739808722203 163.32390113662177 87
1739808722224 163.25885057643777 88
1739808722239 163.19382728531713 89
1739808722250 163.1288312515604 90
1739808722263 163.06386246347316 91
1739808722281 162.9989209093659 92
1739808722296 162.9340065775545 93
1739808722306 162.86911945635953 94
1739808722322 162.80425953410696 95
1739808722329 162.73942679912773 96
1739808722345 162.67462123975776 97
1739808722363 162.60984284433812 98
1739808722377 162.5450916012149 99
1739808722393 162.48036749873935 100
1739808722405 162.41567052526764 101
1739808722412 162.35100066916107 102
1739808722431 162.28635791878602 103
1739808722444 162.22174226251389 104
1739808722457 162.1571536887211 105
1739808722460 162.09259218578916 106
1739808722484 162.0280577421046 107
1739808722492 161.96355034605912 108
1739808722510 161.89906998604923 109
1739808722514 161.83461665047662 110
1739808722535 161.770190327748 111
1739808722546 161.7057910062752 112
1739808722559 161.64141867447486 113
1739808722561 161.57707332076893 114
1739808722584 161.51275493358415 115
1739808722593 161.4484635013524 116
1739808722612 161.3841990125106 117
1739808722614 161.31996145550062 118
1739808722636 161.25575081876946 119
1739808722646 161.19156709076896 120
1739808722664 161.12741025995615 121
1739808722678 161.06328031479296 122
1739808722690 160.99917724374643 123
1739808722693 160.93510103528857 124
1739808722716 160.8710516778963 125
1739808722730 160.8070291600517 126
1739808722743 160.74303347024176 127
1739808722745 160.67906459695848 128
1739808722769 160.61512252869886 129
1739808722777 160.5512072539649 130
1739808722794 160.4873187612636 131
1739808722794 160.42345703910695 132
1739808722821 160.35962207601196 133
1739808722831 160.2958138605005 134
1739808722847 160.23203238109963 135
1739808722847 160.16827762634122 136
1739808722873 160.1045495847622 137
1739808722878 160.04084824490448 138
1739808722898 159.9771735953148 139
1739808722910 159.9135256245452 140
1739808722928 159.8499043211523 141
1739808722931 159.786309673698 142
1739808722953 159.72274167074903 143
1739808722961 159.6592003008771 144
1739808722979 159.5956855526589 145
1739808722993 159.53219741467598 146
1739808723005 159.46873587551502 147
1739808723014 159.40530092376756 148
1739808723030 159.3418925480301 149
1739808723045 159.2785107369041 150
1739808723057 159.21515547899594 151
1739808723072 159.15182676291704 152
1739808723086 159.08852457728364 153
1739808723099 159.02524891071707 154
1739808723113 158.96199975184336 155
1739808723127 158.89877708929382 156
1739808723139 158.83558091170434 157
1739808723153 158.7724112077161 158
1739808723162 158.70926796597493 159
1739808723180 158.64615117513168 160
1739808723191 158.58306082384217 161
1739808723193 158.5199969007671 162
1739808723217 158.45695939457215 163
1739808723225 158.39394829392785 164
1739808723244 158.33096358750967 165
1739808723247 158.26800526399805 166
1739808723268 158.2050733120783 167
1739808723279 158.14216772044063 168
1739808723292 158.07928847778018 169
1739808723294 158.01643557279698 170
1739808723319 157.95360899419603 171
1739808723329 157.8908087306872 172
1739808723347 157.82803477098523 173
1739808723347 157.76528710380975 174
1739808723372 157.7025657178854 175
1739808723378 157.6398706019416 176
1739808723398 157.57720174471268 177
1739808723410 157.51455913493788 178
1739808723423 157.4519427613614 179
1739808723430 157.38935261273224 180
1739808723450 157.32678867780427 181
1739808723462 157.26425094533636 182
1739808723474 157.20173940409205 183
1739808723478 157.13925404284004 184
1739808723500 157.07679485035365 185
1739808723510 157.0143618154113 186
1739808723526 156.95195492679605 187
1739808723526 156.88957417329598 188
1739808723551 156.82721954370402 189
1739808723564 156.76489102681796 190
1739808723576 156.70258861144046 191
1739808723596 156.640312286379 192
1739808723607 156.57806204044596 193
1739808723612 156.5158378624586 194
1739808723634 156.4536397412389 195
1739808723645 156.39146766561387 196
1739808723660 156.32932162441537 197
1739808723665 156.2672016064799 198
1739808723685 156.20510760064903 199
1739808723695 156.143039595769 200
1739808723711 156.0809975806911 201
1739808723711 156.0189815442713 202
1739808723739 155.95699147537047 203
1739808723744 155.89502736285422 204
1739808723764 155.83308919559312 205
1739808723779 155.7711769624626 206
1739808723790 155.70929065234273 207
1739808723797 155.64743025411858 208
1739808723817 155.58559575668 209
1739808723827 155.5237871489216 210
1739808723843 155.46200441974293 211
1739808723843 155.40024755804828 212
1739808723868 155.33851655274677 213
1739808723880 155.27681139275234 214
1739808723893 155.2151320669837 215
1739808723896 155.15347856436452 216
1739808723919 155.09185087382306 217
1739808723928 155.03024898429257 218
1739808723943 154.968672884711 219
1739808723943 154.90712256402117 220
1739808723969 154.84559801117064 221
1739808723980 154.7840992151118 222
1739808723996 154.7226261648019 223
1739808723996 154.66117884920286 224
1739808724021 154.59975725728145 225
1739808724028 154.53836137800923 226
1739808724048 154.47699120036256 227
1739808724060 154.41564671332262 228
1739808724073 154.35432790587527 229
1739808724082 154.29303476701128 230
1739808724100 154.23176728572602 231
1739808724113 154.1705254510199 232
1739808724126 154.10930925189786 233
1739808724134 154.04811867736967 234
1739808724153 153.98695371645002 235
1739808724161 153.92581435815822 236
1739808724180 153.86470059151839 237
1739808724182 153.8036124055594 238
1739808724204 153.7425497893149 239
1739808724213 153.68151273182332 240
1739808724229 153.62050122212779 241
1739808724245 153.55951524927633 242
1739808724257 153.49855480232148 243
1739808724270 153.43761987032073 244
1739808724283 153.37671044233633 245
1739808724296 153.31582650743516 246
1739808724308 153.25496805468885 247
1739808724322 153.19413507317392 248
1739808724335 153.13332755197143 249
1739808724347 153.07254548016738 250
1739808724361 153.0117888468524 251
1739808724374 152.9510576411218 252
1739808724387 152.89035185207578 253
1739808724400 152.82967146881916 254
1739808724414 152.7690164804615 255
1739808724426 152.7083868761171 256
1739808724438 152.64778264490496 257
1739808724442 152.58720377594892 258
1739808724466 152.52665025837746 259
1739808724478 152.4661220813237 260
1739808724492 152.40561923392556 261
1739808724504 152.34514170532574 262
1739808724518 152.28468948467147 263
1739808724530 152.22426256111498 264
1739808724543 152.16386092381288 265
1739808724556 152.1034845619267 266
1739808724568 152.0431334646226 267
1739808724582 151.98280762107146 268
1739808724595 151.92250702044888 269
1739808724607 151.86223165193513 270
1739808724620 151.80198150471517 271
1739808724632 151.7417565679787 272
1739808724645 151.6815568309201 273
1739808724659 151.6213822827384 274
1739808724672 151.5612329126373 275
1739808724686 151.50110870982533 276
1739808724699 151.44100966351553 277
1739808724713 151.38093576292576 278
1739808724725 151.32088699727845 279
1739808724738 151.26086335580072 280
1739808724752 151.20086482772456 281
1739808724765 151.14089140228634 282
1739808724778 151.0809430687273 283
1739808724790 151.02101981629326 284
1739808724804 150.96112163423473 285
1739808724816 150.90124851180698 286
1739808724829 150.84140043826977 287
1739808724841 150.7815774028877 288
1739808724854 150.72177939492988 289
1739808724866 150.66200640367015 290
1739808724877 150.60225841838704 291
1739808724893 150.54253542836364 292
1739808724903 150.48283742288783 293
1739808724915 150.4231643912519 294
1739808724930 150.36351632275313 295
1739808724930 150.30389320669315 296
1739808724959 150.24429503237832 297
1739808724961 150.18472178911978 298
1739808724986 150.1251734662331 299
1739808724998 150.06565005303858 300
1739808725010 150.00615153886122 301
1739808725010 149.94667791303056 302
1739808725037 149.8872291648808 303
1739808725046 149.82780528375082 304
1739808725062 149.76840625898407 305
1739808725062 149.7090320799285 306
1739808725089 149.6496827359371 307
1739808725094 149.59035821636695 308
1739808725117 149.5310585105801 309
1739808725132 149.47178360794314 310
1739808725142 149.41253349782724 311
1739808725147 149.3533081696082 312
1739808725169 149.2941076126664 313
1739808725179 149.2349318163869 314
1739808725195 149.17578077015935 315
1739808725208 149.116654463378 316
1739808725219 149.05755288544157 317
1739808725233 148.99847602575363 318
1739808725247 148.93942387372218 319
1739808725260 148.8803964187598 320
1739808725272 148.8213936502838 321
1739808725278 148.76241555771597 322
1739808725300 148.7034621304827 323
1739808725312 148.64453335801508 324
1739808725325 148.58562922974872 325
1739808725338 148.52674973512367 326
1739808725350 148.46789486358475 327
1739808725364 148.40906460458135 328
1739808725377 148.35025894756737 329
1739808725390 148.29147788200132 330
1739808725404 148.23272139734624 331
1739808725417 148.17398948306985 332
1739808725430 148.1152821286443 333
1739808725443 148.05659932354644 334
1739808725455 147.9979410572576 335
1739808725470 147.93930731926375 336
1739808725484 147.8806980990553 337
1739808725495 147.8221133861274 338
1739808725511 147.76355316997953 339
1739808725516 147.70501744011602 340
1739808725537 147.64650618604546 341
1739808725548 147.5880193972812 342
1739808725563 147.52955706334106 343
1739808725563 147.47111917374735 344
1739808725590 147.4127057180271 345
1739808725595 147.35431668571172 346
1739808725615 147.2959520663373 347
1739808725627 147.23761184944425 348
1739808725641 147.17929602457775 349
1739808725648 147.12100458128748 350
1739808725667 147.06273750912757 351
1739808725679 147.00449479765672 352
1739808725693 146.94627643643815 353
1739808725695 146.88808241503966 354
1739808725711 146.82991272303352 355
1739808725736 146.77176734999654 356
1739808725753 146.7136462855101 357
1739808725768 146.65554951916008 358
1739808725783 146.59747704053672 359
1739808725799 146.53942883923511 360
1739808725814 146.48140490485457 361
1739808725833 146.42340522699902 362
1739808725845 146.36542979527698 363
1739808725856 146.30747859930133 364
1739808725870 146.24955162868963 365
1739808725881 146.1916488730637 366
1739808725896 146.1337703220501 367
1739808725896 146.07591596527982 368
1739808725921 146.0180857923883 369
1739808725931 145.9602797930155 370
1739808725947 145.90249795680595 371
1739808725947 145.84474027340858 372
1739808725973 145.7870067324768 373
1739808725978 145.7292973236686 374
1739808726001 145.6716120366464 375
1739808726013 145.61395086107714 376
1739808726026 145.55631378663224 377
1739808726029 145.49870080298757 378
1739808726053 145.44111189982348 379
1739808726061 145.38354706682483 380
1739808726080 145.3260062936809 381
1739808726094 145.26848957008553 382
1739808726107 145.21099688573705 383
1739808726113 145.15352823033814 384
1739808726134 145.09608359359595 385
1739808726145 145.03866296522224 386
1739808726161 144.98126633493317 387
1739808726161 144.92389369244927 388
1739808726186 144.86654502749565 389
1739808726193 144.8092203298018 390
1739808726213 144.75191958910176 391
1739808726231 144.69464279513394 392
1739808726249 144.63738993764122 393
1739808726270 144.5801610063709 394
1739808726283 144.52295599107487 395
1739808726297 144.46577488150928 396
1739808726309 144.40861766743487 397
1739808726315 144.35148433861679 398
1739808726333 144.29437488482446 399
1739808726344 144.23728929583208 400
1739808726362 144.18022756141798 401
1739808726362 144.12318967136508 402
1739808726388 144.06617561546065 403
1739808726399 144.00918538349651 404
1739808726416 143.95221896526877 405
1739808726430 143.89527635057811 406
1739808726443 143.83835752922948 407
1739808726456 143.78146249103236 408
1739808726470 143.7245912258007 409
1739808726483 143.66774372335266 410
1739808726497 143.6109199735111 411
1739808726507 143.55411996610306 412
1739808726524 143.49734369096012 413
1739808726539 143.44059113791818 414
1739808726552 143.3838622968177 415
1739808726569 143.32715715750342 416
1739808726585 143.27047570982452 417
1739808726600 143.2138179436346 418
1739808726615 143.15718384879165 419
1739808726628 143.10057341515807 420
1739808726640 143.04398663260062 421
1739808726649 142.9874234909905 422
1739808726665 142.93088398020336 423
1739808726680 142.87436809011908 424
1739808726693 142.81787581062213 425
1739808726705 142.76140713160117 426
1739808726717 142.7049620429494 427
1739808726732 142.64854053456438 428
1739808726749 142.59214259634797 429
1739808726763 142.53576821820647 430
1739808726775 142.47941739005063 431
1739808726789 142.42309010179545 432
1739808726802 142.3667863433603 433
1739808726814 142.31050610466914 434
1739808726826 142.25424937565 435
1739808726831 142.19801614623552 436
1739808726852 142.14180640636255 437
1739808726866 142.08562014597243 438
1739808726879 142.0294573550108 439
1739808726879 141.97331802342762 440
1739808726904 141.91720214117737 441
1739808726918 141.86110969821866 442
1739808726932 141.8050406845146 443
1739808726946 141.74899509003268 444
1739808726957 141.69297290474472 445
1739808726971 141.6369741186268 446
1739808726986 141.58099872165937 447
1739808726999 141.52504670382743 448
1739808727016 141.46911805512005 449
1739808727031 141.41321276553074 450
1739808727042 141.3573308250575 451
1739808727049 141.3014722237024 452
1739808727071 141.2456369514721 453
1739808727083 141.18982499837745 454
1739808727098 141.13403635443362 455
1739808727115 141.07827100966028 456
1739808727126 141.02252895408122 457
1739808727141 140.9668101777247 458
1739808727150 140.91111467062328 459
1739808727170 140.85544242281372 460
1739808727182 140.7997934243373 461
1739808727196 140.74416766523953 462
1739808727208 140.68856513557017 463
1739808727220 140.63298582538343 464
1739808727234 140.57742972473778 465
1739808727251 140.5218968236959 466
1739808727265 140.46638711232498 467
1739808727280 140.41090058069636 468
1739808727295 140.35543721888573 469
1739808727303 140.29999701697315 470
1739808727320 140.2445799650429 471
1739808727334 140.18918605318356 472
1739808727349 140.13381527148812 473
1739808727362 140.07846761005374 474
1739808727376 140.02314305898193 475
1739808727381 139.96784160837856 476
1739808727400 139.91256324835362 477
1739808727410 139.85730796902155 478
1739808727425 139.80207576050105 479
1739808727425 139.74686661291506 480
1739808727445 139.69168051639082 481
1739808727466 139.63651746105987 482
1739808727478 139.58137743705802 483
1739808727481 139.52626043452534 484
1739808727504 139.47116644360625 485
1739808727512 139.41609545444936 486
1739808727530 139.3610474572076 487
1739808727543 139.3060224420382 488
1739808727556 139.25102039910257 489
1739808727570 139.19604131856644 490
1739808727583 139.14108519059985 491
1739808727596 139.08615200537702 492
1739808727608 139.03124175307653 493
1739808727621 138.97635442388108 494
1739808727634 138.9214900079778 495
1739808727647 138.86664849555794 496
1739808727660 138.81182987681711 497
1739808727675 138.75703414195505 498
1739808727682 138.70226128117585 499
