1739809003266 169.39219483905381 0
1739809003287 168.7164793889255 1
1739809003302 168.04359752404403 2
1739809003315 167.3735370898782 3
1739809003329 166.70628598465984 4
1739809003346 166.04183215915327 5
1739809003346 165.3801636164259 6
1739809003371 164.72126841161972 7
1739809003385 164.0651346517239 8
1739809003399 163.41175049534837 9
1739809003412 162.76110415249835 10
1739809003425 162.11318388434978 11
1739809003441 161.467978003026 12
1739809003453 160.82547487137515 13
1739809003457 160.18566290274873 14
1739809003479 159.5485305607809 15
1739809003489 158.91406635916897 16
1739809003507 158.28225886145478 17
1739809003520 157.653096680807 18
1739809003532 157.02656847980447 19
1739809003537 156.40266297022026 20
1739809003568 155.7813689128072 21
1739809003568 155.16267511708352 22
1739809003594 154.54657044112025 23
1739809003600 153.93304379132923 24
1739809003621 153.32208412225168 25
1739809003635 152.7136804363485 26
1739809003647 152.1078217837906 27
1739809003663 151.50449726225088 28
1739809003679 150.9036960166967 29
1739809003679 150.3054072391834 30
1739809003704 149.70962016864874 31
1739809003711 149.11632409070808 32
1739809003731 148.52550833745067 33
1739809003743 147.93716228723687 34
1739809003759 147.3512753644959 35
1739809003761 146.7678370395248 36
1739809003783 146.18683682828828 37
1739809003791 145.60826429221916 38
1739809003807 145.03210903802002 39
1739809003823 144.45836071746558 40
1739809003836 143.88700902720572 41
1739809003839 143.31804370856983 42
1739809003865 142.75145454737165 43
1739809003872 142.18723137371512 44
1739809003892 141.62536406180092 45
1739809003904 141.0658425297342 46
1739809003920 140.50865673933268 47
1739809003936 139.95379669593603 48
1739809003947 139.40125244821584 49
1739809003951 138.85101408798639 50
1739809003973 138.30307175001641 51
1739809003984 137.7574156118417 52
1739809004000 137.2140358935782 53
1739809004016 136.6729228577364 54
1739809004027 136.13406680903614 55
1739809004032 135.59745809422245 56
1739809004053 135.06308710188208 57
1739809004063 134.530944262261 58
1739809004082 134.00102004708242 59
1739809004096 133.4733049693659 60
1739809004106 132.94778958324704 61
1739809004112 132.4244644837982 62
1739809004133 131.90332030684954 63
1739809004144 131.3843477288115 64
1739809004159 130.8675374664974 65
1739809004176 130.35288027694742 66
1739809004188 129.84036695725285 67
1739809004192 129.32998834438135 68
1739809004214 128.82173531500297 69
1739809004223 128.31559878531698 70
1739809004239 127.81156971087916 71
1739809004255 127.30963908643037 72
1739809004266 126.8097979457253 73
1739809004273 126.31203736136241 74
1739809004293 125.81634844461438 75
1739809004302 125.32272234525928 76
1739809004321 124.83115025141281 77
1739809004334 124.34162338936075 78
1739809004347 123.8541330233926 79
1739809004350 123.36867045563575 80
1739809004374 122.8852270258903 81
1739809004382 122.40379411146482 82
1739809004401 121.92436312701268 83
1739809004415 121.44692552436905 84
1739809004432 120.97147279238881 85
1739809004447 120.497996456785 86
1739809004458 120.02648807996796 87
1739809004462 119.5569392608854 88
1739809004478 119.08934163486279 89
1739809004502 118.62368687344495 90
1739809004517 118.15996668423782 91
1739809004525 117.69817281075127 92
1739809004541 117.23829703224244 93
1739809004557 116.7803311635599 94
1739809004569 116.32426705498828 95
1739809004585 115.87009659209377 96
1739809004597 115.41781169557028 97
1739809004604 114.96740432108615 98
1739809004623 114.51886645913157 99
1739809004637 114.07219013486693 100
1739809004652 113.62736740797126 101
1739809004668 113.18439037249202 102
1739809004680 112.74325115669491 103
1739809004684 112.30394192291493 104
1739809004706 111.86645486740761 105
1739809004719 111.43078222020108 106
1739809004731 110.99691624494888 107
1739809004747 110.56484923878328 108
1739809004760 110.13457353216924 109
1739809004763 109.70608148875917 110
1739809004787 109.27936550524811 111
1739809004795 108.85441801122963 112
1739809004813 108.43123146905246 113
1739809004827 108.00979837367767 114
1739809004840 107.59011125253632 115
1739809004843 107.17216266538803 116
1739809004867 106.75594520418001 117
1739809004875 106.3414514929066 118
1739809004894 105.92867418746968 119
1739809004907 105.5176059755395 120
1739809004923 105.10823957641612 121
1739809004936 104.70056774089161 122
1739809004949 104.29458325111268 123
1739809004955 103.890278920444 124
1739809004977 103.48764759333208 125
1739809004986 103.08668214516986 126
1739809005005 102.6873754821617 127
1739809005018 102.28972054118906 128
1739809005031 101.89371028967686 129
1739809005034 101.49933772546025 130
1739809005058 101.10659587665212 131
1739809005066 100.71547780151103 132
1739809005086 100.32597658830989 133
1739809005098 99.93808535520502 134
1739809005114 99.55179725010602 135
1739809005114 99.1671054505461 136
1739809005139 98.7840031635528 137
1739809005152 98.40248362551948 138
1739809005166 98.02254010207751 139
1739809005178 97.64416588796861 140
1739809005194 97.26735430691808 141
1739809005209 96.89209871150854 142
1739809005209 96.518392483054 143
1739809005235 96.14622903147482 144
1739809005241 95.77560179517293 145
1739809005261 95.40650424090776 146
1739809005273 95.03892986367266 147
1739809005287 94.67287218657185 148
1739809005289 94.30832476069786 149
1739809005314 93.94528116500973 150
1739809005322 93.58373500621141 151
1739809005340 93.22367991863098 152
1739809005353 92.86510956410018 153
1739809005369 92.50801763183469 154
1739809005369 92.15239783831473 155
1739809005394 91.79824392716621 156
1739809005401 91.44554966904263 157
1739809005420 91.09430886150723 158
1739809005433 90.74451532891558 159
1739809005445 90.39616292229921 160
1739809005451 90.04924551924906 161
1739809005471 89.70375702379992 162
1739809005481 89.35969136631529 163
1739809005498 89.01704250337247 164
1739809005512 88.67580441764859 165
1739809005524 88.33597111780678 166
1739809005528 87.99753663838302 167
1739809005551 87.66049503967338 168
1739809005560 87.3248404076219 169
1739809005579 86.99056685370873 170
1739809005592 86.65766851483909 171
1739809005608 86.32613955323234 172
1739809005608 85.99597415631186 173
1739809005632 85.66716653659513 174
1739809005640 85.33971093158459 175
1739809005658 85.0136016036587 176
1739809005671 84.68883283996365 177
1739809005687 84.36539895230548 178
1739809005687 84.04329427704265 179
1739809005713 83.72251317497921 180
1739809005724 83.4030500312582 181
1739809005739 83.08489925525576 182
1739809005751 82.76805528047558 183
1739809005766 82.45251256444381 184
1739809005766 82.13826558860447 185
1739809005792 81.82530885821524 186
1739809005809 81.51363690224389 187
1739809005826 81.2032442732649 188
1739809005830 80.89412554735672 189
1739809005847 80.58627532399953 190
1739809005862 80.27968822597313 191
1739809005878 79.97435889925575 192
1739809005894 79.67028201292275 193
1739809005910 79.36745225904642 194
1739809005910 79.06586435259548 195
1739809005928 78.76551303133569 196
1739809005941 78.46639305573042 197
1739809005960 78.16849920884201 198
1739809005974 77.87182629623311 199
1739809005980 77.57636914586904 200
1739809005989 77.2821226080201 201
1739809006013 76.98908155516449 202
1739809006021 76.69724088189162 203
1739809006040 76.40659550480594 204
1739809006053 76.11714036243106 205
1739809006066 75.8288704151143 206
1739809006069 75.5417806449318 207
1739809006093 75.25586605559386 208
1739809006100 74.97112167235078 209
1739809006116 74.6875425418992 210
1739809006133 74.40512373228864 211
1739809006147 74.12386033282867 212
1739809006157 73.84374745399627 213
1739809006174 73.56478022734386 214
1739809006180 73.2869538054074 215
1739809006201 73.01026336161526 216
1739809006212 72.7347040901972 217
1739809006212 72.46027120609381 218
1739809006236 72.18695994486649 219
1739809006252 71.91476556260764 220
1739809006260 71.64368333585138 221
1739809006280 71.37370856148453 222
1739809006292 71.10483655665816 223
1739809006309 70.83706265869931 224
1739809006313 70.57038222502328 225
1739809006334 70.30479063304614 226
1739809006339 70.04028328009787 227
1739809006361 69.77685558333555 228
1739809006370 69.51450297965715 229
1739809006386 69.25322092561576 230
1739809006402 68.99300489733392 231
1739809006414 68.73385039041858 232
1739809006418 68.47575291987631 233
1739809006439 68.21870802002897 234
1739809006450 67.96271124442957 235
1739809006468 67.7077581657787 236
1739809006482 67.45384437584129 237
1739809006495 67.2009654853635 238
1739809006497 66.94911712399039 239
1739809006515 66.69829494018359 240
1739809006529 66.4484946011394 241
1739809006547 66.19971179270749 242
1739809006561 65.95194221930961 243
1739809006574 65.7051816038589 244
1739809006577 65.45942568767943 245
1739809006600 65.21467023042614 246
1739809006609 64.9709110100052 247
1739809006627 64.72814382249447 248
1739809006641 64.48636448206467 249
1739809006647 64.24556882090059 250
1739809006662 64.00575268912274 251
1739809006682 63.766911954709464 252
1739809006696 63.5290425034192 253
1739809006705 63.292140238713195 254
1739809006719 63.056201081678545 255
1739809006735 62.82122097095156 256
1739809006735 62.58719586264143 257
1739809006751 62.35412173025433 258
1739809006776 62.12199456461767 259
1739809006789 61.89081037380496 260
1739809006799 61.66056518306064 261
1739809006815 61.43125503472555 262
1739809006821 61.202875988162646 263
1739809006841 60.97542411968288 264
1739809006847 60.74889552247163 265
1739809006867 60.523286306515274 266
1739809006878 60.29859259852824 267
1739809006894 60.07481054188023 268
1739809006894 59.85193629652387 269
1739809006911 59.62996603892255 270
1739809006926 59.40889596197882 271
1739809006947 59.18872227496279 272
1739809006958 58.96944120344108 273
1739809006974 58.75104898920591 274
1739809006974 58.53354189020471 275
1739809006999 58.3169161804698 276
1739809007005 58.10116815004857 277
1739809007024 57.88629410493382 278
1739809007037 57.67229036699452 279
1739809007051 57.45915327390677 280
1739809007053 57.24687917908519 281
1739809007068 57.03546445161445 282
1739809007084 56.82490547618124 283
1739809007100 56.615198653006466 284
1739809007116 56.406340397777726 285
1739809007130 56.19832714158216 286
1739809007132 55.99115533083951 287
1739809007156 55.784821427235535 288
1739809007169 55.57932190765563 289
1739809007184 55.37465326411891 290
1739809007196 55.17081200371233 291
1739809007211 54.96779464852533 292
1739809007211 54.7655977355846 293
1739809007230 54.564217816789245 294
1739809007243 54.36365145884616 295
1739809007264 54.1638952432057 296
1739809007277 53.96494576599764 297
1739809007290 53.76679963796748 298
1739809007290 53.56945348441286 299
1739809007317 53.372903945120434 300
1739809007322 53.17714767430293 301
1739809007344 52.98218134053645 302
1739809007354 52.7880016266982 303
1739809007369 52.59460522990424 304
1739809007385 52.40198886144777 305
1739809007397 52.210149246737515 306
1739809007401 52.01908312523641 307
1739809007417 51.828787250400644 308
1739809007433 51.63925838961882 309
1739809007449 51.45049332415147 310
1739809007449 51.26248884907091 311
1739809007477 51.07524177320117 312
1739809007487 50.88874891905833 313
1739809007497 50.70300712279108 314
1739809007519 50.5180132341215 315
1739809007531 50.33376411628619 316
1739809007545 50.15025664597757 317
1739809007551 49.967487713285436 318
1739809007560 49.78545422163886 319
1739809007583 49.60415308774825 320
1739809007592 49.42358124154771 321
1739809007610 49.243735626137614 322
1739809007624 49.06461319772751 323
1739809007636 48.88621092557917 324
1739809007639 48.70852579194997 325
1739809007663 48.53155479203646 326
1739809007671 48.35529493391827 327
1739809007689 48.179743238502084 328
1739809007703 48.00489673946609 329
1739809007715 47.83075248320449 330
1739809007719 47.65730752877236 331
1739809007741 47.48455894783061 332
1739809007750 47.312503824591424 333
1739809007768 47.14113925576371 334
1739809007782 46.97046235049889 335
1739809007796 46.80047023033691 336
1739809007798 46.631160029152504 337
1739809007822 46.46252889310167 338
1739809007829 46.29457398056835 339
1739809007848 46.12729246211145 340
1739809007862 45.96068152041196 341
1739809007877 45.79473835022038 342
1739809007877 45.62946015830439 343
1739809007896 45.464844163396684 344
1739809007909 45.3008875961431 345
1739809007925 45.137587699050876 346
1739809007941 44.974941726437294 347
1739809007947 44.81294694437838 348
1739809007957 44.65160063065795 349
1739809007980 44.490900074716784 350
1739809007993 44.33084257760211 351
1739809008005 44.17142545191723 352
1739809008005 44.01264602177146 353
1739809008032 43.85450162273014 354
1739809008037 43.69698960176504 355
1739809008058 43.54010731720486 356
1739809008068 43.383852138685974 357
1739809008084 43.22822144710341 358
1739809008100 43.07321263456202 359
1739809008112 42.918823104327906 360
1739809008122 42.76505027077996 361
1739809008138 42.611891559361766 362
1739809008148 42.45934440653357 363
1739809008166 42.30740625972451 364
1739809008180 42.15607457728509 365
1739809008185 42.00534682843986 366
1739809008202 41.855220493240225 367
1739809008212 41.705693062517504 368
1739809008227 41.55676203783625 369
1739809008243 41.40842493144769 370
1739809008243 41.260679266243415 371
1739809008259 41.113522575709254 372
1739809008279 40.96695240387937 373
1739809008291 40.82096630529051 374
1739809008306 40.67556184493649 375
1739809008324 40.530736598222944 376
1739809008338 40.3864881509221 377
1739809008350 40.24281409912791 378
1739809008354 40.09971204921131 379
1739809008377 39.957179617775694 380
1739809008386 39.81521443161258 381
1739809008402 39.67381412765741 382
1739809008418 39.53297635294567 383
1739809008431 39.39269876456908 384
1739809008434 39.25297902963204 385
1739809008458 39.113814825208244 386
1739809008465 38.97520383829749 387
1739809008484 38.83714376578266 388
1739809008497 38.69963231438695 389
1739809008513 38.5626672006312 390
1739809008513 38.42624615079144 391
1739809008534 38.290366900856704 392
1739809008554 38.15502719648686 393
1739809008568 38.020224792970765 394
1739809008576 37.8859574551846 395
1739809008597 37.7522229575503 396
1739809008609 37.619019083994175 397
1739809008624 37.486343627905825 398
1739809008624 37.3541943920971 399
1739809008649 37.222569188761334 400
1739809008656 37.091465839432665 401
1739809008676 36.96088217494564 402
1739809008688 36.83081603539493 403
1739809008704 36.70126527009518 404
1739809008709 36.57222773754115 405
1739809008729 36.443701305367966 406
1739809008735 36.31568385031148 407
1739809008755 36.18817325816894 408
1739809008768 36.061167423759706 409
1739809008783 35.934664250886236 410
1739809008783 35.808661652295136 411
1739809008809 35.68315754963853 412
1739809008815 35.55814987343543 413
1739809008835 35.43363656303337 414
1739809008846 35.3096155665702 415
1739809008862 35.18608484093607 416
1739809008875 35.06304235173548 417
1739809008886 34.94048607324962 418
1739809008893 34.81841398839879 419
1739809008914 34.696824088705 420
1739809008925 34.575714374254794 421
1739809008942 34.45508285366212 422
1739809008958 34.33492754403146 423
1739809008971 34.21524647092113 424
1739809008982 34.09603766830661 425
1739809008996 33.97729917854418 426
1739809009004 33.85902905233468 427
1739809009023 33.74122534868732 428
1739809009036 33.62388613488385 429
1739809009049 33.50700948644264 430
1739809009051 33.39059348708315 431
1739809009077 33.27463622869042 432
1739809009083 33.1591358112797 433
1739809009100 33.04409034296136 434
1739809009115 32.92949793990579 435
1739809009131 32.8153567263086 436
1739809009131 32.7016648343559 437
1739809009158 32.58842040418969 438
1739809009162 32.47562158387351 439
1739809009184 32.36326652935812 440
1739809009194 32.251353404447464 441
1739809009210 32.13988038076463 442
1739809009226 32.0288456377181 443
1739809009231 31.918247362468033 444
1739809009241 31.808083749892784 445
1739809009265 31.698353002555507 446
1739809009274 31.589053330670932 447
1739809009291 31.480182952072276 448
1739809009291 31.371740092178335 449
1739809009317 31.263722983960626 450
1739809009321 31.156129867910806 451
1739809009344 31.048958992008124 452
1739809009353 30.942208611687033 453
1739809009369 30.835876989805 454
1739809009385 30.729962396610393 455
1739809009397 30.62446310971057 456
1739809009401 30.519377414040033 457
1739809009424 30.41470360182876 458
1739809009437 30.310439972570695 459
1739809009448 30.20658483299233 460
1739809009464 30.103136497021488 461
1739809009475 30.00009328575615 462
1739809009480 29.897453527433505 463
1739809009501 29.79521555739909 464
1739809009512 29.69337771807607 465
1739809009528 29.59193835893468 466
1739809009528 29.490895836461704 467
1739809009547 29.390248514130267 468
1739809009560 29.289994762369567 469
1739809009581 29.19013295853485 470
1739809009592 29.090661486877487 471
1739809009608 28.991578738515198 472
1739809009608 28.89288311140235 473
1739809009633 28.794573010300496 474
1739809009640 28.69664684674888 475
1739809009661 28.599103039035224 476
1739809009671 28.50194001216657 477
1739809009687 28.405156197840252 478
1739809009687 28.308750034415002 479
1739809009715 28.21271996688218 480
1739809009719 28.117064446837123 481
1739809009742 28.021781932450672 482
1739809009751 27.926870888440696 483
1739809009767 27.832329786043903 484
1739809009784 27.738157102987632 485
1739809009794 27.644351323461866 486
1739809009799 27.55091093809132 487
1739809009820 27.457834443907647 488
1739809009831 27.365120344321785 489
1739809009847 27.272767149096435 490
1739809009847 27.180773374318605 491
1739809009868 27.08913754237235 492
1739809009879 26.997858181911546 493
1739809009900 26.906933827832873 494
1739809009911 26.81636302124884 495
1739809009927 26.726144309460967 496
1739809009927 26.636276245933058 497
1739809009947 26.54675739026465 498
1739809009959 26.45758630816447 499
