1739808826995 169.42810631986347 0
1739808827011 162.7301603943555 1
1739808827027 156.310300507264 2
1739808827043 150.15671985903919 3
1739808827059 144.25811896149236 4
1739808827075 138.60368370365563 5
1739808827091 133.18306436902904 6
1739808827107 127.98635556288187 7
1739808827123 123.00407701007173 8
1739808827138 118.22715518556339 9
1739808827154 113.6469057414747 10
1739808827170 109.25501669604876 11
1739808827186 105.04353235145683 12
1739808827205 101.0048379087746 13
1739808827219 97.1316447498511 14
1739808827235 93.41697635710626 15
1739808827251 89.85415484355204 16
1739808827267 86.4367880665364 17
1739808827285 83.15875729986179 18
1739808827300 80.0142054400317 19
1739808827315 76.99752572343226 20
1739808827328 74.1033509322652 21
1739808827358 71.32654306801162 22
1739808827377 68.66218347212894 23
1739808827395 66.10556337456609 24
1739808827409 63.65217485152468 25
1739808827427 61.2977021747026 26
1739808827444 59.03801353502719 27
1739808827458 56.86915312462467 28
1739808827474 54.78733356147822 29
1739808827488 52.788928641903226 30
1739808827491 50.870466406614014 31
1739808827513 49.02862250677526 32
1739808827538 47.26021385702172 33
1739808827555 45.56219256299625 34
1739808827573 43.931640111496584 35
1739808827591 42.365761811838944 36
1739808827607 40.86188147754181 37
1739808827624 39.417436337905926 38
1739808827641 38.029972169520306 39
1739808827657 36.69713863815637 40
1739808827674 35.41668484192743 41
1739808827691 34.18645504698627 42
1739808827707 33.004384607413385 43
1739808827723 31.868496061310488 44
1739808827738 30.776895395461054 45
1739808827753 29.727768471251178 46
1739808827771 28.71937760486169 47
1739808827786 27.750058295045598 48
1739808827803 26.818216092095568 49
1739808827819 25.922323601883793 50
1739808827835 25.06091761912217 51
1739808827851 24.232596384244932 52
1739808827868 23.436016958558707 53
1739808827886 22.669892712537834 54
1739808827901 21.932990922364766 55
1739808827917 21.224130470028314 56
1739808827932 20.542179642495913 57
1739808827949 19.88605402567075 58
1739808827965 19.254714489030654 59
1739808827972 18.647165257023843 60
1739808827987 18.062452063466907 61
1739808828004 17.499660385353366 62
1739808828031 16.957913752636934 63
1739808828047 16.436372130702807 64
1739808828064 15.934230372382714 65
1739808828080 15.450716736506205 66
1739808828096 14.985091470110683 67
1739808828114 14.536645451557934 68
1739808828131 14.104698891924016 69
1739808828147 13.688600092143625 70
1739808828171 13.287724253499372 71
1739808828188 12.901472339150878 72
1739808828205 12.529269984498457 73
1739808828223 12.170566454271844 74
1739808828242 11.824833644325924 75
1739808828254 11.491565126212842 76
1739808828275 11.170275232683538 77
1739808828291 10.860498182351854 78
1739808828308 10.561787241830949 79
1739808828323 10.273713923725012 80
1739808828338 9.995867218929138 81
1739808828353 9.72785286175769 82
1739808828370 9.469292626485045 83
1739808828387 9.219823653944458 84
1739808828402 8.97909780688901 85
1739808828417 8.746781052875129 86
1739808828433 8.52255287348251 87
1739808828450 8.306105698735921 88
1739808828454 8.097144365643134 89
1739808828483 7.8953855998107425 90
1739808828498 7.700557519143966 91
1739808828515 7.512399158680131 92
1739808828531 7.330660015646135 93
1739808828548 7.155099613869978 94
1739808828562 6.9854870867138334 95
1739808828578 6.821600777732217 96
1739808828594 6.663227858293254 97
1739808828610 6.510163961434036 98
1739808828627 6.362212831252533 99
1739808828642 6.219185987168698 100
1739808828653 6.080902402416265 101
1739808828674 5.947188196154311 102
1739808828692 5.8178763386141075 103
1739808828707 5.692806368721972 104
1739808828724 5.571824123663035 105
1739808828738 5.4547814798739385 106
1739808828756 5.3415361049746375 107
1739808828773 5.23195122017052 108
1739808828790 5.125895372676398 109
1739808828806 5.023242217733299 110
1739808828821 4.923870309807339 111
1739808828838 4.8276629025779405 112
1739808828854 4.734507757339302 113
1739808828873 4.644296959455542 114
1739808828889 4.5569267425252535 115
1739808828905 4.472297319926034 116
1739808828922 4.390312723423971 117
1739808828939 4.310880648546377 118
1739808828955 4.233912306429244 119
1739808828972 4.1593222818632185 120
1739808828989 4.087028397273887 121
1739808829008 4.016951582383461 122
1739808829025 3.9490157493118563 123
1739808829040 3.8831476728855794 124
1739808829054 3.8192768759328524 125
1739808829069 3.7573355193528255 126
1739808829086 3.697258296756002 127
1739808829101 3.638982333481509 128
1739808829117 3.5824470898055 129
1739808829133 3.5275942681626278 130
1739808829149 3.4743677242104387 131
1739808829165 3.4227133815737085 132
1739808829182 3.372579150112776 133
1739808829198 3.3239148475666034 134
1739808829212 3.27667212442778 135
1739808829228 3.2308043919126495 136
1739808829245 3.186266752895802 137
1739808829260 3.143015935683624 138
1739808829275 3.101010230507037 139
1739808829291 3.0602094286186943 140
1739808829306 3.02057476388482 141
1739808829320 2.9820688567665004 142
1739808829336 2.944655660589891 143
1739808829352 2.9083004100089407 144
1739808829367 2.872969571568473 145
1739808829383 2.838630796279326 146
1739808829399 2.805252874121098 147
1739808829415 2.7728056903916287 148
1739808829432 2.7412601838256907 149
1739808829447 2.710588306408923 150
1739808829463 2.680762984815899 151
1739808829478 2.651758083404497 152
1739808829493 2.623548368701475 153
1739808829508 2.5961094753170038 154
1739808829524 2.5694178732285597 155
1739808829539 2.5434508363770707 156
1739808829557 2.5181864125206532 157
1739808829574 2.4936033942936895 158
1739808829591 2.469681291421038 159
1739808829605 2.446400304039494 160
1739808829620 2.4237412970805066 161
1739808829640 2.4016857756702117 162
1739808829654 2.3802158615046025 163
1739808829671 2.359314270159557 164
1739808829687 2.338964289297075 165
1739808829704 2.3191497577307287 166
1739808829720 2.2998550453148936 167
1739808829733 2.2810650336238854 168
1739808829749 2.2627650973883995 169
1739808829765 2.244941086658288 170
1739808829771 2.227579309661712 171
1739808829795 2.21066651633222 172
1739808829813 2.1941898824763983 173
1739808829828 2.1781369945558327 174
1739808829839 2.1624958350583605 175
1739808829855 2.14725476843457 176
1739808829871 2.1324025275764704 177
1739808829890 2.1179282008163494 178
1739808829911 2.103821219424608 179
1739808829929 2.0900713455864173 180
1739808829963 2.076668660837696 181
1739808829987 2.063603554941942 182
1739808830004 2.050866715189993 183
1739808830020 2.038449116105745 184
1739808830024 2.026342009541442 185
1739808830039 2.0145369151468753 186
1739808830056 2.0030256111974563 187
1739808830072 1.9918001257668385 188
1739808830089 1.980852728230223 189
1739808830105 1.9701759210851881 190
1739808830122 1.959762432077351 191
1739808830139 1.9496052066187393 192
1739808830155 1.9396974004871974 193
1739808830173 1.9300323727957371 194
1739808830193 1.9206036792210763 195
1739808830205 1.9114050654811479 196
1739808830222 1.9024304610517557 197
1739808830239 1.8936739731129404 198
1739808830260 1.8851298807160048 199
1739808830272 1.876792629162602 200
1739808830289 1.868656824587507 201
1739808830305 1.8607172287371345 202
1739808830322 1.8529687539362028 203
1739808830339 1.84540645823514 204
1739808830355 1.8380255407312949 205
1739808830372 1.8308213370571318 206
1739808830376 1.8237893150290396 207
1739808830403 1.816925070450444 208
1739808830405 1.8102243230633803 209
1739808830423 1.8036829126427665 210
1739808830439 1.7972967952278986 211
1739808830455 1.7910620394859533 212
1739808830472 1.7849748232024178 213
1739808830489 1.779031429893652 214
1739808830506 1.7732282455369146 215
1739808830523 1.767561755413397 216
1739808830539 1.7620285410600314 217
1739808830555 1.7566252773259026 218
1739808830572 1.7513487295294146 219
1739808830589 1.746195750712344 220
1739808830605 1.7411632789872205 221
1739808830622 1.7362483349745061 222
1739808830641 1.7314480193262611 223
1739808830655 1.7267595103330518 224
1739808830673 1.722180061611047 225
1739808830689 1.717706999866333 226
1739808830705 1.7133377227335929 227
1739808830722 1.709069696686423 228
1739808830739 1.7049004550166653 229
1739808830755 1.7008275958802401 230
1739808830771 1.6968487804070407 231
1739808830774 1.6929617308725928 232
1739808830789 1.6891642289291953 233
1739808830805 1.6854541138944492 234
1739808830824 1.6818292810950697 235
1739808830839 1.6782876802640232 236
1739808830858 1.674827313989051 237
1739808830872 1.67144623621079 238
1739808830889 1.6681425507686767 239
1739808830906 1.664914409993001 240
1739808830922 1.6617600133414174 241
1739808830939 1.658677606078388 242
1739808830955 1.6556654779960387 243
1739808830972 1.6527219621749911 244
1739808830989 1.649845433783736 245
1739808831006 1.647034308915282 246
1739808831022 1.6442870434596983 247
1739808831039 1.6416021320113963 248
1739808831055 1.6389781068098848 249
1739808831072 1.6364135367129147 250
1739808831089 1.6339070262008464 251
1739808831106 1.6314572144112285 252
1739808831122 1.629062774202512 253
1739808831139 1.6267224112459624 254
1739808831158 1.6244348631448042 255
1739808831173 1.6221988985796372 256
1739808831189 1.6200133164793427 257
1739808831206 1.6178769452165243 258
1739808831222 1.61578864182673 259
1739808831239 1.6137472912506794 260
1739808831256 1.611751805598663 261
1739808831276 1.609801123436484 262
1739808831290 1.6078942090921546 263
1739808831306 1.606030051982711 264
1739808831322 1.6042076659604843 265
1739808831339 1.602426088678201 266
1739808831356 1.6006843809722906 267
1739808831372 1.5989816262638288 268
1739808831389 1.5973169299765646 269
1739808831406 1.595689418971436 270
1739808831422 1.5940982409971138 271
1739808831439 1.592542564156024 272
1739808831456 1.5910215763853612 273
1739808831472 1.589534484952656 274
1739808831488 1.5880805159653841 275
1739808831505 1.586658913894252 276
1739808831521 1.5852689411096492 277
1739808831522 1.5839098774309373 278
1739808831554 1.5825810196881305 279
1739808831571 1.5812816812955985 280
1739808831573 1.5800111918374475 281
1739808831595 1.5787688966641735 282
1739808831606 1.5775541565002942 283
1739808831623 1.5763663470625986 284
1739808831639 1.5752048586887026 285
1739808831656 1.5740690959756147 286
1739808831673 1.572958477427971 287
1739808831689 1.5718724351156952 288
1739808831706 1.5708104143407897 289
1739808831726 1.5697718733129624 290
1739808831755 1.568756282833888 291
1739808831772 1.5677631259897575 292
1739808831789 1.5667918978519728 293
1739808831806 1.5658421051856921 294
1739808831821 1.5649132661659915 295
1739808831822 1.5640049101014637 296
1739808831839 1.56311657716499 297
1739808831863 1.5622478181315216 298
1739808831875 1.56139819412265 299
1739808831889 1.5605672763577634 300
1739808831906 1.5597546459116298 301
1739808831925 1.558959893478187 302
1739808831939 1.5581826191404016 303
1739808831958 1.5574224321459942 304
1739808831973 1.556678950688896 305
1739808831990 1.5559518016962475 306
1739808832006 1.5552406206208085 307
1739808832023 1.5545450512386083 308
1739808832039 1.5538647454517096 309
1739808832056 1.5531993630959426 310
1739808832072 1.5525485717534548 311
1739808832089 1.5519120465699607 312
1739808832108 1.5512894700765618 313
1739808832122 1.5506805320160106 314
1739808832140 1.55008492917329 315
1739808832156 1.5495023652104103 316
1739808832173 1.5489325505052844 317
1739808832189 1.5483752019945984 318
1739808832206 1.5478300430205472 319
1739808832225 1.5472968031813474 320
1739808832239 1.546775218185418 321
1739808832256 1.546265029709142 322
1739808832272 1.545765985258099 323
1739808832289 1.545277838031687 324
1739808832306 1.5448003467910398 325
1739808832321 1.5443332757301753 326
1739808832322 1.543876394350237 327
1739808832340 1.5434294773368122 328
1739808832356 1.5429923044401965 329
1739808832388 1.5425646603585659 330
1739808832405 1.5421463346239406 331
1739808832406 1.5417371214909232 332
1739808832427 1.5413368198280726 333
1739808832439 1.5409452330119027 334
1739808832456 1.5405621688234108 335
1739808832472 1.5401874393470882 336
1739808832489 1.5398208608723238 337
1739808832506 1.539462253797158 338
1739808832522 1.539111442534337 339
1739808832539 1.5387682554195823 340
1739808832556 1.5384325246220443 341
1739808832572 1.5381040860568622 342
1739808832589 1.5377827792998162 343
1739808832606 1.537468447503953 344
1739808832623 1.5371609373182176 345
1739808832642 1.5368600988079715 346
1739808832657 1.53656578537739 347
1739808832673 1.5362778536936796 348
1739808832689 1.5359961636130635 349
1739808832706 1.53572057810851 350
1739808832723 1.535450963199147 351
1739808832739 1.5351871878813184 352
1739808832756 1.534929124061251 353
1739808832772 1.5346766464893 354
1739808832789 1.5344296326956963 355
1739808832806 1.5341879629278232 356
1739808832823 1.5339515200889178 357
1739808832839 1.53372018967821 358
1739808832856 1.5334938597324377 359
1739808832873 1.5332724207687243 360
1739808832892 1.5330557657287698 361
1739808832906 1.5328437899243232 362
1739808832922 1.5326363909839322 363
1739808832939 1.532433468800892 364
1739808832956 1.5322349254824228 365
1739808832973 1.5320406652999823 366
1739808832989 1.5318505946407461 367
1739808833006 1.531664621960184 368
1739808833023 1.5314826577357412 369
1739808833042 1.5313046144215525 370
1739808833056 1.5311304064042186 371
1739808833073 1.530959949959585 372
1739808833089 1.5307931632105072 373
1739808833106 1.5306299660855665 374
1739808833123 1.5304702802787562 375
1739808833140 1.530314029210059 376
1739808833156 1.530161137986935 377
1739808833173 1.530011533366683 378
1739808833189 1.5298651437196624 379
1739808833204 1.5297218989933368 380
1739808833223 1.529581730677146 381
1739808833238 1.5294445717681695 382
1739808833239 1.529310356737573 383
1739808833256 1.5291790214978076 384
1739808833288 1.5290505033705541 385
1739808833292 1.5289247410553952 386
1739808833306 1.5288016745991964 387
1739808833323 1.5286812453661645 388
1739808833340 1.5285633960086036 389
1739808833356 1.5284480704383174 390
1739808833373 1.5283352137986563 391
1739808833389 1.528224772437194 392
1739808833406 1.528116693879033 393
1739808833423 1.5280109268006856 394
1739808833440 1.527907421004568 395
1739808833456 1.52780612739405 396
1739808833473 1.52770699794907 397
1739808833490 1.5276099857023024 398
1739808833510 1.5275150447158603 399
1739808833523 1.5274221300585047 400
1739808833540 1.5273311977833923 401
1739808833556 1.5272422049062901 402
1739808833573 1.52715510938431 403
1739808833590 1.527069870095092 404
1739808833607 1.526986446816468 405
1739808833623 1.5269048002065742 406
1739808833640 1.5268248917844207 407
1739808833656 1.5267466839108714 408
1739808833673 1.5266701397700808 409
1739808833689 1.526595223351308 410
1739808833706 1.5265218994311667 411
1739808833723 1.5264501335562608 412
1739808833723 1.5263798920261986 413
1739808833739 1.5263111418770068 414
1739808833771 1.5262438508648881 415
1739808833773 1.5261779874503538 416
1739808833790 1.5261135207827223 417
1739808833807 1.526050420684933 418
1739808833823 1.525988657638728 419
1739808833842 1.525928202770136 420
1739808833856 1.5258690278353038 421
1739808833873 1.5258111052066274 422
1739808833902 1.5257544078591923 423
1739808833911 1.525698909357527 424
1739808833940 1.5256445838426287 425
1739808833956 1.5255914060193043 426
1739808833973 1.5255393511437574 427
1739808833976 1.5254883950114924 428
1739808833990 1.525438513945456 429
1739808834006 1.5253896847844461 430
1739808834024 1.5253418848717872 431
1739808834056 1.525295092044252 432
1739808834073 1.5252492846212329 433
1739808834090 1.5252044413941326 434
1739808834106 1.5251605416160208 435
1739808834123 1.5251175649914999 436
1739808834157 1.525075491666797 437
1739808834173 1.5250343022200814 438
1739808834189 1.5249939776519819 439
1739808834206 1.5249544993763389 440
1739808834225 1.5249158492111345 441
1739808834256 1.5248780093696388 442
1739808834273 1.524840962451748 443
1739808834306 1.524804691435516 444
1739808834323 1.5247691796688532 445
1739808834340 1.5247344108614491 446
1739808834373 1.5247003690768337 447
1739808834390 1.5246670387246428 448
1739808834422 1.5246344045530205 449
1739808834440 1.5246024516412306 450
1739808834457 1.524571165392401 451
1739808834490 1.5245405315264309 452
1739808834508 1.5245105360730762 453
1739808834523 1.5244811653651553 454
1739808834556 1.5244524060319344 455
1739808834573 1.5244242449926324 456
1739808834606 1.5243966694500903 457
1739808834623 1.524369666884566 458
1739808834655 1.5243432250476763 459
1739808834673 1.5243173319564634 460
1739808834773 1.5242919758875904 461
1739808834790 1.5242671453716754 462
1739808834807 1.5242428291877452 463
1739808834807 1.5242190163578049 464
1739808834826 1.5241956961415355 465
1739808834845 1.5241728580311062 466
1739808834859 1.524150491746092 467
1739808834885 1.5241285872285124 468
1739808834890 1.524107134637988 469
1739808834907 1.5240861243469752 470
1739808834923 1.524065546936131 471
1739808834940 1.524045393189776 472
1739808834940 1.5240256540914368 473
1739808834957 1.524006320819524 474
1739808834974 1.5239873847430647 475
1739808834993 1.523968837417552 476
1739808835010 1.5239506705808843 477
1739808835025 1.5239328761493853 478
1739808835039 1.5239154462139177 479
1739808835052 1.5238983730360793 480
1739808835067 1.523881649044486 481
1739808835079 1.5238652668311259 482
1739808835092 1.5238492191478135 483
1739808835107 1.5238334989027005 484
1739808835120 1.523818099156881 485
1739808835132 1.523803013121043 486
1739808835145 1.5237882341522342 487
1739808835158 1.5237737557506625 488
