1739809609318 53.977132315069596 0
1739809609398 14.82119850431106 1
1739809609461 4.129805304249363 2
1739809609525 4.159565029022237 3
1739809609589 2.201349311201882 4
1739809609669 2.575729303679109 5
1739809609738 2.8187420575610522 6
1739809609796 1.2795474990921805 7
1739809609876 1.9786646969143427 8
1739809609940 0.29235663222453456 9
1739809610004 3.1876622036812723 10
1739809610067 1.5301986068670168 11
1739809610131 1.3027922571397865 12
1739809610211 2.818768896522355 13
1739809610275 1.1827661170319077 14
1739809610339 2.4601734778504802 15
1739809610403 1.284148949320526 16
1739809610485 1.3888015096746336 17
1739809610561 0.24175035898474276 18
1739809610655 1.933999593075114 19
1739809610719 1.9595154850668663 20
1739809610800 0.7120905707084767 21
1739809610862 2.8342794490844847 22
1739809610925 2.125148398825467 23
1739809611005 1.2068488213860193 24
1739809611074 1.7054641363897094 25
1739809611132 1.4391738154995755 26
1739809611211 1.9201943223445812 27
1739809611275 1.5568332357999024 28
1739809611338 1.248714931780061 29
1739809611405 2.2634323732443167 30
1739809611482 0.0777488901516387 31
1739809611546 2.453098458913049 32
1739809611609 2.444523937267737 33
1739809611674 1.907491749607219 34
1739809611737 0.01012024146393539 35
1739809611816 1.6745635012524058 36
1739809611880 0.7394824888223364 37
1739809611943 1.7715340621506708 38
1739809612006 3.3787573032383404 39
1739809612086 2.208628387466983 40
1739809612149 1.2572003807230352 41
1739809612213 1.3169221577281904 42
1739809612293 1.5088338491513824 43
1739809612357 2.4693379219961247 44
1739809612421 2.0358611917244014 45
1739809612484 1.4946074041935775 46
1739809612564 2.0782253088380735 47
1739809612627 2.076536105480332 48
1739809612706 2.588103362155725 49
1739809612770 2.895316605044548 50
1739809612849 0.0949168554716389 51
1739809612913 1.9176499668603373 52
1739809612992 0.820594610783245 53
1739809613056 1.4426166454043752 54
1739809613119 2.071030034863993 55
1739809613198 0.5493434876815763 56
1739809613262 2.3634481828528253 57
1739809613326 1.0503587955500606 58
1739809613390 1.9837084533124298 59
1739809613469 1.2266533827483987 60
1739809613539 2.6092276973581248 61
1739809613596 1.2362116409790667 62
1739809613676 0.7381733550573575 63
1739809613739 0.3176577844680333 64
1739809613803 1.0277276667194324 65
1739809613867 1.9223774587661664 66
1739809613946 1.061117169777909 67
1739809614010 1.7578661275479939 68
1739809614074 1.8854439416806403 69
1739809614153 3.0756609216438346 70
1739809614216 1.3881098252823554 71
1739809614280 0.6903766607471798 72
1739809614343 0.8203005889700319 73
1739809614423 1.1774762628794806 74
1739809614487 3.98283749005612 75
1739809614551 2.3079930954823915 76
1739809614630 1.3163431486852744 77
1739809614694 1.8287835107531196 78
1739809614757 2.2055607471495726 79
1739809614821 0.5852202434072287 80
1739809614900 0.9451810637137602 81
1739809614981 1.6834889845663632 82
1739809615056 1.683413428266094 83
1739809615122 1.3277567918876203 84
1739809615185 2.447280118198063 85
1739809615264 2.5117826812236044 86
1739809615328 0.8215792823215036 87
1739809615392 0.9470892164469326 88
1739809615456 1.2221259297388447 89
1739809615536 1.8985831895398335 90
1739809615599 3.6438057871424445 91
1739809615663 1.529860146009375 92
1739809615727 0.6619698503048195 93
1739809615806 1.4691147169747922 94
1739809615870 0.9493295045585756 95
1739809615933 1.1297357918735884 96
1739809615996 1.7232808937244424 97
1739809616076 1.3111480002957978 98
1739809616141 2.4482475093332567 99
1739809616205 2.0529939692316277 100
1739809616270 0.9548615984944462 101
1739809616349 0.8691948687069833 102
1739809616412 1.7004266210680745 103
1739809616476 1.0853299894510087 104
1739809616556 2.070762493600523 105
1739809616619 2.091717252516384 106
1739809616683 1.873301499197489 107
1739809616761 0.5823512264727162 108
1739809616825 1.3582067125753101 109
1739809616889 4.054049340856744 110
1739809616968 2.251198721146092 111
1739809617031 2.291170354543023 112
1739809617110 0.513416235136372 113
1739809617174 1.070462621219809 114
1739809617253 1.264059665917585 115
1739809617317 1.3794655123207338 116
1739809617396 2.2580753010438364 117
1739809617460 0.8918738182583601 118
1739809617524 0.8297427894758441 119
1739809617604 1.077745743191405 120
1739809617667 1.9209074164872055 121
1739809617730 0.22459782687248783 122
1739809617810 1.088447326882097 123
1739809617874 2.285334363338833 124
1739809617938 2.2234908232096937 125
1739809618001 2.295329463418016 126
1739809618080 3.1885400312900245 127
1739809618143 1.8773216741226129 128
1739809618207 0.29208530781570513 129
1739809618271 1.19123223748629 130
1739809618351 0.5066150136410654 131
1739809618414 1.0645876684467603 132
1739809618477 1.1002879654316502 133
1739809618552 1.0490273005878816 134
1739809618620 1.3007168556329616 135
1739809618684 1.5431685543923557 136
1739809618763 0.7340146027637834 137
1739809618827 0.6116170900182807 138
1739809618891 1.9282460011961013 139
1739809618957 1.1947901645894572 140
1739809619033 0.2860174593439628 141
1739809619097 0.19232881072550054 142
1739809619161 2.465723144323461 143
1739809619231 1.2441747608380855 144
1739809619304 0.7562507507622643 145
1739809619384 1.1771090105900275 146
1739809619446 2.917325960800579 147
1739809619527 1.1955211651100213 148
1739809619589 1.2611743117191325 149
1739809619652 1.8250037712516054 150
1739809619732 1.482833247647137 151
1739809619796 1.655609259822362 152
1739809619859 1.9019457904680175 153
1739809619938 1.2121923416343392 154
1739809620002 1.4042408104788013 155
1739809620066 1.1991528898483546 156
1739809620147 1.9165833228545583 157
1739809620210 1.934816481639597 158
1739809620274 2.1506542543988854 159
1739809620337 3.7419352892506004e-05 160
1739809620417 0.9229513473377441 161
1739809620480 1.14036306269519 162
1739809620552 1.8613821543479254 163
1739809620608 0.9427987273990382 164
1739809620689 1.9097381676363814 165
1739809620751 0.006633151338518012 166
1739809620815 1.1966100496351222 167
1739809620894 1.4857252129441492 168
1739809620957 0.9889255499229921 169
1739809621021 3.534707373181301 170
1739809621085 1.2709979698022122 171
1739809621168 3.9051242589779696 172
1739809621228 0.19461802216352178 173
1739809621292 1.0731379768166605 174
1739809621371 0.5508417291067745 175
1739809621435 0.5375110099288305 176
1739809621514 0.8566659720963858 177
1739809621592 2.1009927902125423 178
1739809621657 3.3142404824163165 179
1739809621721 3.0286480505645086 180
1739809621800 1.0498717291574469 181
1739809621864 2.25601033684161 182
1739809621928 3.2564470439347963 183
1739809622007 1.3505118762446813 184
1739809622070 1.3336298555004213 185
1739809622134 1.460532645385278 186
1739809622197 1.1491500129173386 187
1739809622277 0.7452489088088293 188
1739809622340 0.6295975094255883 189
1739809622403 1.18696551919626 190
1739809622467 1.3141563240949525 191
1739809622546 2.928467718325688 192
1739809622610 2.376699864275792 193
1739809622673 2.703366746024782 194
1739809622753 0.5549503278472879 195
1739809622817 0.5229874144726436 196
1739809622880 2.205334180887085 197
1739809622944 1.5168495549688266 198
1739809623024 1.4334615275953229 199
1739809623088 1.0303269724635518 200
1739809623152 2.6209300159902007 201
1739809623216 2.6478434757049447 202
1739809623296 2.045697513534641 203
1739809623359 0.5808126065345415 204
1739809623424 0.36977753131624397 205
1739809623487 1.134946775244051 206
1739809623567 1.4157089287339768 207
1739809623636 0.672523151893453 208
1739809623709 1.4693076127709648 209
1739809623780 1.42423646309097 210
1739809623851 0.4314480470981032 211
1739809623930 2.968519041482668 212
1739809623993 3.7513908357450996 213
1739809624057 2.4760949079974663 214
1739809624121 1.5080346666573186 215
1739809624201 0.9054401244572422 216
1739809624264 2.799367662947658 217
1739809624328 2.147650776252668 218
1739809624391 1.4041056460315462 219
1739809624470 1.2695686915359046 220
1739809624534 2.234825777689537 221
1739809624603 1.0826844714432524 222
1739809624677 1.8915114743842882 223
1739809624740 0.976960652720684 224
1739809624804 1.7680299452829509 225
