1739810138473 37.91543790611491 0
1739810138575 12.416009580916317 1
1739810138667 5.294779588520933 2
1739810138749 3.465852893486096 3
1739810138829 0.5150880610775794 4
1739810138912 1.2253349650833043 5
1739810138997 2.5538941694943755 6
1739810139078 2.175704036373125 7
1739810139154 2.275133212582752 8
1739810139230 2.0405115745960503 9
1739810139304 1.5609111412135388 10
1739810139380 2.210828658031035 11
1739810139458 1.055094666977095 12
1739810139541 1.2504465254191428 13
1739810139628 1.5335862163483667 14
1739810139714 1.6010823541127626 15
1739810139793 0.527601341927203 16
1739810139870 2.3029653649996744 17
1739810139947 1.2337205534540745 18
1739810140025 2.3566242789446536 19
1739810140104 0.21903534175468603 20
1739810140188 1.041291985018 21
1739810140266 2.849249771922956 22
1739810140343 2.2316773687183313 23
1739810140421 1.9433383669983708 24
1739810140498 1.555272650250958 25
1739810140577 1.2562662384437515 26
1739810140655 0.32177284991210875 27
1739810140734 0.23331441576570028 28
1739810140816 2.1939012285967183 29
1739810140897 1.097515487876045 30
1739810140975 1.6755031161107181 31
1739810141053 1.4676008011869248 32
1739810141138 2.211964891612285 33
1739810141217 1.790606411680302 34
1739810141295 1.225641746053172 35
1739810141378 1.6482579504974961 36
1739810141453 1.4410536563541139 37
1739810141529 1.6032860119064594 38
1739810141604 2.6227100910703705 39
1739810141679 0.27637966956032706 40
1739810141754 0.6162101221869472 41
1739810141830 1.4605040482225955 42
1739810141907 1.6641590784234048 43
1739810141982 1.5236192070353647 44
1739810142058 0.81722796528938 45
1739810142132 2.625411157267222 46
1739810142208 0.4215856602468762 47
1739810142286 2.2817165742692676 48
1739810142364 1.9958192766487648 49
1739810142441 0.7009795575440076 50
1739810142521 0.7240498135777342 51
1739810142596 1.304182886509269 52
1739810142672 1.9679218126825129 53
1739810142745 1.307353010335243 54
1739810142823 2.0808229324756646 55
1739810142923 1.2692708888942048 56
1739810143014 1.3320091571624995 57
1739810143093 0.8161663853326493 58
1739810143172 1.4973005270175401 59
1739810143257 1.983435302093566 60
1739810143344 2.3099261021420645 61
1739810143426 1.7868988101069894 62
1739810143506 1.7674444145972812 63
1739810143583 2.0409582867417644 64
1739810143660 0.5597077154703612 65
1739810143734 1.3316215863280285 66
1739810143810 2.2419711908971225 67
1739810143885 1.562136127204919 68
1739810143962 0.3662124397684893 69
1739810144042 0.05133244964269505 70
1739810144122 3.999606004939191 71
1739810144199 1.3031934313471518 72
1739810144274 3.947466462702199 73
1739810144353 1.094124535235346 74
1739810144430 1.5140481973324669 75
1739810144506 0.7445266236708438 76
1739810144581 0.2636535709174827 77
1739810144657 0.8583979803421563 78
1739810144733 1.4889125730047315 79
1739810144806 0.4914052568819022 80
1739810144882 2.7721363081680734 81
1739810144956 3.1411701603238176 82
1739810145033 0.8536654210801236 83
1739810145110 0.5473530393266958 84
1739810145190 1.456423355039027 85
1739810145267 0.6787135124902736 86
1739810145343 0.11305860628092433 87
1739810145434 1.024334928273927 88
1739810145515 0.7641789482223196 89
1739810145625 3.360888055975715 90
1739810145720 0.2785479122746846 91
1739810145806 2.164738636207324 92
1739810145892 0.8376516700230223 93
1739810145975 1.2271585332446628 94
1739810146056 1.3680661184156044 95
1739810146133 0.16800459735040424 96
1739810146214 2.441082576566516 97
1739810146293 0.9375004612903794 98
1739810146372 1.6002752421952773 99
1739810146447 1.6832318526539156 100
1739810146526 1.2006621157432393 101
1739810146602 0.8623464750340556 102
1739810146677 1.2869276144888313 103
1739810146749 2.2425755677068717 104
1739810146834 1.1534087915926883 105
1739810146911 1.7433323174592381 106
1739810146989 1.3375379108933358 107
1739810147068 1.8494114463965774 108
1739810147146 0.8202862858837054 109
1739810147223 0.8009358118016268 110
1739810147304 0.7029983953924395 111
1739810147387 1.1633978027239509 112
1739810147469 1.6907122986905732 113
1739810147547 0.21974344601000056 114
1739810147629 0.9919962653144003 115
1739810147710 1.8870986928644877 116
1739810147799 1.4147060493230483 117
1739810147899 2.5411658814895013 118
1739810148007 0.681662610837332 119
1739810148100 1.2636576629710161 120
1739810148186 2.101590323229878 121
1739810148280 2.3789922571006588 122
1739810148379 2.0142673676848357 123
1739810148465 1.5916742649460054 124
1739810148555 1.7701377687191786 125
1739810148648 2.472366868101606 126
1739810148758 1.356777820607743 127
1739810148855 1.2161621639242555 128
1739810148958 1.3393951157662978 129
1739810149057 1.400550234594897 130
1739810149167 1.5515737078931722 131
1739810149273 2.129820066727524 132
1739810149373 2.5519790742632686 133
1739810149488 1.722705396790372 134
1739810149596 0.07679632990897935 135
1739810149706 0.6501356919842782 136
1739810149815 0.9289553327204323 137
1739810149931 2.290909279208693 138
1739810150037 2.4567551167610744 139
1739810150160 1.8039652514425146 140
1739810150270 2.0024174461762785 141
1739810150395 1.3668335084284666 142
1739810150503 0.9556475740064151 143
1739810150633 1.247929196662123 144
1739810150731 2.20823799781725 145
1739810150823 0.614731809582987 146
1739810150912 0.992656319283723 147
1739810150982 3.2159609973671386 148
1739810151066 0.504369119483882 149
1739810151149 3.205741428207726 150
1739810151234 1.7109012827928471 151
1739810151317 1.3751374046369889 152
1739810151399 0.4626017659912256 153
1739810151466 0.31324556816921917 154
1739810151547 2.01090182783024 155
1739810151627 0.6487055216137992 156
1739810151707 1.754233448820637 157
1739810151791 0.6955028838897046 158
1739810151869 1.0025016610311825 159
1739810151946 1.2704644868501906 160
1739810152028 1.3340322721785398 161
1739810152100 2.2592755104472424 162
1739810152185 2.6324772163048342 163
1739810152270 0.9988430336355518 164
1739810152351 1.1409883120045385 165
1739810152430 3.2954915267742044 166
1739810152500 1.0749786501543084 167
1739810152580 1.1919992460454654 168
1739810152650 1.518910190560215 169
1739810152735 0.9547338217385608 170
1739810152802 0.8306488114777569 171
1739810152890 0.5179797797026937 172
1739810152967 1.1473717771744119 173
1739810153046 1.7748471312033176 174
1739810153110 0.26965124385058825 175
1739810153190 0.6084543541919811 176
1739810153269 1.740951217805163 177
1739810153357 1.087119495813428 178
1739810153438 1.6795894214634386 179
1739810153500 1.266054782933829 180
1739810153584 1.1914380559214461 181
1739810153663 1.2742475734842744 182
1739810153736 2.1720826152057673 183
1739810153818 2.3962351223164804 184
1739810153907 3.174757147149861 185
1739810153988 0.8879281453689242 186
1739810154064 0.5612026929221354 187
1739810154136 1.1470824546678695 188
1739810154228 1.6882405506221891 189
1739810154313 3.7564840625065736 190
1739810154393 2.708175114529531 191
1739810154474 1.0238658387495565 192
1739810154554 2.266023562836613 193
1739810154630 1.949600374234004 194
1739810154710 0.8874095288169671 195
1739810154788 0.9000681034354587 196
1739810154866 0.8713449060078179 197
1739810154943 2.918238461649597 198
1739810155020 1.2731421957328246 199
1739810155085 1.388353032336067 200
1739810155170 1.1776816213182069 201
1739810155253 0.6229726559590301 202
1739810155319 1.8229047914144425 203
1739810155404 1.6768617389275575 204
1739810155486 1.6124599531746173 205
1739810155570 2.2084968226172634 206
1739810155653 1.7738099987780513 207
1739810155736 0.8909668812692266 208
1739810155869 1.1452904248740936 209
1739810155983 0.8024070073218333 210
1739810156087 1.739451629471847 211
1739810156180 0.15855469014034296 212
1739810156265 2.265393205567871 213
1739810156351 1.432402292800902 214
1739810156445 0.7394537899146599 215
1739810156530 0.5471960616827116 216
1739810156615 0.20391702127246913 217
1739810156703 3.3000462245367834 218
1739810156785 1.066418500763422 219
1739810156865 2.202446232984861 220
1739810156946 1.165446695479285 221
1739810157026 2.369088938111197 222
1739810157105 0.9946974990514363 223
1739810157179 1.4403168545851126 224
1739810157255 1.5199917931223137 225
1739810157330 2.6586188246986167 226
1739810157409 1.1455019044393318 227
1739810157489 3.8746508707872636 228
1739810157568 1.2728074168569041 229
1739810157653 2.6609134872043705 230
1739810157742 1.2697916260303748 231
1739810157827 1.6105174040157664 232
1739810157904 1.2141720431844099 233
1739810157988 0.26675443143630556 234
1739810158072 1.518514629569563 235
1739810158154 2.4508564446776595 236
1739810158242 1.1925465200264072 237
1739810158339 0.529475081120071 238
1739810158418 1.6065898045497413 239
1739810158502 1.0185318173360112 240
1739810158597 0.346682351274322 241
1739810158711 1.3510143682643985 242
1739810158821 1.3390403662104655 243
1739810158923 4.2265926009196 244
1739810159015 0.18589203528118026 245
1739810159102 1.6321827199204137 246
1739810159186 0.5648750511164633 247
1739810159271 2.0674145659442256 248
1739810159333 2.593336752811231 249
1739810159450 0.8794004315905076 250
1739810159552 1.14088834513947 251
1739810159640 1.1399366454748545 252
1739810159723 1.3505929166757822 253
1739810159800 1.692671603539702 254
1739810159880 2.7438634381204445 255
1739810159959 1.731413286874139 256
1739810160037 1.9268650362664381 257
1739810160115 2.4772653788194794 258
1739810160194 0.4536914249464422 259
1739810160269 0.9476742189047433 260
1739810160343 2.540788739000623 261
1739810160419 1.1582693841887217 262
1739810160503 0.1736313154322155 263
1739810160598 1.6224122645237564 264
1739810160765 0.43125535133761567 265
1739810160868 2.824165145467259 266
1739810160991 2.320970979357535 267
1739810161095 2.267529109768687 268
1739810161188 1.8096050163566333 269
1739810161280 1.8294468910982726 270
