1739810096950 0.8885525780999839 0
1739810097035 0.038952350456579195 1
1739810097114 2.5218550589206203 2
1739810097187 1.5984182185774067 3
1739810097274 0.2721119698430557 4
1739810097380 2.027333357118054 5
1739810097485 2.5869646320106177 6
1739810097571 1.0507511302363208 7
1739810097654 0.31046140126240823 8
1739810097751 0.9998666234614157 9
1739810097831 0.9749758733110738 10
1739810097908 1.1807403380299173 11
1739810097979 3.3432404383910237 12
1739810098071 3.5826797719855286 13
1739810098162 0.9860698576419917 14
1739810098251 1.0326326086892523 15
1739810098335 0.7836980758213898 16
1739810098406 1.7678247626046988 17
1739810098493 1.4938290315821885 18
1739810098570 0.6588398228940503 19
1739810098653 2.2719860168530888 20
1739810098722 0.8181622621632776 21
1739810098801 0.8924652109029975 22
1739810098880 1.6906961264747704 23
1739810098944 2.6096694667806375 24
1739810099024 1.5515653894019361 25
1739810099107 1.5805086341351566 26
1739810099191 2.120296816583532 27
1739810099272 0.48328743862500656 28
1739810099342 1.8555681563762723 29
1739810099441 2.366805778040369 30
1739810099525 1.2234693499001723 31
1739810099607 1.0666426961395532 32
1739810099690 0.8996558801350218 33
1739810099767 2.844842627976943 34
1739810099844 1.051669260486349 35
1739810099920 2.226160441902998 36
1739810099995 1.5811684541716877 37
1739810100075 1.3313813940892054 38
1739810100153 1.0588401676668189 39
1739810100231 2.917012397369498 40
1739810100308 2.3533125378610062 41
1739810100386 1.3872091991330786 42
1739810100462 1.518684855956242 43
1739810100539 1.7796952484513358 44
1739810100600 2.4548455564521894 45
1739810100680 0.8849343985791361 46
1739810100763 1.071476629644786 47
1739810100839 0.2975688546900972 48
1739810100902 2.9225310350589138 49
1739810100989 2.1553009344071716 50
1739810101066 1.732008207993624 51
1739810101145 1.499878714726966 52
1739810101223 0.8917870997422961 53
1739810101303 2.994211086109666 54
1739810101390 0.930826957064805 55
1739810101475 0.33157010775965784 56
1739810101557 1.8782317732687954 57
1739810101636 0.8380489132334624 58
1739810101716 1.0542577828639914 59
1739810101798 0.28705183372981585 60
1739810101870 0.8444930953666222 61
1739810101953 1.0317964792627143 62
1739810102018 1.1586687886147422 63
1739810102097 1.1881234765561104 64
1739810102177 3.200255687532816 65
1739810102254 2.960742986425362 66
1739810102331 0.6715398730024572 67
1739810102407 2.476686147790629 68
1739810102483 1.48879679960558 69
1739810102554 0.527332972861307 70
1739810102635 2.303042681656529 71
1739810102709 0.31006463779349097 72
1739810102784 1.4802832787538682 73
1739810102859 2.7895440065466666 74
1739810102934 1.390900283283105 75
1739810103016 0.7707746950260438 76
1739810103092 1.611750701431973 77
1739810103169 3.103459045130267 78
1739810103244 2.0678271078570742 79
1739810103319 1.0952228310641727 80
1739810103394 1.7677066420507157 81
1739810103470 0.6143802831911911 82
1739810103550 2.792206322885683 83
1739810103621 1.4161396724282456 84
