1739810180255 161.06831771277817 0
1739810180334 131.9674945742959 1
1739810180404 108.64718342562138 2
1739810180484 110.84898794871785 3
1739810180548 86.1137034296693 4
1739810180627 75.01069577974458 5
1739810180706 76.81225321056206 6
1739810180795 44.882162531481505 7
1739810180877 56.61958743580758 8
1739810180961 33.42749040650432 9
1739810181045 33.179749051810084 10
1739810181122 25.648190188148536 11
1739810181201 28.886547799827813 12
1739810181296 31.046107943251062 13
1739810181386 31.910695798442735 14
1739810181480 17.47031078764612 15
1739810181570 21.76336046751247 16
1739810181638 12.69450233151108 17
1739810181718 11.263353811612948 18
1739810181799 12.843363105337922 19
1739810181880 6.150681520016568 20
1739810181964 8.21425578480966 21
1739810182041 9.013510671842628 22
1739810182124 5.148879336839923 23
1739810182188 7.888993866264544 24
1739810182269 7.349076763181567 25
1739810182359 7.5319304029090395 26
1739810182442 4.796093867772542 27
1739810182523 6.245592915427018 28
1739810182600 1.782586517821597 29
1739810182681 3.9603800634579165 30
1739810182770 2.6904708862198135 31
1739810182858 4.083507880490615 32
1739810182939 1.6860102252472045 33
1739810183008 4.281790414032541 34
1739810183085 3.071311185025679 35
1739810183149 3.564334506477383 36
1739810183229 3.0892937768056385 37
1739810183314 6.643917044932869 38
1739810183392 3.958668207078946 39
1739810183464 1.5292212023712604 40
1739810183549 3.489871161241213 41
1739810183631 1.0460069676338626 42
1739810183710 2.4437862568836586 43
1739810183787 2.8049163784188256 44
1739810183868 2.5454023154920136 45
1739810183950 1.506585219945169 46
1739810184023 0.930455009956344 47
1739810184101 1.3641825224424273 48
1739810184178 1.3784304885450287 49
1739810184255 0.7093163458617643 50
1739810184335 1.710181121806591 51
1739810184423 2.579094564330415 52
1739810184511 1.1036451994134273 53
1739810184594 1.9030544780867455 54
1739810184697 1.6515880010596893 55
1739810184774 1.5535139114077665 56
1739810184856 1.2424836914923503 57
1739810184935 0.1315602108948652 58
1739810185016 2.585443428037736 59
1739810185113 1.7682147502338283 60
1739810185207 0.8797994169338231 61
1739810185287 1.1375698723535417 62
1739810185364 1.3827700314981168 63
1739810185441 1.4434393575983895 64
1739810185518 2.8777840092437432 65
1739810185595 1.7310759416571917 66
1739810185670 2.431869781462219 67
1739810185754 0.3538570183072516 68
1739810185845 2.01609109958554 69
1739810185933 1.8233552567734954 70
1739810186023 1.2737788661115785 71
1739810186104 0.9094480897794718 72
1739810186172 1.4638507157215894 73
1739810186256 0.36553337944955533 74
1739810186330 1.1873648764223041 75
1739810186408 2.0195297887327714 76
1739810186485 0.5805244223122135 77
1739810186562 2.3818772440239933 78
1739810186637 2.332786367422533 79
1739810186716 2.8951008636971105 80
1739810186816 1.2099871686905286 81
1739810186938 2.496591955963229 82
1739810187042 3.2854004818974842 83
1739810187152 1.665490848677259 84
1739810187264 1.4263357041681035 85
1739810187371 1.9161571227254353 86
1739810187535 0.5520202738139268 87
1739810187633 2.0274812757958416 88
1739810187724 2.2200960638779663 89
1739810187803 1.4259059522803583 90
1739810187881 0.6592855556786873 91
1739810187956 0.41283970963656225 92
1739810188025 2.352068733989587 93
1739810188104 0.48840867750104355 94
1739810188189 5.314450618087826 95
1739810188263 0.6635249378797347 96
1739810188342 2.817991684295119 97
1739810188406 3.0081539264850936 98
1739810188493 0.18362992551678933 99
1739810188565 1.3088204454482781 100
1739810188646 1.0686071961109131 101
1739810188723 1.2653252799749497 102
1739810188802 0.6479264777568233 103
1739810188900 3.936805757718497 104
1739810189007 0.7704100931354548 105
1739810189094 1.7291675295085844 106
1739810189184 0.8538419185190453 107
1739810189277 2.474522601471635 108
1739810189391 1.5952992893902296 109
1739810189529 0.8102907722421098 110
1739810189637 1.8110579209042867 111
1739810189742 0.8475896434574492 112
1739810189857 0.7415837751203959 113
1739810189951 1.969195205774542 114
1739810190034 2.332478934456573 115
1739810190119 1.7341479096418948 116
1739810190214 1.6281337467467993 117
1739810190297 2.6254679998788872 118
1739810190379 0.7522739960390583 119
1739810190474 0.7687363057666414 120
1739810190586 0.5883675176656956 121
1739810190683 1.7412978072771443 122
1739810190768 0.6649619703907599 123
1739810190851 0.9486176000491365 124
1739810190937 1.1941927628177795 125
1739810191020 1.1245695831327778 126
