1739809270066 176.9730556159339 0
1739809270082 173.6934736803716 1
1739809270103 168.03416343660186 2
1739809270114 165.99118455276243 3
1739809270133 158.6567951904312 4
1739809270146 154.03456463219453 5
1739809270162 147.61922905277774 6
1739809270178 146.51285090156674 7
1739809270194 140.46028961170134 8
1739809270210 134.57577952429673 9
1739809270226 130.81427561381247 10
1739809270242 129.34253907702458 11
1739809270254 124.76407554646255 12
1739809270263 119.03383481103953 13
1739809270284 114.26681912608474 14
1739809270292 113.9032336284778 15
1739809270313 111.98977436790074 16
1739809270321 107.01487482358552 17
1739809270339 103.53173809539851 18
1739809270353 102.80348235450425 19
1739809270368 99.75903777397333 20
1739809270384 95.1554644126151 21
1739809270400 94.35677242396008 22
1739809270416 91.27733872043983 23
1739809270432 89.5892937141851 24
1739809270449 85.03484339202241 25
1739809270464 82.89693147588063 26
1739809270480 80.20663320895555 27
1739809270496 78.33924020772538 28
1739809270512 76.32839521282926 29
1739809270524 73.14661798492091 30
1739809270532 74.55999258992313 31
1739809270553 70.00944323974684 32
1739809270560 68.11597172327008 33
1739809270586 65.84756982338469 34
1739809270594 63.7971623270991 35
1739809270616 65.43378632021978 36
1739809270625 61.79572595486601 37
1739809270642 58.1542570988012 38
1739809270655 58.0520800139659 39
1739809270676 56.380078307480865 40
1739809270686 53.79259596793784 41
1739809270702 53.26715716319798 42
1739809270718 50.61894478162688 43
1739809270734 49.6220803536614 44
1739809270750 48.2523112241897 45
1739809270766 47.92255154282942 46
1739809270782 46.5039965596443 47
1739809270798 44.9294926821329 48
1739809270804 43.551936489335624 49
1739809270824 41.61714950062124 50
1739809270842 40.03684009536633 51
1739809270854 40.12777305331629 52
1739809270862 39.255350789471116 53
1739809270884 38.310937508197554 54
1739809270894 36.98864215993287 55
1739809270914 35.86858657327479 56
1739809270925 36.10571336573848 57
1739809270941 33.8033640324947 58
1739809270957 33.29421380407362 59
1739809270976 32.53925542892741 60
1739809270988 31.276958948417274 61
1739809271003 30.713486426364245 62
1739809271019 29.112033155557747 63
1739809271035 29.748204712837545 64
1739809271051 27.58875094683123 65
1739809271067 28.312456960436002 66
1739809271067 27.26864099695768 67
1739809271094 26.79110522752174 68
1739809271102 23.79682066672689 69
1739809271114 25.255359438066424 70
1739809271130 25.197353644377902 71
1739809271153 25.185192483369768 72
1739809271162 23.043997089487785 73
1739809271183 23.081406334253508 74
1739809271194 22.822063218582446 75
1739809271213 21.56191026370616 76
1739809271225 20.810809337160734 77
1739809271244 20.747478613592314 78
1739809271257 20.49915141385408 79
1739809271273 19.437807136064613 80
1739809271289 20.11954749763694 81
1739809271307 19.400969981097774 82
1739809271321 18.41264472259648 83
1739809271330 17.399654856994502 84
1739809271340 17.508357740812315 85
1739809271353 17.13131012246338 86
1739809271381 16.142200336722848 87
1739809271392 15.824325139633634 88
1739809271402 16.75138263825989 89
1739809271426 15.73343914070062 90
1739809271437 15.45036167759206 91
1739809271452 15.933486504580143 92
1739809271462 14.867863718741862 93
1739809271483 14.272566350120726 94
1739809271495 14.624011706438763 95
1739809271513 14.293047360300545 96
1739809271526 12.989009400050746 97
1739809271542 14.157322539461711 98
1739809271561 12.76275898371869 99
1739809271573 13.007812980900978 100
1739809271589 12.511272457379455 101
1739809271605 11.961631934551319 102
1739809271611 11.793980910181846 103
1739809271637 11.070200098349893 104
1739809271643 10.44877257176019 105
1739809271664 10.912765287955976 106
1739809271671 10.180762111551873 107
1739809271693 11.147364385771077 108
1739809271701 10.17812446895086 109
1739809271717 10.316923840242728 110
1739809271733 10.442829219938382 111
1739809271749 9.110440244826979 112
1739809271765 9.11835739744636 113
1739809271781 10.298974395245244 114
1739809271797 9.49686361611919 115
1739809271813 9.004091088751833 116
1739809271829 8.945481075357202 117
1739809271845 8.457669052878002 118
1739809271850 8.18872280781215 119
1739809271872 8.74598372982705 120
1739809271880 7.828588845816754 121
1739809271903 7.880801008418295 122
1739809271912 7.994158631487067 123
1739809271930 7.908384432073535 124
1739809271941 7.852754037769893 125
1739809271958 7.152471067278789 126
1739809271972 6.9420802288723635 127
1739809271992 7.106560347213304 128
1739809272004 6.81809585819717 129
1739809272022 6.893639328016333 130
1739809272037 6.607286913456346 131
1739809272053 6.820404160027159 132
1739809272068 6.2543216783860895 133
1739809272084 6.616964692575756 134
1739809272084 6.164692308008802 135
1739809272111 6.093264381044612 136
1739809272119 6.316787317061533 137
1739809272148 5.683848182933903 138
1739809272151 6.12001755508536 139
1739809272181 6.022649943023027 140
1739809272197 5.304491189462035 141
1739809272211 5.718268880916728 142
1739809272228 5.076491400416529 143
1739809272238 5.307263422229786 144
1739809272259 5.11380063159897 145
1739809272276 5.3562699581395865 146
1739809272295 5.13751212085486 147
1739809272309 5.046153216978316 148
1739809272326 4.89320477294483 149
1739809272342 4.662721987023632 150
1739809272355 4.7365260566202 151
1739809272371 4.930484734864904 152
1739809272387 4.6612008074152325 153
1739809272403 4.469671637812767 154
1739809272419 4.709289419003152 155
1739809272440 4.511589318059681 156
1739809272460 4.576425540392864 157
1739809272471 4.080990360859773 158
1739809272493 4.672463237401458 159
1739809272510 4.041714792368839 160
1739809272516 4.457727053200081 161
1739809272537 4.542469518683767 162
1739809272560 4.709124586792625 163
1739809272576 4.420080570586327 164
1739809272597 3.940586643256915 165
1739809272615 3.89363584355346 166
1739809272623 4.328969401366238 167
1739809272655 3.9141708145909635 168
1739809272671 4.013395794942409 169
1739809272687 4.200991718141809 170
1739809272703 3.7652263587758608 171
1739809272719 4.3733822354991645 172
1739809272734 3.473533396021771 173
1739809272752 3.5730071816656497 174
1739809272754 3.9621265557780845 175
1739809272771 3.4224359411326795 176
1739809272786 3.7243808629776805 177
1739809272798 3.5104727173149173 178
1739809272816 3.409606322268766 179
1739809272830 3.2788964383879398 180
1739809272846 3.793243391017338 181
1739809272861 3.3870258650315885 182
1739809272877 3.105787673967168 183
1739809272893 3.2575886585789786 184
1739809272909 3.39535816801179 185
1739809272925 2.9342797579191795 186
1739809272943 3.1463028119213905 187
1739809272957 3.3543447442104646 188
1739809272973 3.2123755535984797 189
1739809272989 3.0874485666962337 190
1739809273007 3.1462120305700108 191
1739809273021 2.8891006012244627 192
1739809273026 2.8620484357932634 193
1739809273037 2.8494029822435105 194
1739809273053 2.7476061380155907 195
1739809273071 2.8722747151196732 196
1739809273087 3.010124059529239 197
1739809273100 2.7037570154157846 198
1739809273116 2.729140387636936 199
1739809273132 2.8733998500367557 200
1739809273148 2.8942690104265694 201
1739809273164 2.7481456018965678 202
1739809273180 2.7182119389944215 203
1739809273196 2.4763280469457176 204
1739809273212 2.6082783342878386 205
1739809273228 2.705666470578156 206
1739809273244 2.710935560878275 207
1739809273249 2.630330235316548 208
1739809273264 2.589761861816485 209
1739809273276 2.7101411207325112 210
1739809273292 2.822732139838536 211
1739809273307 2.6288427344172587 212
1739809273323 2.621534298948556 213
1739809273339 2.369159662870657 214
1739809273355 2.580559216944124 215
1739809273371 2.5070310582791375 216
1739809273387 2.231932772646809 217
1739809273403 2.2093404182787357 218
1739809273418 2.7785807724540033 219
1739809273434 2.2665825522489125 220
1739809273450 2.204660097546782 221
1739809273466 2.3497887213912483 222
1739809273482 2.243679888101665 223
1739809273488 2.2536024209306795 224
1739809273503 2.417711326889267 225
1739809273526 2.5437112180117087 226
1739809273532 2.458373979913913 227
1739809273557 2.6142218535440853 228
1739809273571 2.259150889341047 229
1739809273581 2.1556383228959084 230
1739809273600 2.0919209139448895 231
1739809273623 2.146123516609926 232
1739809273629 2.1544221752194956 233
1739809273642 2.452246745011206 234
1739809273658 2.3785495155308025 235
1739809273671 2.0556314707202206 236
1739809273692 2.1384984962481717 237
1739809273702 2.506695376084475 238
1739809273718 2.003118166935963 239
1739809273736 1.8062098798168755 240
1739809273750 2.0643990415957902 241
1739809273765 1.9110517003765246 242
1739809273781 1.986559499013616 243
1739809273797 1.9000269783980586 244
1739809273813 2.1292700690334656 245
1739809273829 2.009893207794544 246
1739809273845 1.6673427138785653 247
1739809273861 2.1336646277440634 248
1739809273877 1.844335895390338 249
1739809273893 1.8156876263535904 250
1739809273898 2.3663273654669537 251
1739809273912 2.0960221927903646 252
1739809273927 2.118976815406324 253
1739809273940 2.0218240750230447 254
1739809273956 1.9641700046986714 255
1739809273973 1.9920337270443407 256
1739809273989 1.6830644675957493 257
1739809274004 1.972506970858315 258
1739809274021 1.9394249807013424 259
1739809274036 1.7625186070561834 260
1739809274053 2.0476340520698444 261
1739809274069 1.787987215877372 262
1739809274085 1.8159205068284243 263
1739809274100 1.6802137540891395 264
1739809274116 2.022773562683045 265
1739809274121 2.099032086751915 266
1739809274134 1.8421080072355003 267
1739809274148 1.610665373509336 268
1739809274165 1.6472217935007623 269
1739809274179 1.939770171780716 270
1739809274195 1.701496029630638 271
1739809274211 1.9143944140868663 272
1739809274227 1.8056496924634187 273
1739809274243 1.8446304946676464 274
1739809274258 1.8562337074390987 275
1739809274274 1.7086902222503626 276
1739809274292 1.680051920187055 277
1739809274306 1.946430591255373 278
1739809274322 1.8004122369916804 279
1739809274340 1.8528324430119902 280
1739809274354 1.6736619027175825 281
1739809274369 1.9262321316901807 282
1739809274375 2.03575276028336 283
1739809274389 1.5880682721548014 284
1739809274405 1.677540326200305 285
1739809274419 1.6672988022721418 286
1739809274435 1.553426489137033 287
1739809274448 1.6263112496452834 288
1739809274464 1.6915379442758915 289
1739809274480 1.7563320628293233 290
1739809274496 1.9364925075313537 291
1739809274512 1.8324224270378509 292
1739809274528 1.9685773085653155 293
1739809274544 1.711138769772123 294
1739809274560 1.7675127220886473 295
1739809274576 1.7134444120752579 296
1739809274592 1.988129357143156 297
1739809274608 1.7991917911767215 298
1739809274613 1.5601312503774414 299
1739809274628 1.6749167545894452 300
1739809274643 1.6642489133115075 301
1739809274656 1.7498572569676536 302
1739809274672 1.8003768579184771 303
1739809274688 1.6991687377014684 304
1739809274704 1.769943613609153 305
1739809274719 1.7460990014468596 306
1739809274736 1.6805355042579955 307
1739809274751 1.5425299300533701 308
1739809274767 1.6154886784719054 309
1739809274783 1.7965801197060012 310
1739809274799 1.8080636065794917 311
1739809274815 2.013720480527266 312
1739809274831 1.8633497212372474 313
1739809274846 1.6224214018087237 314
1739809274862 1.5894063781760752 315
1739809274878 1.553175478160004 316
1739809274884 1.586751784397246 317
1739809274898 1.4674939644810254 318
1739809274913 1.410943093754909 319
1739809274928 1.8140046794343123 320
1739809274944 1.4972700265228978 321
1739809274958 1.6303155471259136 322
1739809274973 1.7620987813452964 323
1739809274989 1.684554650387776 324
1739809275005 1.6135538746250635 325
1739809275021 1.680701321378848 326
1739809275043 1.685512730341932 327
1739809275053 1.6380524823321503 328
1739809275069 1.810719933298025 329
1739809275085 1.6221816185693327 330
1739809275101 1.576641895790816 331
1739809275117 1.7467842623513041 332
1739809275133 1.5418474176555763 333
1739809275149 1.6415500356243604 334
1739809275165 1.4537979383047037 335
1739809275180 1.5623501415827479 336
1739809275186 1.6991021577153722 337
1739809275196 1.9302576888120497 338
1739809275212 1.4985946365083895 339
1739809275228 1.6687378087743898 340
1739809275244 1.7581715315984945 341
1739809275259 1.8706067065258838 342
1739809275276 1.572622284647519 343
1739809275291 1.6344907308550984 344
1739809275307 1.595720765615921 345
1739809275323 1.5838348441063688 346
1739809275339 1.5819809694666325 347
1739809275355 1.6062568296607502 348
1739809275371 1.6340616457277222 349
1739809275386 1.5172465321790038 350
1739809275392 1.4185350105342405 351
1739809275402 1.4460473806775824 352
1739809275435 1.4472082254776848 353
1739809275450 1.7852360271051078 354
1739809275466 1.5158671721338175 355
1739809275471 1.5465510432934022 356
1739809275486 1.7483465106562162 357
1739809275501 1.7386964002717846 358
1739809275514 1.5856568585699249 359
1739809275530 1.3930876383339368 360
1739809275545 1.5592854864768635 361
1739809275563 1.5954323222659055 362
1739809275577 1.547894189945173 363
1739809275593 1.6343741282051558 364
1739809275609 1.9131525311634945 365
1739809275625 1.4571996776261373 366
1739809275640 1.458347771950247 367
1739809275645 1.5533464921896356 368
1739809275660 1.5833831216566245 369
1739809275673 1.6556939942463358 370
1739809275689 1.5393633232117452 371
1739809275720 1.5734480630789704 372
1739809275736 1.8479026747659735 373
1739809275750 1.5851987268750214 374
1739809275762 1.6563376495467568 375
1739809275772 1.441618291132403 376
1739809275794 1.6349445572911105 377
1739809275807 1.5483476071845246 378
1739809275823 1.508623484086033 379
1739809275830 1.4740651304600159 380
1739809275846 1.4656511421117653 381
1739809275863 1.6162410363213497 382
1739809275882 1.6667676643021954 383
1739809275894 1.6194809388376343 384
1739809275910 1.7141945311567357 385
1739809275927 1.9205774770109598 386
1739809275940 1.7035521817846175 387
1739809275945 1.4870531210476687 388
1739809275958 1.4540064576566616 389
1739809275976 1.8928196866784277 390
1739809275989 1.5620091675714542 391
1739809276005 1.4489281748652723 392
1739809276020 1.3742190545154427 393
1739809276036 1.3849791065112473 394
1739809276052 1.654705331558199 395
1739809276068 1.646473417636058 396
1739809276083 1.5270794732488864 397
1739809276099 1.6620302603938586 398
1739809276115 1.676000405148676 399
1739809276131 1.2850139947391843 400
1739809276146 1.6903517200043985 401
1739809276162 1.710280747287815 402
1739809276178 1.5933725617616277 403
1739809276184 1.5402555372843185 404
1739809276207 1.8073090325160315 405
1739809276213 1.6782334941579309 406
1739809276228 1.2958461569937 407
1739809276242 1.6337340792202335 408
1739809276258 1.7814798838531427 409
1739809276274 1.492369195879445 410
1739809276289 1.5861040959275914 411
1739809276305 1.6250683845429545 412
1739809276321 1.6444310244014275 413
1739809276337 1.5462709033627808 414
1739809276353 1.616680365000253 415
1739809276353 1.6154181996377057 416
1739809276369 1.6093814223691465 417
1739809276389 1.4934859751781213 418
1739809276405 1.6139733959463107 419
1739809276419 1.7831251819273217 420
1739809276433 1.6033730000626005 421
1739809276449 1.5722722823442268 422
1739809276465 1.751474478569689 423
1739809276481 1.4390817575445174 424
1739809276496 1.6786932346513053 425
1739809276512 1.4712965761360637 426
1739809276528 1.6571323144604235 427
1739809276544 1.460817871699755 428
1739809276550 1.573563919934031 429
1739809276576 1.588477119158892 430
1739809276581 1.7932741240138739 431
1739809276595 1.8271636414244845 432
1739809276610 1.700610359501472 433
1739809276623 1.700726772345232 434
1739809276639 1.4624691355283312 435
1739809276655 1.5556385119097824 436
1739809276670 1.555477324575378 437
1739809276687 1.5517435453851127 438
1739809276709 1.5200956162674677 439
1739809276718 1.7718328841329103 440
1739809276734 1.6337407966729616 441
1739809276750 1.4929796715199655 442
1739809276766 1.454729918584156 443
1739809276782 1.5183839878527863 444
1739809276798 1.5571029180595244 445
1739809276814 1.727081386012633 446
1739809276820 1.3751419759979575 447
1739809276833 1.5949342344772652 448
1739809276848 1.5449340910021458 449
1739809276862 1.4689205458741128 450
1739809276878 1.4470208128592013 451
1739809276893 1.3272034874686904 452
1739809276909 1.3656067155856704 453
1739809276925 1.492156126284375 454
1739809276940 1.6075314145028008 455
1739809276956 1.4596018996060653 456
1739809276975 1.378087657968703 457
1739809276988 1.4683458935466285 458
1739809277004 1.6188758163237564 459
1739809277020 1.5525574578656076 460
1739809277027 1.7073622315553112 461
1739809277036 1.3148686514025376 462
1739809277056 1.6191522255470434 463
1739809277083 1.5020091327947203 464
1739809277089 1.4979816695471586 465
1739809277104 1.562237391742524 466
1739809277120 1.5526708469670678 467
1739809277134 1.4433375243569195 468
1739809277148 1.5450995729255121 469
1739809277163 1.6555777288304854 470
1739809277183 1.6805617026677537 471
1739809277194 1.7112449224983655 472
1739809277210 1.578920987240688 473
1739809277226 1.573834569590343 474
1739809277242 1.6408027928109454 475
1739809277258 1.6658079399700543 476
1739809277274 1.3510699822152124 477
1739809277289 1.5589983312983515 478
1739809277307 1.4788038814872055 479
1739809277321 1.391664520887163 480
1739809277328 1.5418260715795038 481
1739809277341 1.4678866738619143 482
1739809277353 1.6069279188653522 483
1739809277372 1.4953502157056027 484
1739809277388 1.543464397807614 485
1739809277400 1.53085142502658 486
1739809277420 1.4879151696872293 487
1739809277435 1.5387143100347935 488
1739809277448 1.5362826257236706 489
1739809277464 1.4190457804797245 490
1739809277480 1.4725622201261501 491
1739809277496 1.5839440517365913 492
1739809277512 1.6489328619690797 493
1739809277528 1.6438312370134187 494
1739809277544 1.6315890365953383 495
1739809277560 1.4915527442968533 496
1739809277565 1.3634664338171456 497
1739809277580 1.6431414965878555 498
1739809277595 1.6497802440867364 499
