1739809128282 11.980444335548379 0
1739809128303 2.7363414735950564 1
1739809128314 1.7331170202696944 2
1739809128337 1.652855703054198 3
1739809128345 1.3944709319255366 4
1739809128361 1.5252310238032367 5
1739809128377 1.509010853161645 6
1739809128393 1.722838586087048 7
1739809128409 1.3299617273532576 8
1739809128425 1.5307534631900082 9
1739809128441 1.5487456537707287 10
1739809128457 1.3990155950471896 11
1739809128473 1.543684995124777 12
1739809128473 1.4993777860568662 13
1739809128495 1.42573931021966 14
1739809128505 1.4512402451440178 15
1739809128523 1.4649457784854456 16
1739809128537 1.6440258615152932 17
1739809128552 1.3468228543050107 18
1739809128568 1.4391449138075134 19
1739809128584 1.4023466158050666 20
1739809128600 1.630761603609026 21
1739809128616 1.7420254675559643 22
1739809128632 1.340518712534202 23
1739809128647 1.6525679522842154 24
1739809128647 1.3433077708531074 25
