1739809059492 192.9666809116104 0
1739809059508 185.29952832051057 1
1739809059524 184.70782267644668 2
1739809059524 183.9804606504359 3
1739809059540 183.25882606475955 4
1739809059555 182.54010778735943 5
1739809059571 181.82434871665436 6
1739809059587 181.11153530855526 7
1739809059603 180.4016551905589 8
1739809059619 179.69469602077606 9
1739809059635 178.990645510295 10
1739809059651 178.28949142250875 11
1739809059651 177.59122157290025 12
1739809059666 176.89582382881895 13
1739809059683 176.20328610925867 14
1739809059698 175.5135963846364 15
1739809059715 174.82674267657202 16
1739809059731 174.14271305766928 17
1739809059747 173.46149565129704 18
1739809059747 172.78307863137223 19
1739809059763 172.10745022214317 20
1739809059784 171.43459869797408 21
1739809059795 170.76451238313044 22
1739809059810 170.0971796515654 23
1739809059826 169.43258892670693 24
1739809059842 168.77072868124577 25
1739809059858 168.111587436925 26
1739809059858 167.45515376432928 27
1739809059874 166.8014162826763 28
1739809059890 166.15036365960836 29
1739809059906 165.50198461098486 30
1739809059922 164.85626790067585 31
1739809059938 164.21320234035682 32
1739809059938 163.57277678930356 33
1739809059955 162.93498015418868 34
1739809059971 162.2998013888783 35
1739809059987 161.66722949423058 36
1739809060003 161.03725351789382 37
1739809060018 160.40986255410664 38
1739809060034 159.78504574349836 39
1739809060034 159.16279227289027 40
1739809060051 158.54309137509802 41
1739809060067 157.92593232873475 42
1739809060082 157.31130445801475 43
1739809060098 156.69919713255854 44
1739809060114 156.08959976719837 45
1739809060130 155.48250182178458 46
1739809060146 154.877892800993 47
1739809060146 154.27576225413313 48
1739809060162 153.67609977495678 49
1739809060178 153.07889500146817 50
1739809060194 152.48413761573417 51
1739809060210 151.8918173436961 52
1739809060226 151.30192395498148 53
1739809060242 150.71444726271733 54
1739809060242 150.1293771233439 55
1739809060258 149.54670343642908 56
1739809060274 148.9664161444842 57
1739809060290 148.38850523277995 58
1739809060306 147.81296072916334 59
1739809060324 147.2397727038755 60
1739809060327 146.66893126937038 61
1739809060338 146.10042658013398 62
1739809060353 145.53424883250443 63
1739809060369 144.9703882644928 64
1739809060385 144.40883515560498 65
1739809060401 143.84957982666384 66
1739809060417 143.29261263963267 67
1739809060417 142.73792399743877 68
1739809060432 142.18550434379847 69
1739809060451 141.63534416304256 70
1739809060464 141.08743397994206 71
1739809060480 140.5417643595358 72
1739809060496 139.9983259069576 73
1739809060512 139.4571092672649 74
1739809060512 138.91810512526803 75
1739809060528 138.3813042053598 76
1739809060544 137.8466972713464 77
1739809060560 137.3142751262786 78
1739809060577 136.78402861228398 79
1739809060592 136.25594861039949 80
1739809060592 135.73002604040528 81
1739809060620 135.20625186065865 82
1739809060632 134.68461706792908 83
1739809060640 134.165112697234 84
1739809060656 133.64772982167503 85
1739809060672 133.132459552275 86
1739809060688 132.61929303781588 87
1739809060703 132.10822146467703 88
1739809060703 131.59923605667456 89
1739809060719 131.092328074901 90
1739809060735 130.58748881756586 91
1739809060751 130.08470961983693 92
1739809060766 129.58398185368222 93
1739809060782 129.08529692771228 94
1739809060798 128.58864628702366 95
1739809060798 128.09402141304284 96
1739809060814 127.60141382337069 97
1739809060830 127.11081507162788 98
1739809060845 126.62221674730068 99
1739809060862 126.1356104755876 100
1739809060878 125.65098791724672 101
1739809060894 125.16834076844339 102
1739809060909 124.68766076059899 103
1739809060909 124.20893966023998 104
1739809060925 123.7321692688479 105
1739809060941 123.25734142270969 106
1739809060957 122.78444799276903 107
1739809060973 122.3134808844779 108
1739809060989 121.84443203764918 109
1739809060989 121.37729342630965 110
1739809061004 120.91205705855354 111
1739809061021 120.44871497639703 112
1739809061037 119.98725925563303 113
1739809061052 119.52768200568684 114
1739809061068 119.06997536947229 115
1739809061084 118.61413152324846 116
1739809061084 118.16014267647721 117
1739809061100 117.70800107168111 118
1739809061116 117.25769898430212 119
1739809061132 116.80922872256077 120
1739809061148 116.3625826273161 121
1739809061164 115.91775307192597 122
1739809061164 115.47473246210821 123
1739809061179 115.03351323580219 124
1739809061195 114.59408786303108 125
1739809061211 114.15644884576469 126
1739809061227 113.7205887177828 127
1739809061244 113.28650004453935 128
1739809061244 112.85417542302675 129
1739809061260 112.42360748164123 130
1739809061276 111.99478888004856 131
1739809061292 111.56771230905034 132
1739809061308 111.14237049045086 133
1739809061328 110.7187561769246 134
1739809061341 110.29686215188433 135
1739809061348 109.87668122934953 136
1739809061366 109.45820625381576 137
1739809061371 109.04143010012422 138
1739809061392 108.6263456733321 139
1739809061408 108.21294590858348 140
1739809061423 107.8012237709806 141
1739809061434 107.3911722554559 142
1739809061450 106.98278438664443 143
1739809061450 106.57605321875701 144
1739809061477 106.17097183545373 145
1739809061482 105.76753334971815 146
1739809061497 105.36573090373183 147
1739809061519 104.96555766874972 148
1739809061531 104.56700684497581 149
1739809061545 104.17007166143935 150
1739809061556 103.77474537587182 151
1739809061560 103.38102127458407 152
1739809061582 102.98889267234443 153
1739809061593 102.59835291225677 154
1739809061608 102.20939536563974 155
1739809061624 101.82201343190602 156
1739809061636 101.43620053844225 157
1739809061639 101.0519501404896 158
1739809061663 100.6692557210246 159
1739809061675 100.28811079064087 160
1739809061692 99.90850888743078 161
1739809061703 99.53044357686821 162
1739809061718 99.1539084516915 163
1739809061735 98.77889713178689 164
1739809061735 98.40540326407253 165
1739809061751 98.03342052238311 166
1739809061766 97.66294260735468 167
1739809061782 97.29396324631028 168
1739809061798 96.92647619314587 169
1739809061814 96.56047522821682 170
1739809061830 96.19595415822484 171
1739809061846 95.83290681610548 172
1739809061846 95.471327060916 173
1739809061862 95.11120877772382 174
1739809061878 94.7525458774954 175
1739809061894 94.3953322969856 176
1739809061909 94.03956199862752 177
1739809061925 93.68522897042284 178
1739809061925 93.33232722583256 179
1739809061941 92.98085080366826 180
1739809061957 92.63079376798382 181
1739809061973 92.28215020796767 182
1739809061989 91.93491423783536 183
1739809062005 91.5890799967226 184
1739809062021 91.24464164857908 185
1739809062021 90.90159338206216 186
1739809062037 90.55992941043158 187
1739809062053 90.21964397144434 188
1739809062069 89.88073132725002 189
1739809062085 89.54318576428663 190
1739809062101 89.207001593177 191
1739809062117 88.87217314862527 192
1739809062117 88.53869478931428 193
1739809062133 88.20656089780302 194
1739809062149 87.87576588042475 195
1739809062165 87.54630416718555 196
1739809062181 87.21817021166305 197
1739809062197 86.89135849090589 198
1739809062213 86.56586350533352 199
1739809062229 86.24167977863642 200
1739809062229 85.91880185767668 201
1739809062245 85.59722431238907 202
1739809062261 85.27694173568256 203
1739809062285 84.95794874334227 204
1739809062293 84.64023997393174 205
1739809062309 84.3238100886957 206
1739809062324 84.00865377146322 207
1739809062324 83.69476572855136 208
1739809062340 83.38214068866911 209
1739809062356 83.07077340282183 210
1739809062372 82.76065864421606 211
1739809062388 82.45179120816475 212
1739809062404 82.14416591199287 213
1739809062420 81.83777759494353 214
1739809062420 81.53262111808432 215
1739809062436 81.22869136421419 216
1739809062452 80.92598323777074 217
1739809062468 80.62449166473786 218
1739809062484 80.32421159255365 219
1739809062499 80.02513799001905 220
1739809062515 79.72726584720641 221
1739809062531 79.43059017536898 222
1739809062547 79.13510600685031 223
1739809062563 78.84080839499435 224
1739809062579 78.5476924140558 225
1739809062595 78.25575315911084 226
1739809062611 77.96498574596832 227
1739809062627 77.67538531108127 228
1739809062643 77.38694701145884 229
1739809062658 77.09966602457848 230
1739809062674 76.81353754829877 231
1739809062692 76.52855680077225 232
1739809062706 76.24471902035907 233
1739809062722 75.96201946554054 234
1739809062738 75.68045341483334 235
1739809062757 75.40001616670415 236
1739809062769 75.12070303948444 237
1739809062782 74.84250937128574 238
1739809062798 74.56543051991521 239
1739809062798 74.28946186279164 240
1739809062814 74.01459879686182 241
1739809062829 73.74083673851725 242
1739809062845 73.46817112351103 243
1739809062862 73.1965974068755 244
1739809062877 72.92611106283981 245
1739809062893 72.65670758474812 246
1739809062909 72.38838248497804 247
1739809062925 72.12113129485945 248
1739809062941 71.85494956459368 249
1739809062941 71.58983286317294 250
1739809062957 71.32577677830032 251
1739809062973 71.0627769163098 252
1739809062989 70.80082890208699 253
1739809063005 70.53992837898979 254
1739809063025 70.28007100876982 255
1739809063038 70.0212524714938 256
1739809063038 69.76346846546558 257
1739809063053 69.50671470714826 258
1739809063069 69.25098693108684 259
1739809063085 68.99628088983107 260
1739809063101 68.74259235385864 261
1739809063117 68.48991711149877 262
1739809063133 68.23825096885612 263
1739809063133 67.98758974973495 264
1739809063149 67.73792929556365 265
1739809063165 67.4892654653196 266
1739809063181 67.24159413545438 267
1739809063197 66.99491119981921 268
1739809063213 66.74921256959085 269
1739809063229 66.50449417319766 270
1739809063229 66.26075195624604 271
1739809063245 66.01798188144728 272
1739809063261 65.77617992854458 273
1739809063277 65.53534209424043 274
1739809063293 65.29546439212436 275
1739809063309 65.05654285260097 276
1739809063309 64.81857352281811 277
1739809063325 64.58155246659577 278
1739809063341 64.34547576435472 279
1739809063357 64.11033951304594 280
1739809063373 63.876139826080184 281
1739809063389 63.642872833257655 282
1739809063405 63.41053468069831 283
1739809063405 63.17912153077225 284
1739809063421 62.94862956203045 285
1739809063437 62.7190549691358 286
1739809063453 62.49039396279447 287
1739809063471 62.262642769687524 288
1739809063485 62.035797632402826 289
1739809063500 61.80985480936732 290
1739809063514 61.58481057477942 291
1739809063528 61.36066121854189 292
1739809063540 61.137403046194954 293
1739809063548 60.915032378849574 294
1739809063563 60.693545553121155 295
1739809063584 60.472938921063495 296
1739809063596 60.25320885010298 297
1739809063611 60.034351722973106 298
1739809063611 59.816363937649264 299
1739809063627 59.599241907283776 300
1739809063644 59.38298206014127 301
1739809063664 59.16758083953433 302
1739809063679 58.953034703759265 303
1739809063694 58.739340126032445 304
1739809063707 58.52649359442658 305
1739809063717 58.31449161180761 306
1739809063722 58.10333069577155 307
1739809063738 57.89300737858178 308
1739809063754 57.683518207106644 309
1739809063771 57.47485974275715 310
1739809063785 57.267028561425064 311
1739809063801 57.06002125342125 312
1739809063801 56.85383442341425 313
1739809063817 56.64846469036911 314
1739809063834 56.44390868748657 315
1739809063849 56.240163062142344 316
1739809063865 56.0372244758268 317
1739809063882 55.83508960408488 318
1739809063882 55.63375513645618 319
1739809063898 55.433217776415454 320
1739809063914 55.23347424131316 321
1739809063929 55.03452126231651 322
1739809063945 54.836355584350514 323
1739809063962 54.63897396603949 324
1739809063962 54.442373179648676 325
1739809063978 54.24655001102622 326
1739809063994 54.05150125954528 327
1739809064010 53.85722373804648 328
1739809064026 53.663714272780595 329
1739809064042 53.4709697033514 330
1739809064058 53.2789868826589 331
1739809064074 53.08776267684267 332
1739809064074 52.89729396522556 333
1739809064090 52.70757764025747 334
1739809064106 52.51861060745958 335
1739809064121 52.330389785368695 336
1739809064141 52.1429121054818 337
1739809064153 51.95617451220093 338
1739809064169 51.77017396277825 339
1739809064169 51.58490742726133 340
1739809064184 51.40037188843871 341
1739809064200 51.216564341785705 342
1739809064216 51.03348179541037 343
1739809064232 50.85112126999976 344
1739809064248 50.6694797987664 345
1739809064264 50.48855442739502 346
1739809064264 50.30834221398939 347
1739809064280 50.12884022901955 348
1739809064296 49.950045555269185 349
1739809064312 49.77195528778324 350
1739809064328 49.59456653381571 351
1739809064344 49.4178764127777 352
1739809064360 49.24188205618576 353
1739809064376 49.06658060761032 354
1739809064376 48.89196922262442 355
1739809064392 48.718045068752716 356
1739809064408 48.544805325420505 357
1739809064429 48.372247183903255 358
1739809064440 48.200367847276055 359
1739809064456 48.02916453036354 360
1739809064472 47.85863445968981 361
1739809064472 47.68877487342877 362
1739809064488 47.51958302135448 363
1739809064504 47.3510561647919 364
1739809064520 47.1831915765677 365
1739809064536 47.01598654096137 366
1739809064552 46.849438353656524 367
1739809064568 46.6835443216924 368
1739809064568 46.518301763415515 369
1739809064584 46.35370800843165 370
1739809064599 46.18976039755796 371
1739809064615 46.026456282775236 372
1739809064631 45.86379302718054 373
1739809064648 45.701768004939844 374
1739809064664 45.54037860124103 375
1739809064664 45.37962221224695 376
1739809064680 45.21949624504888 377
1739809064696 45.059998117619934 378
1739809064712 44.901125258768886 379
1739809064727 44.74287510809408 380
1739809064744 44.58524511593757 381
1739809064760 44.42823274333937 382
1739809064760 44.27183546199215 383
1739809064776 44.11605075419573 384
1739809064792 43.96087611281221 385
1739809064808 43.8063090412209 386
1739809064825 43.65234705327373 387
1739809064841 43.49898767325069 388
1739809064841 43.34622843581551 389
1739809064857 43.19406688597155 390
1739809064873 43.04250057901783 391
1739809064889 42.891527080505284 392
1739809064905 42.74114396619321 393
1739809064922 42.59134882200588 394
1739809064922 42.4421392439893 395
1739809064938 42.293512838268285 396
1739809064953 42.145467221003564 397
1739809064969 41.998000018349174 398
1739809064985 41.85110886640996 399
1739809065001 41.70479141119935 400
1739809065017 41.55904530859719 401
1739809065017 41.41386822430792 402
1739809065033 41.26925783381871 403
1739809065049 41.12521182235802 404
1739809065065 40.98172788485411 405
1739809065081 40.83880372589396 406
1739809065097 40.69643705968212 407
1739809065113 40.55462560999991 408
1739809065113 40.41336711016478 409
1739809065129 40.27265930298971 410
1739809065145 40.13249994074296 411
1739809065161 39.992886785107885 412
1739809065177 39.85381760714294 413
1739809065193 39.71529018724186 414
1739809065193 39.57730231509405 415
1739809065209 39.43985178964506 416
1739809065225 39.30293641905731 417
1739809065241 39.16655402067094 418
1739809065256 39.030702420964836 419
1739809065273 38.895379455517826 420
1739809065289 38.76058296897006 421
1739809065289 38.626310814984514 422
1739809065304 38.4925608562087 423
1739809065320 38.35933096423645 424
1739809065336 38.226619019570066 425
1739809065352 38.094422911582384 426
1739809065368 37.96274053847917 427
1739809065384 37.83156980726159 428
1739809065400 37.70090863368892 429
1739809065400 37.57075494224133 430
1739809065416 37.4411066660829 431
1739809065431 37.311961747024704 432
1739809065447 37.18331813548816 433
1739809065463 37.05517379046849 434
1739809065479 36.92752667949827 435
1739809065495 36.80037477861127 436
1739809065511 36.673716072306334 437
1739809065527 36.547548553511454 438
1739809065527 36.42187022354803 439
1739809065543 36.29667909209519 440
1739809065559 36.17197317715443 441
1739809065574 36.04775050501419 442
1739809065591 35.92400911021478 443
1739809065607 35.80074703551328 444
1739809065607 35.67796233184877 445
1739809065622 35.55565305830755 446
1739809065638 35.43381728208859 447
1739809065654 35.312453078469154 448
1739809065670 35.19155853077048 449
1739809065686 35.07113173032364 450
1739809065705 34.95117077643565 451
1739809065719 34.83167377635555 452
1739809065733 34.712638845240775 453
1739809065733 34.594064106123554 454
1739809065749 34.47594768987754 455
1739809065765 34.35828773518462 456
1739809065786 34.241082388501646 457
1739809065797 34.124329804027624 458
1739809065813 34.00802814367074 459
1739809065830 33.89217557701579 460
1739809065846 33.77677028129155 461
1739809065849 33.66181044133836 462
1739809065861 33.54729424957592 463
1739809065886 33.433219905971086 464
1739809065899 33.31958561800586 465
1739809065908 33.20638960064561 466
1739809065924 33.09363007630726 467
1739809065940 32.98130527482772 468
1739809065940 32.86941343343248 469
1739809065957 32.75795279670419 470
1739809065972 32.646921616551595 471
1739809065987 32.53631815217836 472
1739809066003 32.42614067005224 473
1739809066020 32.316387443874234 474
1739809066035 32.20705675454795 475
1739809066035 32.09814689014909 476
1739809066051 31.989656145895008 477
1739809066067 31.881582824114503 478
1739809066083 31.773925234217643 479
1739809066099 31.66668169266576 480
1739809066115 31.559850522941574 481
1739809066131 31.453430055519444 482
1739809066131 31.34741862783575 483
1739809066147 31.241814584259377 484
1739809066163 31.136616276062338 485
1739809066179 31.031822061390546 486
1739809066195 30.927430305234672 487
1739809066212 30.823439379401183 488
1739809066212 30.719847662483417 489
1739809066228 30.61665353983287 490
1739809066244 30.513855403530567 491
1739809066260 30.411451652358515 492
1739809066276 30.30944069177137 493
1739809066292 30.207820933868142 494
1739809066308 30.10659079736409 495
1739809066323 30.005748707562624 496
1739809066323 29.905293096327505 497
1739809066339 29.805222402054977 498
1739809066355 29.705535069646157 499
