1739809020967 178.40930627477408 0
1739809020976 178.33817023145565 1
1739809020992 178.26706400436092 2
1739809021008 178.19598758070146 3
1739809021024 178.12494094769423 4
1739809021024 178.05392409256183 5
1739809021049 177.98293700253234 6
1739809021056 177.91197966483952 7
1739809021078 177.8410520667226 8
1739809021088 177.77015419542624 9
1739809021104 177.69928603820082 10
1739809021104 177.62844758230216 11
1739809021131 177.5576388149916 12
1739809021142 177.48685972353613 13
1739809021152 177.41611029520803 14
1739809021168 177.34539051728535 15
1739809021183 177.2747003770516 16
1739809021199 177.20403986179574 17
1739809021204 177.1334089588122 18
1739809021222 177.0628076554012 19
1739809021237 176.99223593886813 20
1739809021250 176.9216937965241 21
1739809021263 176.8511812156857 22
1739809021279 176.78069818367496 23
1739809021295 176.71024468781957 24
1739809021311 176.6398207154525 25
1739809021327 176.56942625391238 26
1739809021327 176.4990612905433 27
1739809021343 176.4287258126948 28
1739809021359 176.35841980772202 29
1739809021375 176.28814326298544 30
1739809021391 176.21789616585113 31
1739809021409 176.14767850369063 32
1739809021422 176.07749026388095 33
1739809021422 176.00733143380458 34
1739809021438 175.93720200084954 35
1739809021454 175.86710195240923 36
1739809021470 175.79703127588252 37
1739809021486 175.7269899586739 38
1739809021503 175.65697798819323 39
1739809021518 175.58699535185576 40
1739809021534 175.51704203708238 41
1739809021534 175.44711803129928 42
1739809021550 175.37722332193815 43
1739809021566 175.30735789643614 44
1739809021583 175.237521742236 45
1739809021599 175.1677148467857 46
1739809021599 175.0979371975388 47
1739809021614 175.02818878195427 48
1739809021637 174.9584695874965 49
1739809021646 174.88877960163535 50
1739809021663 174.81911881184615 51
1739809021679 174.74948720560965 52
1739809021694 174.67988477041195 53
1739809021694 174.6103114937447 54
1739809021711 174.54076736310495 55
1739809021727 174.4712523659951 56
1739809021742 174.40176648992312 57
1739809021758 174.33230972240224 58
1739809021774 174.26288205095128 59
1739809021790 174.19348346309428 60
1739809021790 174.12411394636092 61
1739809021806 174.05477348828612 62
1739809021821 173.98546207641027 63
1739809021837 173.9161796982792 64
1739809021853 173.8469263414441 65
1739809021869 173.77770199346156 66
1739809021869 173.70850664189362 67
1739809021885 173.63934027430773 68
1739809021901 173.5702028782766 69
1739809021917 173.50109444137857 70
1739809021933 173.43201495119712 71
1739809021948 173.3629643953213 72
1739809021948 173.29394276134548 73
1739809021964 173.22495003686944 74
1739809021991 173.1559862094983 75
1739809022004 173.08705126684256 76
1739809022011 173.0181451965182 77
1739809022027 172.94926798614642 78
1739809022043 172.88041962335396 79
1739809022059 172.81160009577275 80
1739809022060 172.74280939104028 81
1739809022075 172.6740474967992 82
1739809022091 172.60531440069775 83
1739809022115 172.5366100903894 84
1739809022130 172.46793455353296 85
1739809022148 172.39928777779258 86
1739809022168 172.33066975083798 87
1739809022182 172.26208046034392 88
1739809022196 172.19351989399075 89
1739809022210 172.12498803946409 90
1739809022222 172.0564848844548 91
1739809022237 171.98801041665928 92
1739809022251 171.91956462377914 93
1739809022267 171.85114749352135 94
1739809022282 171.78275901359825 95
1739809022298 171.71439917172748 96
1739809022316 171.646067955632 97
1739809022328 171.57776535304018 98
1739809022344 171.50949135168557 99
1739809022344 171.4412459393072 100
1739809022359 171.37302910364934 101
1739809022376 171.30484083246162 102
1739809022391 171.23668111349892 103
1739809022407 171.1685499345215 104
1739809022423 171.10044728329493 105
1739809022425 171.03237314759 106
1739809022439 170.964327515183 107
1739809022455 170.89631037385527 108
1739809022471 170.8283217113937 109
1739809022487 170.76036151559035 110
1739809022503 170.69242977424258 111
1739809022503 170.6245264751531 112
1739809022519 170.5566516061298 113
1739809022535 170.48880515498604 114
1739809022551 170.42098710954033 115
1739809022567 170.35319745761652 116
1739809022583 170.28543618704379 117
1739809022583 170.21770328565643 118
1739809022599 170.14999874129427 119
1739809022614 170.08232254180217 120
1739809022631 170.01467467503042 121
1739809022647 169.94705512883453 122
1739809022665 169.87946389107535 123
1739809022679 169.81190094961883 124
1739809022679 169.74436629233642 125
1739809022695 169.67685990710459 126
1739809022711 169.60938178180527 127
1739809022727 169.54193190432557 128
1739809022743 169.47451026255789 129
1739809022759 169.40711684439972 130
1739809022759 169.3397516377541 131
1739809022775 169.2724146305291 132
1739809022790 169.20510581063806 133
1739809022806 169.1378251659997 134
1739809022822 169.07057268453775 135
1739809022838 169.00334835418144 136
1739809022854 168.93615216286508 137
1739809022854 168.86898409852827 138
1739809022870 168.8018441491158 139
1739809022888 168.73473230257775 140
1739809022902 168.6676485468694 141
1739809022917 168.60059286995124 142
1739809022934 168.53356525978904 143
1739809022934 168.46656570435377 144
1739809022950 168.39959419162153 145
1739809022966 168.33265070957384 146
1739809022982 168.2657352461972 147
1739809022998 168.19884778948355 148
1739809023013 168.13198832742984 149
1739809023029 168.0651568480384 150
1739809023029 167.99835333931662 151
1739809023045 167.9315777892772 152
1739809023061 167.864830185938 153
1739809023077 167.7981105173221 154
1739809023093 167.73141877145775 155
1739809023108 167.66475493637844 156
1739809023108 167.5981190001228 157
1739809023124 167.53151095073468 158
1739809023140 167.46493077626315 159
1739809023156 167.3983784647624 160
1739809023172 167.3318540042918 161
1739809023187 167.265357382916 162
1739809023204 167.1988885887048 163
1739809023219 167.13244760973305 164
1739809023219 167.06603443408093 165
1739809023236 166.99964904983375 166
1739809023251 166.933291445082 167
1739809023267 166.8669616079212 168
1739809023284 166.80065952645225 169
1739809023299 166.73438518878115 170
1739809023299 166.668138583019 171
1739809023315 166.601919697282 172
1739809023331 166.53572851969167 173
1739809023347 166.46956503837464 174
1739809023363 166.40342924146262 175
1739809023379 166.33732111709256 176
1739809023395 166.27124065340644 177
1739809023395 166.20518783855152 178
1739809023410 166.13916266068014 179
1739809023426 166.0731651079498 180
1739809023442 166.00719516852308 181
1739809023458 165.94125283056778 182
1739809023474 165.87533808225677 183
1739809023474 165.80945091176812 184
1739809023490 165.74359130728493 185
1739809023506 165.67775925699553 186
1739809023528 165.6119547490934 187
1739809023538 165.54617777177694 188
1739809023555 165.48042831324992 189
1739809023570 165.4147063617211 190
1739809023570 165.3490119054043 191
1739809023586 165.28334493251865 192
1739809023602 165.21770543128824 193
1739809023618 165.15209338994225 194
1739809023634 165.08650879671504 195
1739809023650 165.02095163984615 196
1739809023650 164.95542190758002 197
1739809023666 164.88991958816635 198
1739809023681 164.82444466985987 199
1739809023697 164.7589971409205 200
1739809023714 164.69357698961315 201
1739809023730 164.62818420420777 202
1739809023745 164.56281877297965 203
1739809023745 164.49748068420888 204
1739809023761 164.43216992618082 205
1739809023777 164.36688648718584 206
1739809023793 164.30163035551942 207
1739809023809 164.23640151948211 208
1739809023825 164.17119996737952 209
1739809023841 164.1060256875223 210
1739809023857 164.04087866822633 211
1739809023857 163.9757588978124 212
1739809023872 163.91066636460639 213
1739809023889 163.8456010569393 214
1739809023904 163.78056296314716 215
1739809023921 163.7155520715711 216
1739809023936 163.6505683705573 217
1739809023953 163.5856118484569 218
1739809023958 163.5206824936262 219
1739809023968 163.45578029442652 220
1739809023984 163.39090523922428 221
1739809024000 163.32605731639092 222
1739809024016 163.2612365143028 223
1739809024032 163.19644282134155 224
1739809024032 163.13167622589364 225
1739809024048 163.0669367163507 226
1739809024064 163.00222428110933 227
1739809024080 162.9375389085713 228
1739809024096 162.87288058714321 229
1739809024112 162.80824930523684 230
1739809024128 162.74364505126886 231
1739809024128 162.6790678136612 232
1739809024144 162.61451758084053 233
1739809024159 162.54999434123877 234
1739809024181 162.48549808329273 235
1739809024194 162.4210287954443 236
1739809024206 162.35658646614033 237
1739809024206 162.29217108383278 238
1739809024222 162.22778263697853 239
1739809024239 162.16342111403944 240
1739809024255 162.09908650348248 241
1739809024270 162.0347787937796 242
1739809024286 161.97049797340765 243
1739809024286 161.90624403084865 244
1739809024303 161.8420169545895 245
1739809024324 161.7778167331221 246
1739809024343 161.71364335494337 247
1739809024357 161.6494968085552 248
1739809024366 161.58537708246453 249
1739809024384 161.52128416518323 250
1739809024398 161.45721804522813 251
1739809024398 161.39317871112115 252
1739809024414 161.32916615138902 253
1739809024430 161.26518035456368 254
1739809024446 161.2012213091818 255
1739809024462 161.13728900378516 256
1739809024478 161.07338342692051 257
1739809024493 161.00950456713957 258
1739809024493 160.94565241299898 259
1739809024509 160.8818269530604 260
1739809024526 160.8180281758904 261
1739809024541 160.75425607006053 262
1739809024557 160.69051062414727 263
1739809024573 160.62679182673216 264
1739809024589 160.5630996664016 265
1739809024605 160.49943413174697 266
1739809024605 160.4357952113646 267
1739809024621 160.37218289385575 268
1739809024637 160.3085971678266 269
1739809024653 160.2450380218884 270
1739809024669 160.1815054446572 271
1739809024685 160.1179994247541 272
1739809024685 160.05451995080497 273
1739809024701 159.99106701144086 274
1739809024717 159.9276405952975 275
1739809024733 159.86424069101577 276
1739809024749 159.8008672872413 277
1739809024764 159.73752037262477 278
1739809024780 159.67419993582172 279
1739809024780 159.6109059654926 280
1739809024796 159.54763845030294 281
1739809024812 159.48439737892286 282
1739809024828 159.42118274002775 283
1739809024844 159.3579945222977 284
1739809024860 159.29483271441777 285
1739809024876 159.23169730507792 286
1739809024892 159.16858828297296 287
1739809024897 159.10550563680277 288
1739809024908 159.04244935527205 289
1739809024924 158.97941942709028 290
1739809024939 158.91641584097198 291
1739809024955 158.85343858563655 292
1739809024971 158.79048764980826 293
1739809024989 158.7275630222162 294
1739809025003 158.6646646915945 295
1739809025003 158.60179264668207 296
1739809025019 158.53894687622278 297
1739809025035 158.47612736896522 298
1739809025051 158.41333411366313 299
1739809025067 158.35056709907485 300
1739809025085 158.28782631396382 301
1739809025099 158.22511174709814 302
1739809025099 158.16242338725107 303
1739809025115 158.09976122320043 304
1739809025131 158.03712524372912 305
1739809025147 157.9745154376248 306
1739809025163 157.91193179368008 307
1739809025181 157.84937430069238 308
1739809025195 157.78684294746392 309
1739809025195 157.72433772280192 310
1739809025211 157.66185861551833 311
1739809025227 157.59940561443003 312
1739809025249 157.53697870835867 313
1739809025259 157.47457788613087 314
1739809025275 157.412203136578 315
1739809025275 157.3498544485363 316
1739809025291 157.28753181084684 317
1739809025306 157.22523521235559 318
1739809025322 157.1629646419133 319
1739809025338 157.10072008837557 320
1739809025355 157.03850154060285 321
1739809025370 156.9763089874604 322
1739809025370 156.91414241781834 323
1739809025386 156.85200182055155 324
1739809025402 156.78988718453982 325
1739809025418 156.72779849866774 326
1739809025436 156.6657357518247 327
1739809025450 156.6036989329049 328
1739809025450 156.54168803080742 329
1739809025466 156.47970303443606 330
1739809025481 156.41774393269955 331
1739809025497 156.35581071451136 332
1739809025514 156.29390336878973 333
1739809025530 156.23202188445777 334
1739809025530 156.1701662504434 335
1739809025546 156.10833645567934 336
1739809025562 156.04653248910304 337
1739809025583 155.9847543396569 338
1739809025593 155.9230019962879 339
1739809025609 155.861275447948 340
1739809025624 155.7995746835939 341
1739809025635 155.73789969218703 342
1739809025641 155.6762504626937 343
1739809025661 155.61462698408494 344
1739809025673 155.5530292453366 345
1739809025689 155.49145723542927 346
1739809025689 155.42991094334837 347
1739809025714 155.36839035808404 348
1739809025721 155.30689546863135 349
1739809025737 155.24542626398986 350
1739809025753 155.18398273316416 351
1739809025769 155.1225648651635 352
1739809025785 155.06117264900192 353
1739809025798 154.99980607369824 354
1739809025801 154.93846512827602 355
1739809025819 154.87714980176352 356
1739809025833 154.81586008319388 357
1739809025849 154.75459596160493 358
1739809025865 154.69335742603926 359
1739809025879 154.6321444655442 360
1739809025881 154.57095706917184 361
1739809025907 154.5097952259791 362
1739809025921 154.44865892502753 363
1739809025933 154.38754815538346 364
1739809025945 154.32646290611797 365
1739809025961 154.26540316630687 366
1739809025961 154.20436892503074 367
1739809025986 154.1433601713749 368
1739809025993 154.08237689442933 369
1739809026011 154.0214190832888 370
1739809026025 153.96048672705285 371
1739809026037 153.89957981482567 372
1739809026040 153.83869833571617 373
1739809026064 153.7778422788381 374
1739809026072 153.7170116333098 375
1739809026090 153.6562063882544 376
1739809026104 153.5954265327997 377
1739809026118 153.53467205607825 378
1739809026120 153.47394294722733 379
1739809026144 153.41323919538888 380
1739809026151 153.35256078970966 381
1739809026168 153.291907719341 382
1739809026183 153.23127997343894 383
1739809026189 153.1706775411644 384
1739809026199 153.11010041168274 385
1739809026222 153.04954857416428 386
1739809026231 152.98902201778384 387
1739809026253 152.928520731721 388
1739809026264 152.8680447051601 389
1739809026279 152.80759392729001 390
1739809026295 152.74716838730453 391
1739809026295 152.68676807440193 392
1739809026311 152.62639297778523 393
1739809026327 152.5660430866622 394
1739809026343 152.5057183902452 395
1739809026362 152.4454188777513 396
1739809026375 152.3851445384023 397
1739809026382 152.32489536142452 398
1739809026392 152.2646713360492 399
1739809026406 152.204472451512 400
1739809026422 152.14429869705342 401
1739809026439 152.0841500619185 402
1739809026455 152.02402653535708 403
1739809026471 151.96392810662357 404
1739809026471 151.90385476497707 405
1739809026487 151.8438064996813 406
1739809026506 151.78378330000473 407
1739809026526 151.72378515522033 408
1739809026539 151.6638120546059 409
1739809026550 151.60386398744367 410
1739809026566 151.54394094302083 411
1739809026566 151.4840429106289 412
1739809026582 151.4241698795643 413
1739809026599 151.36432183912788 414
1739809026614 151.30449877862523 415
1739809026630 151.24470068736662 416
1739809026646 151.18492755466684 417
1739809026646 151.12517936984545 418
1739809026666 151.06545612222652 419
1739809026678 151.00575780113888 420
1739809026693 150.94608439591582 421
1739809026709 150.8864358958954 422
1739809026725 150.82681229042026 423
1739809026742 150.76721356883763 424
1739809026746 150.70763972049937 425
1739809026757 150.648090734762 426
1739809026773 150.5885666009866 427
1739809026789 150.5290673085389 428
1739809026805 150.46959284678928 429
1739809026821 150.41014320511263 430
1739809026837 150.35071837288848 431
1739809026837 150.29131833950103 432
1739809026853 150.231943094339 433
1739809026869 150.17259262679582 434
1739809026885 150.11326692626938 435
1739809026901 150.05396598216223 436
1739809026917 149.9946897838816 437
1739809026917 149.93543832083918 438
1739809026933 149.8762115824513 439
1739809026953 149.81700955813892 440
1739809026965 149.7578322373276 441
1739809026981 149.69867960944734 442
1739809026997 149.63955166393288 443
1739809027013 149.58044839022347 444
1739809027013 149.52136977776297 445
1739809027029 149.46231581599983 446
1739809027053 149.40328649438703 447
1739809027061 149.34428180238208 448
1739809027077 149.2853017294472 449
1739809027095 149.22634626504913 450
1739809027109 149.16741539865907 451
1739809027109 149.10850911975297 452
1739809027125 149.0496274178111 453
1739809027141 148.99077028231855 454
1739809027157 148.93193770276483 455
1739809027173 148.873129668644 456
1739809027189 148.81434616945472 457
1739809027189 148.75558719470024 458
1739809027205 148.69685273388822 459
1739809027221 148.63814277653103 460
1739809027237 148.57945731214548 461
1739809027253 148.52079633025298 462
1739809027269 148.46215982037953 463
1739809027285 148.40354777205548 464
1739809027285 148.34496017481598 465
1739809027301 148.2863970182005 466
1739809027317 148.2278582917532 467
1739809027333 148.16934398502266 468
1739809027349 148.11085408756205 469
1739809027365 148.0523885889291 470
1739809027381 147.99394747868593 471
1739809027381 147.93553074639942 472
1739809027397 147.87713838164072 473
1739809027413 147.8187703739857 474
1739809027429 147.76042671301462 475
1739809027446 147.7021073883123 476
1739809027462 147.64381238946814 477
1739809027462 147.58554170607593 478
1739809027478 147.52729532773412 479
1739809027493 147.46907324404552 480
1739809027509 147.41087544461755 481
1739809027525 147.3527019190621 482
1739809027541 147.29455265699556 483
1739809027557 147.23642764803884 484
1739809027573 147.17832688181738 485
1739809027573 147.12025034796102 486
1739809027588 147.06219803610412 487
1739809027605 147.0041699358857 488
1739809027626 146.94616603694908 489
1739809027637 146.88818632894206 490
1739809027653 146.83023080151713 491
1739809027669 146.77229944433105 492
1739809027669 146.7143922470452 493
1739809027685 146.6565091993253 494
1739809027701 146.59865029084182 495
1739809027716 146.5408155112694 496
1739809027732 146.4830048502873 497
1739809027748 146.42521829757933 498
1739809027764 146.3674558428336 499
