1739809468888 3.308554097806769 0
1739809468952 0.4752855691849504 1
1739809469032 0.9895118606575578 2
1739809469096 4.587734317039246 3
1739809469160 1.5814749181854835 4
1739809469223 0.16167017635454076 5
1739809469303 3.494406201197218 6
1739809469367 1.286409357040634 7
1739809469431 0.0737441765087888 8
1739809469494 2.679944356087701 9
1739809469558 0.6694593511661856 10
1739809469622 1.273682140200955 11
1739809469688 0.9550680818525547 12
1739809469765 0.891336221631908 13
1739809469828 0.8507914825883814 14
1739809469892 0.13521593841228113 15
1739809469955 2.193301099809382 16
1739809470037 0.9890510831086657 17
1739809470106 0.5122208044654539 18
1739809470163 1.8668462103297314 19
1739809470240 0.8013662481708639 20
1739809470306 0.44754623696970497 21
1739809470368 1.609259511130675 22
1739809470432 0.0020014816102485768 23
1739809470495 2.0349837158017667 24
1739809470575 1.3941389228268424 25
1739809470643 1.0887563222496337 26
1739809470708 0.974837726305658 27
1739809470766 1.2921455662427797 28
1739809470845 3.0730689647568354 29
1739809470909 1.4836145848411872 30
1739809470972 0.7264075983467729 31
1739809471036 0.7980192365809016 32
1739809471100 1.1087896576393772 33
1739809471179 1.224267542544095 34
1739809471243 1.5735270807097028 35
1739809471306 1.0858265912495624 36
1739809471371 0.5652254854089725 37
1739809471434 1.7644339093548513 38
1739809471498 0.8482764107361424 39
1739809471577 1.5625002304238573 40
1739809471641 1.171446335400449 41
1739809471705 0.9641163303809649 42
1739809471771 2.3188912328370694 43
1739809471833 2.0229578077637376 44
1739809471897 1.4017441962153088 45
1739809471979 2.815507325176998 46
1739809472040 2.119503859058228 47
1739809472104 3.194698006453463 48
1739809472168 0.7588031128473386 49
1739809472248 2.2387418767543052 50
1739809472311 0.9176408573966901 51
1739809472375 0.8527139506296845 52
1739809472439 1.3605654783222292 53
1739809472515 1.653042672707092 54
1739809472566 3.075021360499028 55
1739809472647 3.1752739128028518 56
1739809472710 9.517013907527291 57
1739809472775 2.6482919504304823 58
1739809472843 1.4001605623962934 59
1739809472900 1.3238380537420147 60
1739809472964 0.7639369409958467 61
1739809473043 1.068245968084837 62
1739809473107 2.1373605387028087 63
1739809473172 1.4275976806515085 64
1739809473236 1.180903303733851 65
1739809473300 4.921545387069841 66
1739809473369 1.4634089117866977 67
1739809473442 0.31264186920965836 68
1739809473506 0.3338299975745487 69
1739809473571 1.3278467212254923 70
1739809473634 2.0780573563857403 71
1739809473714 0.6782463006132389 72
1739809473777 2.071666865731401 73
1739809473840 0.8061812220133086 74
1739809473911 2.1250083320756774 75
1739809473968 2.1511651060239885 76
1739809474032 0.7671401867857136 77
1739809474111 1.416950276118013 78
1739809474174 2.2909268396991767 79
1739809474238 0.8329534836757744 80
1739809474303 2.5923021369161074 81
1739809474367 2.0459954494611514 82
1739809474431 2.1942620900015717 83
1739809474510 1.5360016227623277 84
1739809474574 0.2911897469903634 85
1739809474638 1.9938696259179978 86
1739809474709 2.6480685861734563 87
1739809474766 1.131910769939748 88
1739809474846 1.4859493920607982 89
1739809474916 1.4156894979483554 90
1739809474971 1.9544176875384793 91
1739809475036 0.7680300131124517 92
1739809475100 2.277649551144519 93
1739809475179 1.9154815936538125 94
1739809475242 1.2573427150820053 95
1739809475308 0.680435435140566 96
1739809475369 2.68906658433981 97
1739809475433 1.3102077130716847 98
1739809475513 1.3839276390530337 99
1739809475580 1.7378563215502107 100
1739809475640 1.4828421483563319 101
1739809475704 1.9451494762982653 102
1739809475768 1.679644897596137 103
1739809475849 0.5870189387532861 104
1739809475910 0.6874142402049316 105
1739809475973 1.1878275597315728 106
1739809476037 1.964244261277179 107
1739809476117 1.4887261385168218 108
1739809476181 2.218114558595605 109
1739809476244 1.80227233966465 110
1739809476307 3.1883644538552334 111
1739809476387 1.494253507775857 112
1739809476450 2.1228461101230605 113
1739809476514 1.1722432308407293 114
1739809476578 1.8930097077150323 115
1739809476641 1.202541213490445 116
1739809476705 0.28704210169685285 117
1739809476786 0.8078609282836378 118
1739809476850 1.9199933682736683 119
1739809476914 2.2388243845497056 120
1739809476979 0.8026188264857215 121
1739809477042 2.805363671577273 122
1739809477114 1.506969763563287 123
1739809477184 2.5648654383479808 124
1739809477248 1.7049894446478502 125
1739809477312 1.8616362519029621 126
1739809477375 4.511818718019343 127
1739809477456 1.748908362963099 128
1739809477519 0.5469308201757705 129
1739809477583 1.9525523366709416 130
1739809477646 3.362019306912706 131
1739809477709 1.2506443951715345 132
1739809477774 2.3463780445661064 133
1739809477854 0.9191404694812314 134
1739809477918 1.4915431432061947 135
1739809477981 3.455785184326859 136
1739809478045 2.0880352669139706 137
1739809478108 1.3205396711336228 138
1739809478172 1.572877120163884 139
1739809478252 1.053754038756075 140
1739809478316 2.824946174177753 141
1739809478380 1.2411157452874049 142
1739809478443 1.5012758841140663 143
1739809478507 0.7502750770853085 144
1739809478587 1.352844267501169 145
1739809478650 1.1826655729738675 146
1739809478714 0.8743017796328851 147
1739809478778 3.2390804356678347 148
1739809478841 1.565004304733141 149
1739809478908 1.017436930977092 150
1739809478984 0.7747338830647896 151
1739809479053 1.4423885530392206 152
1739809479111 0.41329487367738915 153
1739809479174 0.7588154213515927 154
1739809479238 2.198643421939653 155
1739809479318 1.5828836253345278 156
1739809479381 1.6763230154129127 157
1739809479444 0.8899953747525942 158
1739809479508 1.028853872975784 159
1739809479572 2.2488610902969786 160
1739809479651 0.6050596969939024 161
1739809479714 0.734295035838309 162
1739809479778 1.6756978165000336 163
1739809479842 0.6421823671686642 164
1739809479921 3.548671990674155 165
1739809479984 1.4667595422819875 166
1739809480049 0.8503331537180256 167
1739809480112 2.9651318607274986 168
1739809480181 0.800462046216417 169
1739809480238 1.0248258305455422 170
1739809480318 1.7289336862447386 171
1739809480382 1.1075832868498061 172
1739809480445 1.6093724082517293 173
1739809480508 1.2835867789767461 174
1739809480573 2.1146811127056853 175
1739809480652 1.2527350576633285 176
1739809480716 1.44030812364867 177
1739809480780 3.1647054323511625 178
1739809480844 1.5572726243525943 179
1739809480907 2.1394270152585793 180
1739809480971 2.301589346313444 181
1739809481050 3.9186595054325704 182
1739809481114 1.0092270459578527 183
1739809481177 0.5619793748042942 184
1739809481256 0.7520776186352693 185
1739809481321 1.1732900966788473 186
1739809481388 2.646329217757939 187
1739809481453 0.8737895311696414 188
1739809481511 1.0609241834727794 189
1739809481591 1.5731150574061277 190
1739809481655 0.3376793604905189 191
1739809481720 1.8154078844703168 192
1739809481784 1.3362177801831185 193
1739809481848 0.4518574651083107 194
1739809481911 0.3799295918347357 195
1739809481990 2.9792292555087267 196
1739809482054 1.2135391302506773 197
1739809482117 1.5957615080847145 198
1739809482186 0.5786858362225553 199
1739809482260 0.9018381122390035 200
1739809482323 1.1998332778103973 201
1739809482388 1.2392186480577083 202
1739809482453 0.3940445921015998 203
1739809482516 1.507024848702093 204
1739809482580 1.9298173510008854 205
1739809482659 2.1158055840438426 206
1739809482723 2.847728530028212 207
1739809482787 1.4241264388563415 208
1739809482850 1.1319872394950614 209
1739809482914 0.6830613480905013 210
1739809482994 1.498617006089052 211
1739809483057 1.7288815674882347 212
1739809483121 2.6123366201610603 213
1739809483185 1.0086292612870114 214
1739809483248 0.777247720444508 215
1739809483328 1.215047034860754 216
1739809483392 0.5867264418035306 217
1739809483454 1.0335200529976638 218
1739809483518 0.03879621432196452 219
1739809483582 0.5335768412350461 220
1739809483663 0.3424723287547548 221
1739809483726 1.4520798256010126 222
1739809483789 1.2995114172218991 223
1739809483855 1.21138744926423 224
1739809483916 2.178714589258151 225
1739809483980 0.8357275648780486 226
1739809484060 1.524349506648183 227
1739809484124 1.588629129339456 228
1739809484187 1.4639229082537901 229
1739809484251 2.2829104029892693 230
1739809484331 1.1618403263682693 231
1739809484394 3.6208306846015517 232
1739809484458 1.4679746363591797 233
1739809484522 0.7144051756203678 234
1739809484601 1.1355551419171859 235
1739809484665 2.256904146237994 236
1739809484728 0.26601796939308525 237
1739809484792 1.6400292268968484 238
1739809484855 2.234951140217293 239
1739809484919 1.2510977399464425 240
1739809484983 2.8807580305167404 241
1739809485062 0.74057872545142 242
1739809485126 1.0423432875619987 243
1739809485190 4.240060983594379 244
1739809485253 1.3970419663287814 245
1739809485317 1.366455364662489 246
1739809485381 3.7901212403304445 247
1739809485460 1.078989789339254 248
1739809485524 4.9316776057449205 249
1739809485595 1.6125389505602674 250
1739809485651 0.6832397486431808 251
1739809485715 2.33172409525237 252
1739809485794 0.0016609636884630664 253
1739809485857 2.108062861706946 254
1739809485921 1.0594826260712982 255
1739809485984 2.0810745682045924 256
1739809486047 1.5163052110048352 257
1739809486126 1.1794969489969263 258
1739809486190 1.8147900004064381 259
1739809486253 0.6414809615290451 260
1739809486318 0.8482675459796537 261
1739809486383 5.000842472817248 262
1739809486446 1.5385243461692346 263
1739809486525 1.286689530344511 264
1739809486589 0.7678120868948863 265
1739809486653 1.2170133968095256 266
1739809486717 1.405546344412286 267
1739809486781 2.876268953836439 268
1739809486844 0.08067674663299805 269
1739809486924 3.634384842946112 270
1739809486992 0.25340635333194345 271
1739809487053 2.332449085970945 272
1739809487114 0.9368537946858971 273
1739809487178 1.4102242608422912 274
1739809487257 0.9813185462179631 275
1739809487320 2.1549083882931472 276
1739809487385 1.2245856833225717 277
1739809487449 1.743391424585032 278
1739809487512 1.3548658277419343 279
1739809487592 2.1332680814698985 280
1739809487657 1.9972665768280937 281
1739809487719 0.3036088098187403 282
1739809487790 1.6893938663662806 283
1739809487847 1.2600919104446897 284
1739809487910 0.2793340266127996 285
1739809487975 2.9019434369270165 286
1739809488054 1.31360811022581 287
1739809488118 1.718820250941142 288
1739809488181 0.565185430959033 289
1739809488245 2.134835772868935 290
1739809488309 2.910321632180309 291
1739809488389 2.245246179579481 292
1739809488455 0.3634752940905565 293
1739809488516 0.5853576799035427 294
1739809488580 1.5008616968272872 295
1739809488644 1.6384752325539236 296
1739809488723 1.153945879217971 297
1739809488786 1.6911829052287521 298
1739809488850 0.8616172008575136 299
1739809488914 2.2961254847076167 300
1739809488977 2.586348700852336 301
1739809489057 0.627325256279642 302
1739809489121 1.7709744483136192 303
1739809489184 2.031786944026553 304
1739809489248 0.9042310060175615 305
1739809489327 0.7453032507411683 306
1739809489391 1.8424621439770945 307
1739809489454 1.5659564930629088 308
1739809489518 2.684991831337108 309
1739809489582 1.6272612188441684 310
1739809489645 1.2154369030624306 311
1739809489725 2.114581919312986 312
1739809489791 0.8632671617430548 313
1739809489853 1.4913425256768784 314
1739809489917 1.7207240408594007 315
1739809489990 0.8795251671931995 316
1739809490060 1.4833620724198608 317
1739809490123 1.513796588004727 318
1739809490196 0.8357773543523744 319
1739809490251 0.840187800527433 320
1739809490315 0.883269819090597 321
1739809490394 1.7820139258274694 322
1739809490457 1.8412428679376485 323
1739809490522 1.8886654197355213 324
1739809490585 1.002633559049529 325
1739809490649 2.0794906928977706 326
1739809490728 0.6861507173691536 327
1739809490791 1.0659462826029287 328
1739809490855 1.376045312209148 329
1739809490918 2.106144039016538 330
1739809490982 1.215855817337579 331
1739809491061 0.9117341429998678 332
1739809491125 0.9871255945430139 333
1739809491189 0.7220130068873305 334
1739809491253 2.4280259408858154 335
1739809491317 1.5421390766453895 336
1739809491397 2.613456099736242 337
1739809491461 0.6086826573750228 338
1739809491525 2.1865581364055435 339
1739809491589 1.7121602013112414 340
1739809491653 0.25058691069076 341
1739809491717 0.9294018966003988 342
1739809491796 0.7108677638587457 343
1739809491860 1.0369956669559117 344
1739809491924 1.107952681718127 345
1739809491987 0.2929317997626625 346
1739809492067 1.7583087109012085 347
1739809492130 0.9574306459124517 348
1739809492193 1.2450852708301163 349
1739809492256 1.0238017673583755 350
1739809492320 1.506346636290834 351
1739809492399 0.062042077339400044 352
1739809492462 1.3512984165404316 353
1739809492526 0.633368247111522 354
1739809492590 1.9025279881290857 355
1739809492654 1.3530483594318339 356
1739809492734 1.40138937430863 357
1739809492797 1.1946405022981421 358
1739809492860 1.9966538409810346 359
1739809492924 1.5034911119739693 360
1739809492988 0.3854497979357144 361
1739809493068 2.1772383940304207 362
1739809493133 0.5168835339880792 363
1739809493195 0.930917380041738 364
1739809493259 0.7413340111387414 365
1739809493322 0.906595815117209 366
1739809493387 1.9477531233700967 367
1739809493467 1.9148536172781092 368
1739809493530 2.4032287851587513 369
1739809493594 1.3004754804416268 370
1739809493658 4.937320831484138 371
1739809493722 2.1783615650214196 372
1739809493787 1.3692496457601873 373
1739809493867 0.7831976849688528 374
1739809493930 1.5932508168966364 375
1739809493993 0.28134249778644077 376
1739809494073 1.7347475286543157 377
1739809494147 0.7539989191705302 378
1739809494200 2.1521604610054057 379
1739809494279 3.093722829914877 380
1739809494352 1.3759486233044456 381
1739809494407 1.017805519846177 382
1739809494474 1.4584675505332056 383
1739809494553 2.155507478401701 384
1739809494612 1.2932110878773169 385
1739809494676 1.3352153119722847 386
1739809494739 0.4571838549153909 387
1739809494803 2.8877084804080666 388
1739809494882 1.2656730866204533 389
1739809494946 1.2011788131160597 390
1739809495011 1.0372666703810236 391
1739809495075 0.8905885635538657 392
1739809495140 3.4100020496828263 393
1739809495205 0.3294757444664727 394
1739809495270 1.0655739838612985 395
1739809495349 2.2983501529844097 396
1739809495412 1.7200731644759208 397
1739809495492 1.8116506877577432 398
1739809495583 2.257289107856716 399
1739809495649 2.0958680305130994 400
1739809495722 1.5793169425997653 401
1739809495792 1.270773264082021 402
1739809495856 3.1706101305923267 403
1739809495922 0.9583816332205961 404
1739809495988 0.6256829440891684 405
1739809496063 2.2592663824107313 406
1739809496127 1.2087272924746855 407
1739809496191 2.1917031887265916 408
1739809496254 2.266921692407421 409
1739809496318 0.9667642727109811 410
1739809496400 0.9426025785633079 411
1739809496462 2.1038986018749704 412
1739809496543 1.475296934220577 413
1739809496605 1.7009850594221387 414
1739809496668 0.8372163345917027 415
1739809496745 1.7144852792852856 416
1739809496810 2.2203517165090014 417
1739809496874 2.0737522863142814 418
1739809496937 0.6600359314161197 419
1739809497001 1.308488942964417 420
1739809497064 2.54414191570091 421
1739809497144 1.2929293170444995 422
1739809497207 1.7077738370340783 423
1739809497270 0.5789135436808679 424
1739809497340 0.4695234931387597 425
1739809497398 1.9271378257523493 426
1739809497461 0.855479782050467 427
1739809497540 1.733579718612347 428
1739809497604 3.130191783257143 429
1739809497668 3.170485013268734 430
1739809497732 3.984212682141912 431
1739809497795 1.2145146314537036 432
1739809497875 0.5037598186747597 433
1739809497938 2.731629114885089 434
1739809498002 0.6060218152457855 435
1739809498066 0.21750111805408104 436
1739809498130 0.9249131086278329 437
1739809498210 1.2975351356760243 438
1739809498274 1.8622664412593486 439
1739809498338 0.6792227888197034 440
1739809498402 0.5643716643771312 441
1739809498468 1.9889540252334337 442
1739809498546 1.3324792771746226 443
1739809498609 1.3217219648689582 444
1739809498674 0.591245749170649 445
