1739808696199 169.089027582395 0
1739808696199 168.4149508777079 1
1739808696215 167.7436995034032 2
1739808696231 167.07526134439064 3
1739808696247 166.40962433816009 4
1739808696263 165.746776474552 5
1739808696279 165.08670579552881 6
1739808696295 164.42940039494718 7
1739808696311 163.77484841833163 8
1739808696327 163.12303806264856 9
1739808696343 162.47395757608203 10
1739808696359 161.82759525780972 11
1739808696375 161.18393945778044 12
1739808696375 160.5429785764924 13
1739808696391 159.9047010647726 14
1739808696407 159.26909542355673 15
1739808696422 158.63615020367078 16
1739808696438 158.0058540056129 17
1739808696454 157.3781954793366 18
1739808696470 156.75316332403492 19
1739808696470 156.13074628792532 20
1739808696487 155.51093316803556 21
1739808696503 154.89371280999083 22
1739808696519 154.27907410780136 23
1739808696535 153.66700600365118 24
1739808696551 153.05749748768795 25
1739808696551 152.45053759781345 26
1739808696567 151.846115419475 27
1739808696583 151.24422008545815 28
1739808696599 150.6448407756797 29
1739808696615 150.0479667169823 30
1739808696630 149.45358718292914 31
1739808696630 148.8616914936005 32
1739808696650 148.2722690153903 33
1739808696662 147.68530916080405 34
1739808696678 147.10080138825765 35
1739808696694 146.51873520187675 36
1739808696710 145.93910015129762 37
1739808696710 145.36188583146793 38
1739808696726 144.78708188244954 39
1739808696742 144.21467798922114 40
1739808696758 143.64466388148244 41
1739808696774 143.07702933345885 42
1739808696790 142.51176416370723 43
1739808696806 141.9488582349223 44
1739808696806 141.38830145374413 45
1739808696822 140.8300837705661 46
1739808696837 140.27419517934422 47
1739808696853 139.72062571740682 48
1739808696869 139.16936546526526 49
1739808696885 138.62040454642568 50
1739808696885 138.07373312720094 51
1739808696904 137.5293414165243 52
1739808696917 136.98721966576304 53
1739808696933 136.44735816853347 54
1739808696949 135.90974726051653 55
1739808696967 135.37437731927406 56
1739808696981 134.8412387640664 57
1739808696997 134.31032205567 58
1739808697012 133.78161769619658 59
1739808697012 133.2551162289126 60
1739808697028 132.73080823805972 61
1739808697044 132.20868434867603 62
1739808697060 131.68873522641795 63
1739808697076 131.17095157738314 64
1739808697092 130.6553241479339 65
1739808697108 130.14184372452158 66
1739808697123 129.6305011335117 67
1739808697123 129.12128724100958 68
1739808697139 128.61419295268726 69
1739808697155 128.10920921361065 70
1739808697171 127.60632700806781 71
1739808697187 127.10553735939767 72
1739808697203 126.60683132981984 73
1739808697203 126.11020002026481 74
1739808697225 125.61563457020524 75
1739808697235 125.1231261574877 76
1739808697251 124.63266599816525 77
1739808697267 124.14424534633098 78
1739808697283 123.65785549395174 79
1739808697283 123.17348777070323 80
1739808697311 122.6911335438053 81
1739808697315 122.21078421785826 82
1739808697331 121.7324312346799 83
1739808697347 121.25606607314295 84
1739808697363 120.78168024901369 85
1739808697379 120.30926531479084 86
1739808697401 119.83881285954546 87
1739808697416 119.37031450876134 88
1739808697430 118.9037619241763 89
1739808697442 118.43914680362394 90
1739808697459 117.9764608808763 91
1739808697474 117.51569592548708 92
1739808697492 117.05684374263565 93
1739808697506 116.59989617297154 94
1739808697522 116.1448450924599 95
1739808697542 115.6916824122274 96
1739808697556 115.24040007840891 97
1739808697573 114.79099007199488 98
1739808697585 114.34344440867923 99
1739808697601 113.89775513870813 100
1739808697617 113.4539143467293 101
1739808697633 113.01191415164192 102
1739808697647 112.57174670644736 103
1739808697653 112.13340419810051 104
1739808697674 111.69687884736159 105
1739808697690 111.26216290864888 106
1739808697696 110.82924866989188 107
1739808697712 110.3981284523853 108
1739808697728 109.96879461064343 109
1739808697728 109.54123953225546 110
1739808697744 109.11545563774115 111
1739808697760 108.69143538040736 112
1739808697775 108.26917124620499 113
1739808697792 107.84865575358681 114
1739808697805 107.42988145336561 115
1739808697807 107.01284092857325 116
1739808697823 106.59752679432012 117
1739808697839 106.18393169765534 118
1739808697855 105.77204831742749 119
1739808697871 105.36186936414605 120
1739808697871 104.95338757984331 121
1739808697887 104.54659573793705 122
1739808697903 104.14148664309361 123
1739808697919 103.73805313109185 124
1739808697935 103.33628806868728 125
1739808697951 102.93618435347734 126
1739808697951 102.53773491376676 127
1739808697967 102.14093270843378 128
1739808697982 101.7457707267969 129
1739808697999 101.35224198848225 130
1739808698015 100.96033954329137 131
1739808698015 100.5700564710698 132
1739808698031 100.18138588157618 133
1739808698047 99.7943209143518 134
1739808698063 99.40885473859076 135
1739808698085 99.02498055301089 136
1739808698102 98.64269158572502 137
1739808698118 98.26198109411283 138
1739808698137 97.8828423646934 139
1739808698155 97.50526871299813 140
1739808698173 97.12925348344443 141
1739808698194 96.75479004920979 142
1739808698207 96.38187181210645 143
1739808698211 96.01049220245663 144
1739808698220 95.64064467896839 145
1739808698241 95.27232272861177 146
1739808698254 94.90551986649585 147
1739808698268 94.54022963574603 148
1739808698268 94.17644560738199 149
1739808698283 93.81416138019614 150
1739808698299 93.45337058063271 151
1739808698315 93.09406686266712 152
1739808698331 92.7362439076862 153
1739808698347 92.37989542436871 154
1739808698363 92.02501514856635 155
1739808698363 91.67159684318561 156
1739808698379 91.31963429806969 157
1739808698395 90.96912132988123 158
1739808698411 90.62005178198555 159
1739808698427 90.2724195243343 160
1739808698427 89.92621845334956 161
1739808698443 89.58144249180867 162
1739808698459 89.23808558872939 163
1739808698475 88.89614171925554 164
1739808698490 88.55560488454327 165
1739808698490 88.21646911164783 166
1739808698506 87.87872845341059 167
1739808698522 87.5423769883469 168
1739808698538 87.20740882053421 169
1739808698555 86.87381807950071 170
1739808698571 86.54159892011452 171
1739808698571 86.21074552247343 172
1739808698590 85.88125209179478 173
1739808698603 85.5531128583064 174
1739808698619 85.22632207713744 175
1739808698635 84.90087402821 176
1739808698651 84.5767630161312 177
1739808698651 84.25398337008568 178
1739808698667 83.93252944372867 179
1739808698683 83.61239561507918 180
1739808698699 83.2935762864142 181
1739808698715 82.97606588416295 182
1739808698731 82.65985885880171 183
1739808698731 82.34494968474911 184
1739808698747 82.03133286026204 185
1739808698763 81.71900290733163 186
1739808698778 81.40795437158006 187
1739808698794 81.09818182215774 188
1739808698810 80.78967985164073 189
1739808698810 80.48244307592878 190
1739808698828 80.17646613414398 191
1739808698842 79.87174368852943 192
1739808698857 79.56827042434873 193
1739808698883 79.26604104978571 194
1739808698889 78.96505029584478 195
1739808698905 78.66529291625136 196
1739808698921 78.36676368735321 197
1739808698921 78.06945740802192 198
1739808698937 77.77336889955474 199
1739808698953 77.47849300557709 200
1739808698969 77.18482459194539 201
1739808698985 76.89235854665023 202
1739808699001 76.60108977972016 203
1739808699001 76.31101322312556 204
1739808699016 76.02212383068337 205
1739808699032 75.73441657796192 206
1739808699054 75.4478864621863 207
1739808699065 75.16252850214406 208
1739808699081 74.87833773809146 209
1739808699096 74.59530923165994 210
1739808699112 74.31343806576322 211
1739808699128 74.03271934450473 212
1739808699144 73.75314819308512 213
1739808699160 73.47471975771086 214
1739808699176 73.19742920550256 215
1739808699176 72.92127172440406 216
1739808699192 72.64624252309187 217
1739808699208 72.3723368308849 218
1739808699223 72.09954989765473 219
1739808699239 71.82787699373607 220
1739808699255 71.55731340983789 221
1739808699255 71.28785445695466 222
1739808699271 71.01949546627817 223
1739808699287 70.75223178910963 224
1739808699303 70.48605879677224 225
1739808699318 70.22097188052402 226
1739808699336 69.95696645147116 227
1739808699349 69.69403794048166 228
1739808699365 69.43218179809939 229
1739808699365 69.17139349445848 230
1739808699381 68.91166851919812 231
1739808699397 68.65300238137775 232
1739808699413 68.39539060939252 233
1739808699429 68.13882875088932 234
1739808699445 67.88331237268292 235
1739808699461 67.62883706067274 236
1739808699477 67.3753984197597 237
1739808699477 67.12299207376371 238
1739808699493 66.87161366534137 239
1739808699509 66.62125885590402 240
1739808699525 66.3719233255362 241
1739808699541 66.12360277291445 242
1739808699557 65.87629291522653 243
1739808699557 65.6299894880908 244
1739808699572 65.3846882454762 245
1739808699588 65.1403849596224 246
1739808699604 64.89707542096035 247
1739808699620 64.65475543803326 248
1739808699636 64.41342083741782 249
1739808699636 64.17306746364571 250
1739808699652 63.93369117912565 251
1739808699668 63.69528786406569 252
1739808699684 63.45785341639572 253
1739808699700 63.221383751690546 254
1739808699715 62.985874803093104 255
1739808699715 62.751322521238144 256
1739808699731 62.51772287417618 257
1739808699747 62.285071847297765 258
1739808699763 62.05336544325814 259
1739808699780 61.8225996819022 260
1739808699795 61.592770600189766 261
1739808699795 61.363874252121214 262
1739808699813 61.13590670866338 263
1739808699827 60.908864057675835 264
1739808699843 60.68274240383748 265
1739808699859 60.457537868573475 266
1739808699876 60.23324658998238 267
1739808699888 60.00986472276377 268
1739808699901 59.78738843814609 269
1739808699905 59.56581392381478 270
1739808699920 59.345137383840814 271
1739808699936 59.12535503860946 272
1739808699951 58.90646312474943 273
1739808699951 58.688457895062264 274
1739808699967 58.47133561845207 275
1739808699983 58.25509257985562 276
1739808699999 58.03972508017256 277
1739808700015 57.82522943619617 278
1739808700031 57.61160198054429 279
1739808700047 57.398839061590564 280
1739808700061 57.18693704339594 281
1739808700076 56.97589230564063 282
1739808700089 56.76570124355612 283
1739808700095 56.55636026785779 284
1739808700112 56.347865804677475 285
1739808700128 56.14021429549662 286
1739808700143 55.93340219707952 287
1739808700155 55.727425981407045 288
1739808700170 55.52228213561043 289
1739808700171 55.317967161905585 290
1739808700188 55.11447757752748 291
1739808700203 54.91180991466496 292
1739808700219 54.709960720395806 293
1739808700235 54.508926556622086 294
1739808700251 54.3087040000057 295
1739808700265 54.109289641904404 296
1739808700274 53.910680088307885 297
1739808700287 53.712871959774276 298
1739808700309 53.515861891366896 299
1739808700323 53.319646532591236 300
1739808700327 53.12422254733228 301
1739808700345 52.92958661379203 302
1739808700363 52.73573542442742 303
1739808700379 52.54266568588832 304
1739808700393 52.350374118956005 305
1739808700409 52.15885745848177 306
1739808700421 51.9681124533258 307
1739808700421 51.77813586629644 308
1739808700438 51.5889244740896 309
1739808700455 51.40047506722845 310
1739808700471 51.212784450003426 311
1739808700471 51.02584944041244 312
1739808700487 50.839666870101425 313
1739808700505 50.65423358430504 314
1739808700521 50.46954644178774 315
1739808700521 50.285602314785024 316
1739808700537 50.10239808894495 317
1739808700553 49.919930663269966 318
1739808700569 49.7381969500589 319
1739808700572 49.557193874849304 320
1739808700589 49.37691837635999 321
1739808700606 49.1973674064338 322
1739808700606 49.01853792998069 323
1739808700622 48.84042692492099 324
1739808700640 48.66303138212896 325
1739808700656 48.486348305376616 326
1739808700656 48.310374711277724 327
1739808700677 48.135107629232074 328
1739808700690 47.96054410137006 329
1739808700706 47.78668118249737 330
1739808700721 47.61351594004007 331
1739808700721 47.441045453989766 332
1739808700737 47.2692668168492 333
1739808700753 47.09817713357788 334
1739808700769 46.92777352153802 335
1739808700785 46.758053110440876 336
1739808700801 46.589013042293054 337
1739808700801 46.42065047134322 338
1739808700817 46.252962564028984 339
1739808700833 46.08594649892403 340
1739808700850 45.91959946668554 341
1739808700865 45.75391867000165 342
1739808700865 45.588901323539424 343
1739808700889 45.424544653892795 344
1739808700904 45.2608458995309 345
1739808700921 45.097802310746495 346
1739808700922 44.93541114960482 347
1739808700939 44.773669689892415 348
1739808700956 44.612575217066386 349
1739808700972 44.45212502820373 350
1739808700988 44.29231643195098 351
1739808701004 44.13314674847403 352
1739808701004 43.97461330940825 353
1739808701020 43.816713457808625 354
1739808701038 43.6594445481004 355
1739808701056 43.50280394602966 356
1739808701056 43.346789028614296 357
1739808701073 43.19139718409517 358
1739808701090 43.03662581188743 359
1739808701106 42.88247232253206 360
1739808701121 42.72893413764766 361
1739808701123 42.57600868988247 362
1739808701143 42.423693422866464 363
1739808701155 42.271985791163885 364
1739808701171 42.1208832602257 365
1739808701187 41.97038330634257 366
1739808701187 41.82048341659773 367
1739808701203 41.67118108882031 368
1739808701222 41.522473831538726 369
1739808701238 41.37435916393432 370
1739808701239 41.226834615795205 371
1739808701256 41.07989772747029 372
1739808701273 40.93354604982347 373
1739808701290 40.78777714418819 374
1739808701290 40.64258858232195 375
1739808701305 40.49797794636122 376
1739808701322 40.35394282877641 377
1739808701340 40.21048083232715 378
1739808701355 40.067589570017695 379
1739808701357 39.92526666505253 380
1739808701372 39.78350975079219 381
1739808701389 39.64231647070926 382
1739808701407 39.50168447834457 383
1739808701407 39.36161143726361 384
1739808701422 39.22209502101304 385
1739808701438 39.08313291307752 386
1739808701457 38.94472280683664 387
1739808701471 38.80686240552205 388
1739808701473 38.669549422174825 389
1739808701492 38.53278157960296 390
1739808701507 38.39655661033902 391
1739808701523 38.26087225659814 392
1739808701523 38.125726270236 393
1739808701540 37.9911164127071 394
1739808701557 37.85704045502324 395
1739808701573 37.723496177712036 396
1739808701588 37.59048137077583 397
1739808701588 37.45799383365058 398
1739808701604 37.326031375165066 399
1739808701625 37.19459181350018 400
1739808701638 37.0636729761485 401
1739808701639 36.93327269987392 402
1739808701657 36.8033888306715 403
1739808701678 36.67401922372759 404
1739808701688 36.545161743379936 405
1739808701704 36.41681426307813 406
1739808701720 36.288974665344185 407
1739808701720 36.1616408417332 408
1739808701736 36.0348106927943 409
1739808701752 35.90848212803173 410
1739808701769 35.78265306586602 411
1739808701784 35.65732143359551 412
1739808701784 35.53248516735784 413
1739808701808 35.408142212091676 414
1739808701824 35.284290521498775 415
1739808701838 35.16092805800586 416
1739808701852 35.038052792727015 417
1739808701857 34.915662705426044 418
1739808701878 34.79375578447904 419
1739808701892 34.67233002683713 420
1739808701907 34.55138343798936 421
1739808701920 34.43091403192578 422
1739808701935 34.31091983110065 423
1739808701949 34.191398866395836 424
1739808701963 34.07234917708434 425
1739808701977 33.95376881079399 426
1739808701992 33.83565582347132 427
1739808702006 33.71800827934558 428
1739808702022 33.60082425089293 429
1739808702033 33.48410181880072 430
1739808702050 33.367839071931996 431
1739808702063 33.25203410729019 432
1739808702078 33.136685029983866 433
1739808702092 33.021789953191636 434
1739808702107 32.907346998127345 435
1739808702120 32.79335429400524 436
1739808702142 32.679809978005444 437
1739808702162 32.566712195239475 438
1739808702178 32.45405909871595 439
1739808702192 32.34184884930644 440
1739808702206 32.23007961571149 441
1739808702224 32.11874957442676 442
1739808702236 32.00785690970932 443
1739808702241 31.897399813544094 444
1739808702264 31.787376485610473 445
1739808702279 31.67778513324904 446
1739808702295 31.568623971428426 447
1739808702307 31.459891222712397 448
1739808702323 31.351585117226968 449
1739808702336 31.24370389262776 450
1739808702339 31.136245794067413 451
1739808702355 31.029209074163212 452
1739808702370 30.922591992964843 453
1739808702386 30.81639281792222 454
1739808702386 30.71060982385358 455
1739808702402 30.605241292913558 456
1739808702418 30.500285514561543 457
1739808702434 30.395740785530105 458
1739808702450 30.29160540979355 459
1739808702450 30.18787769853665 460
1739808702465 30.084555970123482 461
1739808702489 29.981638550066403 462
1739808702502 29.879123770995193 463
1739808702508 29.777009972626274 464
1739808702527 29.675295501732123 465
1739808702540 29.57397871211078 466
1739808702554 29.473057964555494 467
1739808702561 29.372531626824518 468
1739808702575 29.272398073611043 469
1739808702589 29.172655686513206 470
1739808702607 29.073302854004293 471
1739808702611 28.97433797140304 472
1739808702623 28.87575944084408 473
1739808702640 28.7775656712485 474
1739808702658 28.679755078294534 475
1739808702674 28.582326084388377 476
1739808702674 28.485277118635167 477
1739808702699 28.388606616810016 478
1739808702713 28.292313021329246 479
1739808702727 28.1963947812217 480
1739808702741 28.100850352100196 481
1739808702754 28.0056781961331 482
1739808702766 27.91087678201604 483
1739808702780 27.816444584943714 484
1739808702793 27.722380086581847 485
1739808702808 27.628681775039226 486
1739808702820 27.53534814483997 487
1739808702834 27.442377696895726 488
1739808702848 27.34976893847821 489
1739808702859 27.257520383191686 490
1739808702874 27.165630550945668 491
1739808702875 27.074097967927713 492
1739808702901 26.982921166576297 493
1739808702910 26.89209868555389 494
1739808702925 26.80162906972006 495
1739808702941 26.711510870104743 496
1739808702953 26.621742643881635 497
1739808702958 26.532322954341684 498
1739808702979 26.443250370866664 499
