1739809195312 160.8219208515853 0
1739809195327 164.09272082935445 1
1739809195342 149.31494192380958 2
1739809195356 149.13122702083447 3
1739809195370 141.1204716756489 4
1739809195386 147.42434807440893 5
1739809195401 135.1917602310655 6
1739809195418 129.4017948662217 7
1739809195433 128.9010622058361 8
1739809195449 127.36334160211432 9
1739809195463 120.09867305497649 10
1739809195479 120.87410963400244 11
1739809195493 113.40959905590374 12
1739809195508 113.87719407956634 13
1739809195524 108.5586022447412 14
1739809195540 103.04483522204731 15
1739809195554 103.63921793511933 16
1739809195570 100.70570123168112 17
1739809195586 95.78709700321906 18
1739809195601 94.84847159231363 19
1739809195616 90.73528033083859 20
1739809195640 90.04993796380414 21
1739809195654 87.84167927487059 22
1739809195671 82.29774670729543 23
1739809195685 81.02440738236359 24
1739809195702 78.3264372978755 25
1739809195718 75.50199992557864 26
1739809195734 74.90736574515402 27
1739809195747 72.92185760807955 28
1739809195761 69.76392516554154 29
1739809195772 68.70326461650566 30
1739809195789 66.28036467984637 31
1739809195804 67.5503177152391 32
1739809195822 62.38926434871755 33
1739809195834 59.529743486462415 34
1739809195849 58.310394698598756 35
1739809195865 57.780343613944794 36
1739809195880 55.538305087802954 37
1739809195893 54.757548520507505 38
1739809195911 52.84478071108863 39
1739809195927 50.445914623427804 40
1739809195944 48.9396315550327 41
1739809195961 49.48235065654507 42
1739809195977 45.526720777599316 43
1739809195995 45.98740225243728 44
1739809196015 45.7239389093182 45
1739809196033 44.58403924521452 46
1739809196049 44.12363491080117 47
1739809196077 42.067275045568074 48
1739809196099 39.108966650200685 49
1739809196116 39.73067685245341 50
1739809196136 38.07212341160033 51
1739809196152 37.1456318738977 52
1739809196172 37.89831910369468 53
1739809196192 35.901096312160675 54
1739809196256 35.67786528865935 55
1739809196278 34.13584175427082 56
1739809196291 33.8008656813031 57
1739809196306 32.196846437418046 58
1739809196331 31.092317584574904 59
1739809196335 30.163998302057415 60
1739809196359 30.795592340971766 61
1739809196369 28.407908322087348 62
1739809196394 28.010129462108452 63
1739809196414 26.50970555822874 64
1739809196432 27.74127554758868 65
1739809196453 26.23516189842633 66
1739809196475 24.97592511957955 67
1739809196513 25.397841196058483 68
1739809196531 24.202570168919465 69
1739809196547 24.38782007545188 70
1739809196564 22.74785838696126 71
1739809196582 21.880084830897058 72
1739809196598 22.184724622123923 73
1739809196615 21.2060978163444 74
1739809196633 22.24950915888537 75
1739809196648 19.426617470603148 76
1739809196664 20.3745622102425 77
1739809196680 18.71650006354095 78
1739809196696 19.96584544218032 79
1739809196712 18.303230807110754 80
1739809196729 18.429078918952012 81
1739809196751 18.633345266358283 82
1739809196768 16.421705629455975 83
1739809196786 17.45064976096886 84
1739809196803 16.236345235872598 85
1739809196822 15.481308931571737 86
1739809196839 16.085942087123918 87
1739809196856 15.978035642270475 88
1739809196922 15.010613053297826 89
1739809196934 14.996542122430974 90
1739809196951 13.860603771643 91
1739809196978 13.706176365987107 92
1739809196984 13.286020406883322 93
1739809197008 12.964533927788477 94
1739809197023 12.789797967312522 95
1739809197034 12.398090956654242 96
1739809197049 12.123300167142373 97
1739809197065 13.552613077137638 98
1739809197081 11.740071367282905 99
1739809197098 11.833394835523395 100
1739809197113 11.2817692235568 101
1739809197129 11.429274926600886 102
1739809197131 11.17333467901973 103
1739809197154 11.020222327883019 104
1739809197161 10.20398549337661 105
1739809197176 9.826140940206383 106
1739809197192 10.751054693443818 107
1739809197208 9.956994051108326 108
1739809197229 10.168336262947111 109
1739809197240 9.155741078767903 110
1739809197259 9.561952034529073 111
1739809197277 9.019987106743939 112
1739809197292 8.49924963098749 113
1739809197306 8.737665247080411 114
1739809197321 8.377604731486542 115
1739809197336 8.336015883810576 116
1739809197351 8.30352640325733 117
1739809197366 8.399465988028041 118
1739809197381 7.6511219409865925 119
1739809197396 8.36822183893776 120
1739809197413 7.698447508723718 121
1739809197429 7.547776162403863 122
1739809197444 7.115744204602714 123
1739809197460 7.224569494035717 124
1739809197475 7.715716392647501 125
1739809197490 6.824458031579553 126
1739809197506 7.336336553957795 127
1739809197522 6.7076377572411605 128
1739809197538 6.19250258525959 129
1739809197555 6.64945521628063 130
1739809197570 6.917514978370569 131
1739809197586 6.067584904100247 132
1739809197602 6.0161758119203945 133
1739809197617 6.412179490258313 134
1739809197630 5.809883007987092 135
1739809197641 6.4971250939872025 136
1739809197661 5.854571180040822 137
1739809197676 6.0642928527868145 138
1739809197691 5.928975246891258 139
1739809197711 4.815508389915358 140
1739809197723 5.383169401795407 141
1739809197739 5.381844309690768 142
1739809197757 5.351066182688534 143
1739809197774 5.267866701300964 144
1739809197788 5.305214300223337 145
1739809197804 5.184626771370738 146
1739809197819 5.307717963819636 147
1739809197834 5.172278358242532 148
1739809197846 4.8710486972931655 149
1739809197854 4.294417910322287 150
1739809197876 4.338114129926777 151
1739809197882 4.804877199182366 152
1739809197908 4.666909616949264 153
1739809197914 4.914436835984752 154
1739809197941 4.765432563706645 155
1739809197945 3.9975682069459624 156
1739809197968 4.69823652158008 157
1739809197977 4.301765206993795 158
1739809197999 4.089181512787431 159
1739809198014 4.225836439449741 160
1739809198033 4.3006605408160405 161
1739809198041 4.3161366688360765 162
1739809198064 4.00163062612995 163
1739809198073 4.107876189642039 164
1739809198095 3.998551414332675 165
1739809198105 3.8454013041726336 166
1739809198126 3.8045455630109326 167
1739809198137 4.06268550073139 168
1739809198156 3.527016948760441 169
1739809198169 4.101989937341688 170
1739809198187 4.020187413890458 171
1739809198201 3.7452956104709774 172
1739809198217 3.5557067009408914 173
1739809198233 3.565889694043095 174
1739809198249 3.6974133119101618 175
1739809198265 3.076927256130789 176
1739809198281 3.2951184990139537 177
1739809198297 3.0018057488956997 178
1739809198312 3.433892218426422 179
1739809198328 3.392286591010991 180
1739809198339 3.2279679184709984 181
1739809198360 3.216638686134695 182
1739809198371 3.231330738405691 183
1739809198376 3.055510025985509 184
1739809198400 3.262878740922264 185
1739809198408 3.267812513304754 186
1739809198434 3.1402847479624647 187
1739809198450 3.1943291271372583 188
1739809198465 3.040117713273609 189
1739809198468 3.029074872886747 190
1739809198492 3.365442631514695 191
1739809198505 2.8827036657546254 192
1739809198521 3.198614494932781 193
1739809198536 2.7137487204769175 194
1739809198552 2.777102734495703 195
1739809198563 2.6926983307313663 196
1739809198583 3.1984909660132548 197
1739809198603 2.9760665983156285 198
1739809198616 2.778708347568781 199
1739809198627 2.8914630708249014 200
1739809198647 2.7811090342971494 201
1739809198659 2.8435097020564877 202
1739809198675 2.6831375839911455 203
1739809198691 2.76245764223937 204
1739809198707 2.456504947953371 205
1739809198723 2.627001594839688 206
1739809198738 2.2421372041375975 207
1739809198754 2.880703435826662 208
1739809198770 2.8337894801753394 209
1739809198786 2.5333317509144218 210
1739809198802 2.5039446674826986 211
1739809198818 2.677888258150625 212
1739809198834 2.1193512075529277 213
1739809198849 2.351848951514474 214
1739809198865 2.354753226768941 215
1739809198870 2.537904921845844 216
1739809198892 2.595925032346737 217
1739809198897 2.4303194086839484 218
1739809198923 2.160909129342535 219
1739809198929 2.110417912740258 220
1739809198945 2.281750542901064 221
1739809198970 2.405016389609368 222
1739809198984 2.329631349742911 223
1739809198992 2.0919843409999177 224
1739809199014 2.3807556024205074 225
1739809199032 2.2641796745841103 226
1739809199047 1.928632606828201 227
1739809199062 2.169483382086379 228
1739809199074 2.1276777866170407 229
1739809199087 2.321482129952257 230
1739809199105 2.2128136515148866 231
1739809199120 2.408840024343385 232
1739809199138 1.887943109657815 233
1739809199154 2.300677815453203 234
1739809199166 2.3098352942621276 235
1739809199182 2.106152176745187 236
1739809199198 2.2438372634323116 237
1739809199203 2.0424770037336626 238
1739809199224 2.0373313430826205 239
1739809199230 1.8573217257590542 240
1739809199252 1.939798014929485 241
1739809199270 1.8399172353463744 242
1739809199283 2.178551033541018 243
1739809199293 2.0936514295080957 244
1739809199313 1.9835450150917937 245
1739809199325 2.1542180214148328 246
1739809199342 1.9669317972972944 247
1739809199356 2.0449996329411317 248
1739809199379 2.102931759842447 249
1739809199388 2.0160150969952384 250
1739809199404 2.571807682464848 251
1739809199420 2.0669547598262046 252
1739809199436 2.1124215624678375 253
1739809199452 2.046896451078695 254
1739809199468 1.9099070771873083 255
1739809199484 1.87930927305009 256
1739809199500 2.219674633809912 257
1739809199517 2.021977647005871 258
1739809199532 2.071111909072043 259
1739809199548 2.1819519892062544 260
1739809199564 2.0550356928952094 261
1739809199580 1.9627822546909284 262
1739809199580 1.641790863120373 263
1739809199596 1.928889899545125 264
1739809199612 1.9027352618706406 265
1739809199628 1.8787632367049063 266
1739809199643 1.5991606317233873 267
1739809199660 1.639374668386003 268
1739809199676 1.874152622414384 269
1739809199692 2.116176100193313 270
1739809199708 2.0685263703027115 271
1739809199723 1.840164026018279 272
1739809199739 1.7285081369347668 273
1739809199755 1.8064771299710287 274
1739809199771 1.9229170210176707 275
1739809199787 1.9856805864074032 276
1739809199803 1.7272258956528537 277
1739809199819 1.719807685026927 278
1739809199835 1.7273494241241594 279
1739809199851 1.544985596052449 280
1739809199871 1.9061608577386082 281
1739809199883 1.8635831409327377 282
1739809199899 1.8734660375133987 283
1739809199915 1.757361424586213 284
1739809199931 1.595144819748704 285
1739809199946 1.9808972035626453 286
1739809199946 1.8033928783103175 287
1739809199962 1.7009987975846503 288
1739809199978 1.7396803392296372 289
1739809199994 1.801470074203024 290
1739809200016 1.9781341153912388 291
1739809200026 1.809800184680992 292
1739809200042 1.7691549200160825 293
1739809200058 1.6941076575426017 294
1739809200074 1.7112542511028996 295
1739809200090 1.8407359351848953 296
1739809200106 1.8003846394322454 297
1739809200122 1.6953293466629886 298
1739809200137 1.8922360492553838 299
1739809200154 1.8310738964827578 300
1739809200170 1.7153006503983264 301
1739809200186 1.7779143352847988 302
1739809200204 1.9747595714919133 303
1739809200217 1.8638210148789172 304
1739809200233 1.8202143958157408 305
1739809200249 1.794897687888003 306
1739809200265 1.6102425580878126 307
1739809200281 1.9257578644843731 308
1739809200297 1.9609373767293443 309
1739809200313 1.605042095055607 310
1739809200329 1.6015506316234984 311
1739809200345 1.631311796606672 312
1739809200345 1.618373401743945 313
1739809200361 1.6684844295182073 314
1739809200377 1.7703287708762898 315
1739809200392 1.8968136629362469 316
1739809200408 1.5374751829765199 317
1739809200425 1.85970001924491 318
1739809200440 1.6705902678078357 319
1739809200456 1.8531470299342059 320
1739809200472 1.5036299437001452 321
1739809200487 1.7459650870307541 322
1739809200505 1.7090801659863413 323
1739809200519 1.6271091199625827 324
1739809200535 1.6356075218464412 325
1739809200551 1.8260536678013914 326
1739809200567 1.6407984035874266 327
1739809200587 1.6182746280908236 328
1739809200605 1.7434210379640676 329
1739809200616 1.8253031486367584 330
1739809200632 1.6118056268954666 331
1739809200647 1.577416956260498 332
1739809200668 1.8340534833111983 333
1739809200679 1.4081987824697406 334
1739809200698 1.979855365058695 335
1739809200712 1.572999224748486 336
1739809200729 1.6894191214822427 337
1739809200746 1.6250181528782364 338
1739809200759 1.5215714981166157 339
1739809200775 1.7095851515424239 340
1739809200791 1.4718356774768993 341
1739809200806 1.5277615980006642 342
1739809200822 1.6924181535607319 343
1739809200838 1.988203136961567 344
1739809200854 1.4890520591847112 345
1739809200870 1.447210481480119 346
1739809200881 1.7474737781109897 347
1739809200886 1.711383366963566 348
1739809200912 1.985985796237115 349
1739809200921 1.6307862573543677 350
1739809200943 1.5376570534925647 351
1739809200950 1.6164382033841855 352
1739809200975 1.5821197844504553 353
1739809200982 1.712992656560377 354
1739809201007 1.548045404886184 355
1739809201014 1.4317032905650537 356
1739809201036 1.665807127877867 357
1739809201046 1.4831114866626216 358
1739809201066 1.6962489453007434 359
1739809201077 1.4406068919054353 360
1739809201095 1.7113535422553423 361
1739809201109 1.699288018618021 362
1739809201125 1.7930779664319265 363
1739809201141 1.4671607833237599 364
1739809201157 1.4925475611994268 365
1739809201173 1.8037687182320443 366
1739809201189 1.4986034933532342 367
1739809201204 1.6597428750937728 368
1739809201217 1.477621577457151 369
1739809201234 1.6929253854771276 370
1739809201247 1.5212347846599332 371
1739809201254 1.3972890611109037 372
1739809201276 1.6024001645594925 373
1739809201290 1.441023306397741 374
1739809201300 1.6872255447104525 375
1739809201324 1.782830470191779 376
1739809201338 1.5022210108246214 377
1739809201347 1.4019717689644373 378
1739809201364 1.4478846205003415 379
1739809201378 1.4486543664378642 380
1739809201397 1.3895269601400577 381
1739809201410 1.6371273095771723 382
1739809201426 1.8168291786385584 383
1739809201442 1.4992168636402747 384
1739809201459 1.677705893803132 385
1739809201474 1.552675769062308 386
1739809201490 1.9713590323910535 387
1739809201506 1.5827142760371782 388
1739809201522 1.7790857445626609 389
1739809201538 1.7268085799905883 390
1739809201554 1.7205406106523495 391
1739809201570 1.6620420026398717 392
1739809201586 1.5043107011908041 393
1739809201601 1.3557516400391338 394
1739809201617 1.6735492852176592 395
1739809201633 1.3296424230166197 396
1739809201649 1.5161858724491863 397
1739809201664 1.6209762833014412 398
1739809201680 1.5287889382854325 399
1739809201696 1.5367412369736417 400
1739809201708 1.4678253956558032 401
1739809201712 1.3934725277842934 402
1739809201739 1.4497591890858768 403
1739809201754 1.5420096629689193 404
1739809201770 1.434411661156058 405
1739809201787 1.716199383808521 406
1739809201801 1.444864460861071 407
1739809201808 1.4446223373551512 408
1739809201832 1.4896165528539314 409
1739809201840 1.5555638620027408 410
1739809201864 1.4839384679012981 411
1739809201872 1.4918458665762366 412
1739809201894 1.583259053205285 413
1739809201904 1.4426408483148268 414
1739809201928 1.5674956343165432 415
1739809201944 1.5777800420706038 416
1739809201958 1.656453751219645 417
1739809201974 1.5901025841726952 418
1739809201989 1.7500612698841778 419
1739809202004 1.575438490274137 420
1739809202020 1.8560014058470369 421
1739809202035 1.754459586419918 422
1739809202051 1.4660170780949553 423
1739809202065 1.6210263048152012 424
1739809202080 1.6481868827277495 425
1739809202103 1.5205793247767545 426
1739809202117 1.539167432271796 427
1739809202132 1.748036006323726 428
1739809202145 1.9703053981650733 429
1739809202162 1.5060470715785004 430
1739809202180 1.6114344088659163 431
1739809202191 1.436771945256512 432
