1739809254997 127.10678452991988 0
1739809255012 96.00941270524265 1
1739809255028 69.43172088241137 2
1739809255042 53.65077925907367 3
1739809255057 41.11439522917298 4
1739809255072 31.713437819738843 5
1739809255087 23.457282902557974 6
1739809255102 19.05707127364572 7
1739809255117 15.831804294612459 8
1739809255132 12.922003826624191 9
1739809255147 9.555666160537847 10
1739809255163 7.769439873097682 11
1739809255177 7.178414231268417 12
1739809255192 5.576775606351293 13
1739809255208 4.804343368120178 14
1739809255221 4.519936572263549 15
1739809255234 3.827156668936299 16
1739809255253 3.4895022977398673 17
1739809255265 3.0023818553237187 18
1739809255272 3.045741603749641 19
1739809255296 2.4553780215066574 20
1739809255308 2.4814102137670027 21
1739809255325 2.5368455354371093 22
1739809255335 2.090366599761856 23
1739809255355 2.056711880113897 24
1739809255367 1.7001498413028724 25
1739809255385 1.7785762602077981 26
1739809255399 1.78536279831914 27
1739809255415 1.7101919870354538 28
1739809255431 2.1651529147886266 29
1739809255447 1.6956890529532733 30
1739809255463 1.5127017519681345 31
1739809255479 1.7559922296925519 32
1739809255495 1.7200758530789033 33
1739809255510 1.6919322422177965 34
1739809255526 1.6027033076131743 35
1739809255542 1.729977907098086 36
1739809255542 1.5823443863202022 37
1739809255558 1.668534087774159 38
1739809255574 1.5372962746099454 39
1739809255598 1.681750267672737 40
1739809255606 1.452481605497283 41
1739809255629 1.5297018750079971 42
1739809255638 1.7547110980173826 43
1739809255659 1.5559944943502002 44
1739809255670 1.4585567436904654 45
1739809255689 1.9593122030159058 46
1739809255702 1.4503183930369776 47
1739809255718 1.3937079958820737 48
1739809255734 1.486325892695399 49
1739809255749 1.3750052837316353 50
1739809255765 1.52041276656986 51
1739809255781 1.4973939449348779 52
1739809255797 1.2025423346763062 53
1739809255813 1.4995665406954843 54
1739809255829 1.847625590593461 55
1739809255840 1.4768436510476761 56
1739809255844 1.2998236924401287 57
1739809255870 1.6303522203478134 58
1739809255876 1.373166446104776 59
1739809255900 1.545466985742142 60
1739809255908 1.631749223228816 61
1739809255931 1.6217319377574777 62
1739809255940 1.5621439476100116 63
1739809255960 1.6416577312974037 64
