1739808928699 169.4281063198635 0
1739808928699 168.75222613067237 1
1739808928715 168.68619688880096 2
1739808928731 168.61899003222894 3
1739808928747 168.55181371145926 4
1739808928763 168.48466552291026 5
1739808928781 168.41754545926048 6
1739808928795 168.3504535084497 7
1739808928811 168.28338965843238 8
1739808928811 168.2163538971682 9
1739808928826 168.14934621262196 10
1739808928842 168.08236659276386 11
1739808928858 168.01541502556907 12
1739808928874 167.94849149901822 13
1739808928890 167.88159600109697 14
1739808928890 167.81472851979626 15
1739808928906 167.74788904311225 16
1739808928922 167.68107755904637 17
1739808928938 167.61429405560503 18
1739808928954 167.54753852080003 19
1739808928970 167.48081094264847 20
1739808928986 167.41411130917228 21
1739808929001 167.34743960839893 22
1739808929017 167.280795828361 23
1739808929017 167.21417995709606 24
1739808929033 167.14759198264719 25
1739808929049 167.08103189306237 26
1739808929065 167.01449967639493 27
1739808929081 166.94799532070334 28
1739808929097 166.88151881405125 29
1739808929097 166.81507014450744 30
1739808929113 166.7486493001459 31
1739808929129 166.6822562690458 32
1739808929145 166.61589103929145 33
1739808929161 166.54955359897238 34
1739808929176 166.48324393618324 35
1739808929176 166.41696203902384 36
1739808929192 166.3507078955992 37
1739808929208 166.28448149401942 38
1739808929224 166.21828282239983 39
1739808929240 166.15211186886086 40
1739808929256 166.08596862152808 41
1739808929256 166.01985306853229 42
1739808929272 165.95376519800936 43
1739808929288 165.88770499810036 44
1739808929304 165.82167245695146 45
1739808929320 165.75566756271397 46
1739808929320 165.68969030354435 47
1739808929336 165.6237406676042 48
1739808929352 165.55781864306027 49
1739808929368 165.4919242180844 50
1739808929383 165.42605738085354 51
1739808929400 165.3602181195499 52
1739808929415 165.29440642236065 53
1739808929415 165.22862227747817 54
1739808929431 165.16286567309993 55
1739808929447 165.09713659742852 56
1739808929468 165.0314350386717 57
1739808929479 164.9657609850423 58
1739808929495 164.90011442475816 59
1739808929510 164.83449534604244 60
1739808929510 164.7689037371232 61
1739808929526 164.70333958623377 62
1739808929542 164.6378028816125 63
1739808929558 164.57229361150274 64
1739808929574 164.5068117641532 65
1739808929590 164.44135732781749 66
1739808929606 164.3759302907543 67
1739808929621 164.3105306412275 68
1739808929621 164.24515836750598 69
1739808929637 164.1798134578638 70
1739808929653 164.11449590058 71
1739808929669 164.0492056839388 72
1739808929685 163.98394279622943 73
1739808929701 163.91870722574626 74
1739808929717 163.85349896078867 75
1739808929719 163.7883179896611 76
1739808929732 163.72316430067315 77
1739808929748 163.65803788213944 78
1739808929764 163.5929387223796 79
1739808929781 163.5278668097185 80
1739808929781 163.46282213248585 81
1739808929796 163.39780467901656 82
1739808929813 163.33281443765057 83
1739808929833 163.2678513967328 84
1739808929844 163.20291554461338 85
1739808929860 163.13800686964734 86
1739808929876 163.07312536019478 87
1739808929892 163.00827100462104 88
1739808929892 162.9434437912962 89
1739808929909 162.87864370859558 90
1739808929924 162.81387074489948 91
1739808929940 162.74912488859323 92
1739808929957 162.6844061280673 93
1739808929973 162.61971445171702 94
1739808929973 162.55504984794285 95
1739808929995 162.4904123051503 96
1739808930005 162.42580181174986 97
1739808930021 162.36121835615708 98
1739808930037 162.29666192679244 99
1739808930053 162.2321325120816 100
1739808930053 162.16763010045509 101
1739808930069 162.10315468034852 102
1739808930085 162.03870624020257 103
1739808930100 161.9742847684628 104
1739808930116 161.90989025357987 105
1739808930132 161.84552268400944 106
1739808930132 161.78118204821212 107
1739808930148 161.7168683346536 108
1739808930168 161.65258153180457 109
1739808930186 161.58832162814062 110
1739808930200 161.5240886121424 111
1739808930210 161.45988247229556 112
1739808930226 161.39570319709077 113
1739808930240 161.33155077502366 114
1739808930247 161.26742519459478 115
1739808930258 161.20332644430977 116
1739808930273 161.13925451267914 117
1739808930289 161.07520938821858 118
1739808930305 161.01119105944855 119
1739808930321 160.94719951489455 120
1739808930321 160.88323474308712 121
1739808930337 160.81929673256167 122
1739808930353 160.7553854718587 123
1739808930369 160.6915009495235 124
1739808930384 160.62764315410655 125
1739808930384 160.56381207416314 126
1739808930400 160.50000769825354 127
1739808930416 160.43623001494305 128
1739808930432 160.3724790128018 129
1739808930448 160.30875468040503 130
1739808930464 160.24505700633281 131
1739808930480 160.1813859791702 132
1739808930480 160.11774158750723 133
1739808930496 160.05412381993887 134
1739808930512 159.99053266506502 135
1739808930527 159.9269681114905 136
1739808930543 159.86343014782514 137
1739808930559 159.7999187626836 138
1739808930559 159.7364339446856 139
1739808930576 159.6729756824557 140
1739808930592 159.60954396462344 141
1739808930608 159.54613877982325 142
1739808930624 159.48276011669452 143
1739808930639 159.41940796388158 144
1739808930639 159.35608231003363 145
1739808930655 159.2927831438048 146
1739808930671 159.2295104538542 147
1739808930687 159.16626422884576 148
1739808930703 159.1030444574484 149
1739808930719 159.03985112833595 150
1739808930719 158.9766842301871 151
1739808930735 158.91354375168544 152
1739808930750 158.85042968151956 153
1739808930766 158.7873420083829 154
1739808930782 158.72428072097372 155
1739808930798 158.66124580799533 156
1739808930814 158.59823725815576 157
1739808930814 158.53525506016817 158
1739808930836 158.47229920275038 159
1739808930846 158.40936967462522 160
1739808930862 158.34646646452038 161
1739808930878 158.28358956116847 162
1739808930894 158.22073895330692 163
1739808930910 158.1579146296781 164
1739808930926 158.0951165790292 165
1739808930926 158.0323447901124 166
1739808930943 157.96959925168466 167
1739808930959 157.90687995250775 168
1739808930974 157.84418688134846 169
1739808930990 157.78152002697843 170
1739808931006 157.71887937817402 171
1739808931006 157.65626492371663 172
1739808931022 157.59367665239242 173
1739808931038 157.53111455299245 174
1739808931054 157.4685786143126 175
1739808931071 157.4060688251537 176
1739808931086 157.34358517432133 177
1739808931086 157.28112765062593 178
1739808931102 157.21869624288288 179
1739808931118 157.1562909399123 180
1739808931134 157.09391173053925 181
1739808931150 157.0315586035935 182
1739808931166 156.96923154790989 183
1739808931182 156.90693055232785 184
1739808931182 156.84465560569177 185
1739808931198 156.7824066968509 186
1739808931214 156.72018381465926 187
1739808931230 156.65798694797573 188
1739808931246 156.59581608566404 189
1739808931262 156.53367121659272 190
1739808931262 156.4715523296351 191
1739808931278 156.4094594136693 192
1739808931294 156.34739245757848 193
1739808931310 156.28535145025032 194
1739808931326 156.22333638057754 195
1739808931326 156.1613472374575 196
1739808931342 156.09938400979254 197
1739808931358 156.03744668648972 198
1739808931374 155.9755352564609 199
1739808931390 155.91364970862273 200
1739808931405 155.85179003189677 201
1739808931405 155.7899562152093 202
1739808931422 155.7281482474913 203
1739808931438 155.66636611767885 204
1739808931454 155.60460981471246 205
1739808931471 155.5428793275377 206
1739808931486 155.4811746451048 207
1739808931502 155.4194957563688 208
1739808931502 155.35784265028965 209
1739808931518 155.2962153158318 210
1739808931535 155.23461374196484 211
1739808931550 155.17303791766287 212
1739808931566 155.1114878319048 213
1739808931582 155.04996347367452 214
1739808931582 154.98846483196044 215
1739808931598 154.92699189575592 216
1739808931614 154.865544654059 217
1739808931630 154.80412309587248 218
1739808931646 154.74272721020398 219
1739808931662 154.6813569860659 220
1739808931662 154.62001241247532 221
1739808931679 154.55869347845413 222
1739808931694 154.49740017302898 223
1739808931710 154.43613248523127 224
1739808931726 154.37489040409716 225
1739808931743 154.31367391866755 226
1739808931743 154.25248301798806 227
1739808931758 154.19131769110913 228
1739808931775 154.13017792708587 229
1739808931791 154.0690637149782 230
1739808931807 154.00797504385076 231
1739808931831 153.94691190277288 232
1739808931849 153.88587428081868 233
1739808931861 153.824862167067 234
1739808931879 153.76387555060145 235
1739808931886 153.70291442051033 236
1739808931902 153.6419787658866 237
1739808931918 153.58106857582806 238
1739808931918 153.52018383943724 239
1739808931934 153.45932454582132 240
1739808931950 153.39849068409222 241
1739808931966 153.3376822433666 242
1739808931982 153.27689921276576 243
1739808931998 153.21614158141588 244
1739808932014 153.15540933844773 245
1739808932014 153.09470247299674 246
1739808932030 153.03402097420314 247
1739808932046 152.97336483121194 248
1739808932062 152.9127340331727 249
1739808932078 152.8521285692397 250
1739808932094 152.791548428572 251
1739808932094 152.73099360033333 252
1739808932110 152.67046407369207 253
1739808932126 152.60995983782138 254
1739808932142 152.549480881899 255
1739808932158 152.4890271951075 256
1739808932158 152.428598766634 257
1739808932174 152.36819558567038 258
1739808932195 152.30781764141318 259
1739808932206 152.24746492306366 260
1739808932222 152.18713741982768 261
1739808932238 152.1268351209159 262
1739808932254 152.06655801554348 263
1739808932269 152.0063060929305 264
1739808932269 151.9460793423014 265
1739808932286 151.88587775288562 266
1739808932302 151.825701313917 267
1739808932318 151.7655500146342 268
1739808932334 151.7054238442804 269
1739808932350 151.64532279210368 270
1739808932350 151.58524684735653 271
1739808932377 151.52519599929624 272
1739808932391 151.4651702371847 273
1739808932402 151.4051695502885 274
1739808932417 151.34519392787882 275
1739808932430 151.28524335923152 276
1739808932444 151.22531783362712 277
1739808932444 151.1654173403508 278
1739808932460 151.1055418686923 279
1739808932476 151.0456914079461 280
1739808932492 150.9858659474112 281
1739808932508 150.92606547639141 282
1739808932523 150.86628998419502 283
1739808932523 150.80653946013499 284
1739808932539 150.746813893529 285
1739808932555 150.68711327369923 286
1739808932571 150.62743758997257 287
1739808932587 150.56778683168054 288
1739808932603 150.50816098815918 289
1739808932603 150.44856004874927 290
1739808932618 150.38898400279618 291
1739808932634 150.32943283964985 292
1739808932651 150.26990654866486 293
1739808932666 150.21040511920046 294
1739808932682 150.15092854062036 295
1739808932698 150.09147680229307 296
1739808932698 150.03204989359156 297
1739808932714 149.9726478038935 298
1739808932730 149.9132705225811 299
1739808932746 149.85391803904116 300
1739808932762 149.79459034266512 301
1739808932778 149.73528742284907 302
1739808932778 149.67600926899354 303
1739808932794 149.61675587050385 304
1739808932810 149.55752721678968 305
1739808932826 149.49832329726553 306
1739808932844 149.43914410135034 307
1739808932858 149.3799896184677 308
1739808932874 149.32085983804566 309
1739808932874 149.26175474951702 310
1739808932890 149.2026743423191 311
1739808932906 149.14361860589378 312
1739808932922 149.0845875296875 313
1739808932938 149.0255811031513 314
1739808932954 148.96659931574078 315
1739808932954 148.9076421569161 316
1739808932970 148.84870961614195 317
1739808932986 148.78980168288774 318
1739808933002 148.73091834662725 319
1739808933017 148.67205959683895 320
1739808933033 148.61322542300582 321
1739808933049 148.55441581461534 322
1739808933065 148.49563076115967 323
1739808933065 148.4368702521354 324
1739808933083 148.37813427704378 325
1739808933097 148.31942282539052 326
1739808933113 148.26073588668598 327
1739808933129 148.2020734504449 328
1739808933144 148.14343550618673 329
1739808933144 148.0848220434353 330
1739808933161 148.02623305171926 331
1739808933177 147.96766852057144 332
1739808933193 147.9091284395294 333
1739808933209 147.85061279813527 334
1739808933225 147.79212158593555 335
1739808933225 147.7336547924815 336
1739808933240 147.67521240732864 337
1739808933257 147.61679442003722 338
1739808933273 147.55840082017193 339
1739808933289 147.5000315973019 340
1739808933289 147.44168674100104 341
1739808933305 147.3833662408475 342
1739808933321 147.32507008642403 343
1739808933337 147.26679826731802 344
1739808933353 147.2085507731212 345
1739808933369 147.15032759342986 346
1739808933369 147.09212871784484 347
1739808933385 147.03395413597147 348
1739808933401 146.97580383741953 349
1739808933422 146.9176778118034 350
1739808933433 146.85957604874187 351
1739808933448 146.80149853785827 352
1739808933448 146.74344526878036 353
1739808933464 146.68541623114055 354
1739808933480 146.62741141457562 355
1739808933496 146.56943080872682 356
1739808933512 146.5114744032399 357
1739808933519 146.45354218776518 358
1739808933528 146.3956341519574 359
1739808933544 146.3377502854758 360
1739808933560 146.27989057798408 361
1739808933576 146.22205501915047 362
1739808933592 146.16424359864752 363
1739808933607 146.10645630615244 364
1739808933607 146.04869313134685 365
1739808933623 145.99095406391683 366
1739808933639 145.93323909355288 367
1739808933655 145.87554820995007 368
1739808933671 145.8178814028078 369
1739808933687 145.7602386618302 370
1739808933687 145.70261997672537 371
1739808933703 145.64502533720648 372
1739808933719 145.5874547329906 373
1739808933735 145.52990815379965 374
1739808933751 145.4723855893598 375
1739808933766 145.41488702940174 376
1739808933782 145.35741246366055 377
1739808933782 145.29996188187584 378
1739808933798 145.24253527379162 379
1739808933814 145.18513262915633 380
1739808933830 145.12775393772293 381
1739808933846 145.0703991892487 382
1739808933862 145.01306837349532 383
1739808933862 144.9557614802292 384
1739808933878 144.8984784992208 385
1739808933894 144.84121942024535 386
1739808933911 144.78398423308218 387
1739808933926 144.7267729275154 388
1739808933942 144.66958549333327 389
1739808933942 144.61242192032856 390
1739808933958 144.55528219829847 391
1739808933974 144.49816631704468 392
1739808933990 144.4410742663732 393
1739808934006 144.3840060360944 394
1739808934022 144.32696161602328 395
1739808934022 144.26994099597906 396
1739808934038 144.21294416578542 397
1739808934054 144.1559711152705 398
1739808934069 144.0990218342667 399
1739808934086 144.04209631261105 400
1739808934086 143.9851945401448 401
1739808934102 143.92831650671363 402
1739808934118 143.8714622021677 403
1739808934134 143.81463161636157 404
1739808934150 143.75782473915402 405
1739808934165 143.70104156040844 406
1739808934181 143.64428206999244 407
1739808934181 143.58754625777814 408
1739808934197 143.530834113642 409
1739808934213 143.47414562746485 410
1739808934229 143.41748078913196 411
1739808934245 143.36083958853288 412
1739808934245 143.3042220155616 413
1739808934261 143.24762806011654 414
1739808934277 143.1910577121004 415
1739808934293 143.13451096142032 416
1739808934309 143.07798779798773 417
1739808934325 143.0214882117186 418
1739808934341 142.96501219253307 419
1739808934357 142.90855973035576 420
1739808934357 142.85213081511563 421
1739808934373 142.79572543674595 422
1739808934389 142.73934358518443 423
1739808934405 142.68298525037315 424
1739808934421 142.62665042225845 425
1739808934436 142.57033909079112 426
1739808934436 142.5140512459262 427
1739808934452 142.4577868776232 428
1739808934468 142.4015459758459 429
1739808934483 142.3453285305624 430
1739808934499 142.28913453174525 431
1739808934515 142.23296396937127 432
1739808934531 142.17681683342164 433
1739808934542 142.1206931138819 434
1739808934560 142.06459280074185 435
1739808934573 142.00851588399573 436
1739808934584 141.95246235364203 437
1739808934602 141.89643219968363 438
1739808934615 141.8404254121277 439
1739808934625 141.78444198098572 440
1739808934641 141.7284818962736 441
1739808934641 141.6725451480115 442
1739808934657 141.61663172622386 443
1739808934673 141.56074162093947 444
1739808934689 141.5048748221915 445
1739808934705 141.4490313200174 446
1739808934720 141.3932111044589 447
1739808934737 141.33741416556208 448
1739808934752 141.2816404933773 449
1739808934768 141.22589007795932 450
1739808934784 141.17016290936706 451
1739808934800 141.11445897766384 452
1739808934804 141.0587782729173 453
1739808934816 141.00312078519931 454
1739808934832 140.94748650458612 455
1739808934848 140.89187542115826 456
1739808934872 140.83628752500042 457
1739808934890 140.78072280620182 458
1739808934902 140.72518125485576 459
1739808934915 140.66966286105995 460
1739808934916 140.61416761491643 461
1739808934932 140.5586955065313 462
1739808934948 140.50324652601526 463
1739808934964 140.44782066348304 464
1739808934980 140.39241790905376 465
1739808934996 140.33703825285087 466
1739808935011 140.28168168500196 467
1739808935011 140.22634819563896 468
1739808935028 140.1710377748981 469
1739808935044 140.11575041291988 470
1739808935059 140.06048609984902 471
1739808935076 140.00524482583458 472
1739808935092 139.95002658102982 473
1739808935092 139.89483135559232 474
1739808935108 139.83965913968387 475
1739808935124 139.78450992347055 476
1739808935145 139.72938369712267 477
1739808935155 139.67428045081488 478
1739808935171 139.61920017472596 479
1739808935171 139.56414285903904 480
1739808935187 139.50910849394148 481
1739808935203 139.45409706962485 482
1739808935219 139.39910857628504 483
1739808935235 139.3441430041221 484
1739808935251 139.28920034334038 485
1739808935267 139.23428058414848 486
1739808935282 139.1793837167592 487
1739808935282 139.12450973138957 488
1739808935298 139.06965861826095 489
1739808935314 139.01483036759885 490
1739808935330 138.960024969633 491
1739808935346 138.9052424145974 492
1739808935362 138.85048269273028 493
1739808935378 138.79574579427413 494
1739808935378 138.74103170947558 495
1739808935394 138.6863404285855 496
1739808935416 138.6316719418591 497
1739808935426 138.57702623955564 498
1739808935442 138.52240331193872 499
