1739809352653 166.17131300790206 0
1739809352662 165.92281374702657 1
1739809352685 164.82292752604982 2
1739809352693 164.9009691970119 3
1739809352716 158.94265608119386 4
1739809352725 164.6557438578422 5
1739809352747 159.00778358124293 6
1739809352757 162.51675946180507 7
1739809352778 163.2874517643861 8
1739809352789 164.02108994610396 9
1739809352808 162.05367156148293 10
1739809352820 160.52780250462177 11
1739809352838 156.926353643042 12
1739809352852 160.4480455610677 13
1739809352868 158.69875193160064 14
1739809352884 157.82069220020816 15
1739809352900 158.7334002073007 16
1739809352916 159.1574191214557 17
1739809352932 160.65520451345043 18
1739809352948 157.7380113572965 19
1739809352959 157.3962234343707 20
1739809352982 157.62066307487473 21
1739809352998 152.9017977792723 22
1739809353012 153.31527638678534 23
1739809353028 154.79464127071816 24
1739809353044 153.4064889450028 25
1739809353044 156.64393126697266 26
1739809353071 152.51002032916992 27
1739809353075 152.0315181969854 28
1739809353102 149.63801874565502 29
1739809353110 151.59968042183453 30
1739809353132 150.21847219943402 31
1739809353144 149.81503269721188 32
1739809353155 148.6487727404002 33
1739809353171 151.20508656522136 34
1739809353191 146.57419345625027 35
1739809353202 151.14830851154696 36
1739809353222 146.4962782649202 37
1739809353234 146.17945616656584 38
1739809353250 147.8725048645367 39
1739809353266 152.48226747906492 40
1739809353282 143.14737780607942 41
1739809353297 146.81960352641417 42
1739809353313 149.0794189787138 43
1739809353329 144.98670241370309 44
1739809353345 146.60936385206037 45
1739809353361 143.16835185637785 46
1739809353373 141.75380640902773 47
1739809353377 142.76311736061558 48
1739809353402 140.3056078089985 49
1739809353425 141.77298390244331 50
1739809353441 141.0340811449289 51
1739809353441 143.05710232738286 52
1739809353468 138.97580499762466 53
1739809353473 139.53461266156128 54
1739809353499 141.18699968756258 55
1739809353505 142.38006395243437 56
1739809353529 138.9530792362906 57
1739809353537 139.16166352746563 58
1739809353559 140.54571396627082 59
1739809353568 140.30330791773105 60
1739809353589 136.56164247107105 61
1739809353600 139.1174231103365 62
1739809353616 137.62538078637718 63
1739809353632 138.12890600582293 64
1739809353650 136.9406955786461 65
1739809353663 135.16322233013508 66
1739809353679 136.23450071622636 67
1739809353695 133.7558779543746 68
1739809353711 136.36662830142362 69
1739809353727 135.79283958362592 70
1739809353743 131.0297455866123 71
1739809353743 136.34576490334723 72
1739809353770 134.1335704435999 73
1739809353775 130.78803280351121 74
1739809353801 133.97181908539193 75
1739809353807 132.12713523317737 76
1739809353833 128.71627156503627 77
1739809353839 130.94403135181102 78
1739809353862 133.34668288492412 79
1739809353871 131.86018292457314 80
1739809353893 130.89245479723502 81
1739809353903 129.5130806857167 82
1739809353926 125.86317383842737 83
1739809353935 129.25327556470208 84
1739809353960 129.34765176728 85
1739809353966 129.57207809549035 86
1739809353989 126.25094806445257 87
1739809353997 127.24620084532539 88
1739809354021 128.09927220799213 89
1739809354029 126.58778192454751 90
1739809354052 126.27707277724356 91
1739809354061 124.95010546766021 92
1739809354081 123.75249826534966 93
1739809354092 126.17690498693356 94
1739809354108 123.05794655846482 95
1739809354125 124.58061219112025 96
1739809354141 124.31573949875731 97
1739809354157 126.38780096531018 98
1739809354173 123.13519542636455 99
1739809354189 123.92863114057674 100
1739809354204 121.30483564116427 101
1739809354212 122.64236968034159 102
1739809354232 116.54912627178923 103
1739809354236 122.510179684932 104
1739809354262 121.13780386390968 105
1739809354268 120.73118223476084 106
1739809354293 118.99866418471065 107
1739809354300 121.8285901572315 108
1739809354323 118.15840959185803 109
1739809354332 119.26523105594086 110
1739809354353 117.6642457123358 111
1739809354364 118.31075416324063 112
1739809354380 119.37295229849856 113
1739809354395 120.68677551881692 114
1739809354411 116.64386924389363 115
1739809354431 117.91979941434262 116
1739809354446 115.7958463530248 117
1739809354459 118.00826497254502 118
1739809354472 114.452907813182 119
1739809354475 115.96491620406647 120
1739809354501 117.67260110549239 121
1739809354512 115.5721720074674 122
1739809354530 114.36853124195547 123
1739809354541 116.80983426891089 124
1739809354563 117.26901299682427 125
1739809354578 113.86939698177744 126
1739809354590 115.04227651691241 127
1739809354601 112.3583598214025 128
1739809354620 113.58635969250358 129
1739809354634 113.5123039420447 130
1739809354649 112.77134447629614 131
1739809354665 111.41073213582946 132
1739809354681 112.83861112129861 133
1739809354697 108.45102529949894 134
1739809354708 109.41292600491431 135
1739809354713 110.39796044823234 136
1739809354740 109.84461139538307 137
1739809354745 109.65567885102699 138
1739809354770 111.52675570470001 139
1739809354792 109.03697865933434 140
1739809354809 108.44077628559513 141
1739809354824 109.58649873134542 142
1739809354840 107.83816935231623 143
1739809354856 109.27820640305355 144
1739809354873 108.21247831380722 145
1739809354873 107.28642672728677 146
1739809354889 109.90384675729658 147
1739809354905 105.69763015320974 148
1739809354920 104.4568016847911 149
1739809354936 104.78478806473579 150
1739809354952 105.82642025704547 151
1739809354968 104.77119266097023 152
1739809354984 105.7410409904809 153
1739809355000 103.17107083755171 154
1739809355015 105.83158088796213 155
1739809355031 102.09548599355725 156
1739809355047 104.32827484716609 157
1739809355063 102.38144853587166 158
1739809355079 103.09617388898432 159
1739809355095 104.19310156441139 160
1739809355111 100.65635794992359 161
1739809355127 102.81330443250944 162
1739809355148 102.32190155506497 163
1739809355159 98.86026005942944 164
1739809355175 102.778496723423 165
1739809355191 100.05887197100562 166
1739809355206 101.92056696802025 167
1739809355222 98.66992770960692 168
1739809355239 98.04706196141358 169
1739809355255 101.27072878040539 170
1739809355270 99.42282593986178 171
1739809355286 98.09903357644939 172
1739809355302 99.55275152266753 173
1739809355320 98.50520690821078 174
1739809355335 97.65396054903722 175
1739809355351 98.21761719721913 176
1739809355366 97.4811967457076 177
1739809355382 98.17296616754614 178
1739809355398 100.0843975134534 179
1739809355414 96.81937219742328 180
1739809355430 95.37823669450552 181
1739809355446 98.28722446384735 182
1739809355446 97.80764407693525 183
1739809355478 94.78090662301216 184
1739809355494 95.2789028769442 185
1739809355494 96.45205043916424 186
1739809355510 95.13264722467974 187
1739809355526 96.79716682827741 188
1739809355542 93.1416238086198 189
1739809355558 95.2758280413356 190
1739809355579 95.2368907748353 191
1739809355590 95.82078301084272 192
1739809355606 92.72713919677774 193
1739809355622 94.41397699522982 194
1739809355638 94.06426267076597 195
1739809355654 90.46726840466879 196
1739809355670 89.38264592554732 197
1739809355686 93.15706312417241 198
1739809355701 92.5145639896884 199
1739809355717 90.97238621211439 200
1739809355733 90.95337960723722 201
1739809355749 92.39020081045008 202
1739809355765 90.47014387805132 203
1739809355780 89.27987515707389 204
1739809355796 90.06511923207223 205
1739809355812 90.13523669331431 206
1739809355828 88.53950985701937 207
1739809355844 89.9345748991201 208
1739809355860 89.12042295737548 209
1739809355875 88.16870020409581 210
1739809355875 87.07351464042284 211
1739809355891 88.7628799911653 212
1739809355907 88.10929619251449 213
1739809355923 88.19568923243583 214
1739809355939 87.91625830332055 215
1739809355955 85.53997017835789 216
1739809355971 88.97857461880554 217
1739809355987 88.20924729343949 218
1739809356003 86.65495613747464 219
1739809356019 88.76072308915668 220
1739809356035 87.82736896067473 221
1739809356051 86.87318872803749 222
1739809356067 85.41380854159756 223
1739809356083 85.64577615549318 224
1739809356099 87.32595671779832 225
1739809356115 85.92802289992389 226
1739809356137 85.23345532532339 227
1739809356147 85.96294309883405 228
1739809356162 85.22651341216714 229
1739809356178 86.50568801329595 230
1739809356194 84.07000895885027 231
1739809356210 83.84141227675829 232
1739809356226 83.10716705374816 233
1739809356244 84.25240441118176 234
1739809356258 85.37008562518311 235
1739809356274 83.37737448908447 236
1739809356290 83.10804969450213 237
1739809356306 80.35965469074334 238
1739809356322 82.95215786921686 239
1739809356338 82.13836841195048 240
1739809356353 81.84969492349931 241
1739809356369 80.3772190354101 242
1739809356385 81.24812666777396 243
1739809356385 80.7348581323746 244
1739809356401 81.46782138485224 245
1739809356417 79.70765381634082 246
1739809356433 81.81095650633765 247
1739809356449 79.30362768274834 248
1739809356465 82.85004214243237 249
1739809356481 79.11127994216942 250
1739809356497 77.05468113888026 251
1739809356512 80.17388793747295 252
1739809356528 80.19350892268983 253
1739809356544 77.55569627837643 254
1739809356560 78.13533339453042 255
1739809356576 80.14813544469754 256
1739809356593 77.9579348615772 257
1739809356612 78.67383259465704 258
1739809356627 77.61612548116693 259
1739809356640 78.27248587931575 260
1739809356656 78.13999619567518 261
1739809356672 77.41889365283481 262
1739809356672 75.87237365118546 263
1739809356689 77.43859135351991 264
1739809356704 75.66007210642354 265
1739809356720 77.62101144526945 266
1739809356750 75.77811357396196 267
1739809356760 75.49920157087118 268
1739809356766 75.67237486248862 269
1739809356782 76.77790414764023 270
1739809356799 76.16157000977883 271
1739809356816 75.93327015879288 272
1739809356831 74.99490130448562 273
1739809356847 73.76025413974853 274
1739809356863 72.83102998957627 275
1739809356879 73.33932303986303 276
1739809356895 74.38525221750515 277
1739809356911 73.34564604294755 278
1739809356927 74.53046418470754 279
1739809356943 72.71714806025423 280
1739809356958 73.9668516981806 281
1739809356974 71.9733259010699 282
1739809356990 71.21186119136345 283
1739809357006 72.05304660182675 284
1739809357022 72.35631826945709 285
1739809357039 72.41872473832191 286
1739809357054 71.98408815159037 287
1739809357070 69.95410371260309 288
1739809357086 72.55318501556029 289
1739809357102 72.49363658713571 290
1739809357118 70.25224746425448 291
1739809357135 69.95576647873777 292
1739809357149 71.81467255514097 293
1739809357165 67.6930951733482 294
1739809357165 71.06394831151096 295
1739809357181 70.73720945092099 296
1739809357197 68.77946301389295 297
1739809357213 68.74792166035355 298
1739809357228 67.47277698052366 299
1739809357244 69.10711938999873 300
1739809357260 69.63682410499982 301
1739809357276 67.62402498463875 302
1739809357292 67.62336515261812 303
1739809357308 67.49060107789747 304
1739809357324 66.97912875945256 305
1739809357342 67.34795633804698 306
1739809357356 67.41732482445904 307
1739809357372 67.27938752931858 308
1739809357388 65.75608631339989 309
1739809357404 67.27097509038681 310
1739809357420 68.02104873486995 311
1739809357436 66.51102916560342 312
1739809357452 67.79534412587917 313
1739809357467 65.86321891021575 314
1739809357467 67.08378623405582 315
1739809357483 65.3129986065779 316
1739809357515 65.58316092172026 317
1739809357531 66.78216775561413 318
1739809357547 64.59099014086429 319
1739809357563 64.5007151704704 320
1739809357578 66.55674057668917 321
1739809357578 65.79424358729331 322
1739809357594 63.86664361535081 323
1739809357610 65.76926970380349 324
1739809357626 64.10098525163083 325
1739809357643 62.81295375010545 326
1739809357659 63.81323667859851 327
1739809357674 64.48102138121185 328
1739809357691 64.52381558791215 329
1739809357707 63.87685651426263 330
1739809357723 64.25036313839989 331
1739809357739 62.456169579517685 332
1739809357755 61.7918404142497 333
1739809357771 65.74959644379327 334
1739809357787 63.895945645659666 335
1739809357803 63.606973312245906 336
1739809357819 61.888294537738446 337
1739809357835 61.867037515469924 338
1739809357850 62.93712938791727 339
1739809357867 61.893644949665166 340
1739809357883 63.41283461205206 341
1739809357898 61.25970653384761 342
1739809357914 59.869692811143 343
1739809357930 61.50270739522612 344
1739809357946 60.45393551084658 345
1739809357962 59.89376918746995 346
1739809357978 59.95488891468955 347
1739809357994 60.23579736256856 348
1739809358010 62.51162472406092 349
1739809358026 61.39213901037698 350
1739809358042 61.27019079599455 351
1739809358057 59.06111893143649 352
1739809358074 58.810399858836945 353
1739809358089 58.72066854324983 354
1739809358105 58.75047467429927 355
1739809358105 59.392404033137026 356
1739809358121 59.353555242443846 357
1739809358137 59.08415972377469 358
1739809358152 59.742824239964186 359
1739809358169 57.853105217396454 360
1739809358185 58.46815894572031 361
1739809358201 60.063079041955554 362
1739809358217 59.11393485424494 363
1739809358233 57.23249464270058 364
1739809358249 55.955300196410505 365
1739809358264 58.908301396615244 366
1739809358280 58.7295677741524 367
1739809358296 57.41413043039081 368
1739809358312 58.7338957500716 369
1739809358328 56.40076720404807 370
1739809358344 57.920148449982506 371
1739809358362 58.137027795539026 372
1739809358375 56.92652939572314 373
1739809358392 58.058625467491495 374
1739809358407 53.57536889362549 375
1739809358423 55.48342333556588 376
1739809358439 57.75304246575534 377
1739809358455 54.53525771539871 378
1739809358471 54.67515013510879 379
1739809358487 54.2306727370039 380
1739809358503 56.19922185410511 381
1739809358503 55.0807610204442 382
1739809358519 54.942556418327996 383
1739809358535 54.171020703126665 384
1739809358551 55.71813098625669 385
1739809358567 56.57170554820715 386
1739809358583 54.847028725037205 387
1739809358599 53.99617417946643 388
1739809358615 54.914549096364105 389
1739809358631 53.16957023098648 390
1739809358647 53.75159346592398 391
1739809358663 54.869586036986355 392
1739809358679 53.75759707697093 393
1739809358695 54.729639122797025 394
1739809358710 51.94992334212525 395
1739809358726 53.48578103255277 396
1739809358742 52.72146506774563 397
1739809358758 52.13877725752832 398
1739809358774 52.29265482974435 399
1739809358796 52.307886431815334 400
1739809358812 52.27698364642378 401
1739809358822 51.6528759622683 402
1739809358838 51.7630424335334 403
1739809358854 52.193851063546596 404
1739809358869 52.424073519547974 405
1739809358886 52.23313378991917 406
1739809358901 52.64703292647398 407
1739809358917 51.73276128916136 408
1739809358933 51.74805800318356 409
1739809358941 50.043965933349476 410
1739809358948 50.45463855949301 411
1739809358964 50.103975962999 412
1739809358980 49.573161641683704 413
1739809358997 50.05321863122243 414
1739809359012 50.40906221176295 415
1739809359028 51.25972979050441 416
1739809359045 48.535139757876145 417
1739809359064 50.419084826517235 418
1739809359076 49.75679049046312 419
1739809359092 49.69185154770399 420
1739809359108 51.20773760737363 421
1739809359124 49.81010221201905 422
1739809359140 50.48253306235581 423
1739809359156 48.389649252524926 424
1739809359172 48.44258688075391 425
1739809359188 48.01672275650197 426
1739809359204 47.66081876085888 427
1739809359219 48.87190427070795 428
1739809359236 47.23980250885433 429
1739809359252 47.921625505102035 430
1739809359268 46.781082201823565 431
1739809359283 46.684778768397166 432
1739809359299 47.32572714890494 433
1739809359315 47.63094598942474 434
1739809359331 47.26057238371359 435
1739809359346 46.788820735271145 436
1739809359362 47.03907205755313 437
1739809359378 47.980323999103305 438
1739809359394 46.083720646401204 439
1739809359394 48.1446321672358 440
1739809359410 46.310279876975905 441
1739809359426 47.16942109013265 442
1739809359442 47.36977119330281 443
1739809359458 45.89643001874707 444
1739809359474 44.79704401316904 445
1739809359490 44.91916234757334 446
1739809359515 46.23022191505938 447
1739809359530 47.682194858175606 448
1739809359538 46.48393307629911 449
1739809359554 44.068488010254704 450
1739809359570 45.01745800522955 451
1739809359585 45.80846606061222 452
1739809359601 45.303229397405836 453
1739809359617 45.50437299229505 454
1739809359633 45.80687870242168 455
1739809359649 44.80897384957737 456
1739809359665 44.52300389707701 457
1739809359680 45.09597440199891 458
1739809359696 44.800857786850656 459
1739809359712 45.01960283959937 460
1739809359728 45.46828454362887 461
1739809359744 45.031455162781114 462
1739809359760 42.63942226422878 463
1739809359776 44.95940325480468 464
1739809359792 44.16183382248316 465
1739809359808 43.23134221277011 466
1739809359808 44.6085806877563 467
1739809359824 43.85605898258252 468
1739809359840 43.35295692819902 469
1739809359856 42.402086555552444 470
1739809359872 42.59572945049131 471
1739809359888 43.75042676693431 472
1739809359904 43.477414630870264 473
1739809359920 43.45672911944473 474
1739809359936 42.60679118023048 475
1739809359952 41.208193485025525 476
1739809359968 42.092487794557535 477
1739809359984 41.341321213403646 478
1739809360000 42.15347021050767 479
1739809360016 41.936199978974706 480
1739809360032 41.1741231089931 481
1739809360047 41.94099577582357 482
1739809360063 40.94884250050444 483
1739809360079 39.72455341654285 484
1739809360095 43.37224560463638 485
1739809360111 42.71081620069386 486
1739809360127 41.31067643512777 487
1739809360143 41.17121394695738 488
1739809360159 40.147419189899104 489
1739809360175 40.62778702038249 490
1739809360190 41.315006272915475 491
1739809360207 41.07163984171184 492
1739809360223 40.69544058280253 493
1739809360239 40.30499834107363 494
1739809360254 41.16211749097596 495
1739809360270 40.012024386026035 496
1739809360286 39.58763435178463 497
1739809360286 38.904350975560185 498
1739809360302 40.50611206261962 499
