1739807447111 169.08902758239503 0
1739807447128 162.40892741464336 1
1739807447144 156.00605666229626 2
1739807447161 149.86864805180986 3
1739807447174 143.9854398329484 4
1739807447184 138.3456539245914 5
1739807447195 132.93897500838116 6
1739807447212 127.75553052903308 7
1739807447231 122.78587156192178 8
1739807447246 118.02095451026888 9
1739807447261 113.45212359589642 10
1739807447278 109.07109410907594 11
1739807447288 104.86993638450251 12
1739807447307 100.84106047185641 13
1739807447317 96.97720147078587 14
1739807447329 93.27140550145602 15
1739807447353 89.71701628306346 16
1739807447367 86.30766229391584 17
1739807447378 83.03724448782353 18
1739807447394 79.89992454264751 19
1739807447405 76.89011361789927 20
1739807447430 74.00246159929038 21
1739807447446 71.23184680909273 22
1739807447461 68.57336616208691 23
1739807447476 66.02232574775688 24
1739807447490 63.574231820228775 25
1739807447498 61.22478217825598 26
1739807447521 58.96985791832205 27
1739807447531 56.80551554466862 28
1739807447546 54.727979420758786 29
1739807447561 52.733634547360076 30
1739807447578 50.81901965307473 31
1739807447589 48.98082058376072 32
1739807447602 47.2158639778762 33
1739807447620 45.52111121534338 34
1739807447632 43.893652628066945 35
1739807447646 42.330701960757125 36
1739807447666 40.82959107120142 37
1739807447679 39.387764859600026 38
1739807447694 38.002776417031136 39
1739807447702 36.67228238354434 40
1739807447717 35.394038506792455 41
1739807447728 34.16589539250739 42
1739807447751 32.98579443850318 43
1739807447763 31.851763944250454 44
1739807447779 30.761915388412202 45
1739807447794 29.71443986706131 46
1739807447803 28.707604685616225 47
1739807447817 27.739750097833806 48
1739807447835 26.809286185487412 49
1739807447845 25.914689872635098 50
1739807447861 25.054502068647366 51
1739807447872 24.227324934417176 52
1739807447878 23.431819266416817 53
1739807447895 22.666701993498247 54
1739807447911 21.9307437815546 55
1739807447931 21.222766741372862 56
1739807447946 20.541642235210244 57
1739807447948 19.88628877782064 58
1739807447971 19.25567002784321 59
1739807447985 18.648792865642392 60
1739807447999 18.064705553858307 61
1739807448018 17.50249597708909 62
1739807448028 16.96128995728167 63
1739807448045 16.440249641556225 64
1739807448061 15.93857195933159 65
1739807448061 15.455487145754695 66
1739807448086 14.990257328567287 67
1739807448094 14.542175175667358 68
1739807448111 14.110562600741668 69
1739807448128 13.69476952445984 70
1739807448145 13.294172688828708 71
1739807448156 12.9081745224104 72
1739807448169 12.536202054206742 73
1739807448187 12.177705874108083 74
1739807448200 11.832159137895596 75
1739807448214 11.499056614873407 76
1739807448228 11.177913776290243 77
1739807448241 10.868265922789988 78
1739807448254 10.569667349206899 79
1739807448261 10.281690545094241 80
1739807448278 10.003925429444775 81
1739807448295 9.735978618128508 82
1739807448311 9.477472722636769 83
1739807448322 9.228045678783099 84
1739807448339 8.98735010406948 85
1739807448353 8.755052682482757 86
1739807448367 8.530833575539308 87
1739807448381 8.314385858447332 88
1739807448393 8.105414980305003 89
1739807448407 7.903638247299658 90
1739807448421 7.708784327917832 91
1739807448434 7.520592779218888 92
1739807448448 7.338813593265997 93
1739807448461 7.1632067628474285 94
1739807448478 6.993541865658515 95
1739807448478 6.829597666150675 96
1739807448495 6.671161734288105 97
1739807448511 6.518030080485689 98
1739807448528 6.3700068060329365 99
1739807448545 6.226903768338951 100
1739807448562 6.088540260362121 101
1739807448578 5.954742703615618 102
1739807448591 5.825344354166412 103
1739807448600 5.700185021070207 104
1739807448623 5.579110796709233 105
1739807448650 5.461973798522545 106
1739807448667 5.348631921640697 107
1739807448684 5.238948601957591 108
1739807448698 5.1327925891926665 109
1739807448712 5.03003772951558 110
1739807448715 4.930562757324375 111
1739807448740 4.83425109578534 112
1739807448753 4.740990665760147 113
1739807448767 4.650673702761531 114
1739807448780 4.5631965815945925 115
1739807448792 4.478459648355388 116
1739807448805 4.396367059472753 117
1739807448818 4.316826627492714 118
1739807448832 4.239749673317897 119
1739807448846 4.165050884626673 120
1739807448858 4.092648180208654 121
1739807448872 4.022462579964507 122
1739807448880 3.9544180803288236 123
1739807448896 3.8884415348853136 124
1739807448914 3.8244625399533545 125
1739807448928 3.7624133249345175 126
1739807448941 3.7022286472168244 127
1739807448954 3.6438456914430466 128
1739807448968 3.5872039729578113 129
1739807448981 3.53224524525619 130
1739807448997 3.4789134112640534 131
1739807449006 3.427154438287751 132
1739807449023 3.376916276477698 133
1739807449037 3.3281487806570973 134
1739807449045 3.2808036353733527 135
1739807449065 3.2348342830359407 136
1739807449081 3.190195855010258 137
1739807449094 3.1468451055426354 138
1739807449099 3.1047403483969678 139
1739807449118 3.0638413960885993 140
1739807449130 3.024109501605966 141
1739807449147 2.9855073025152117 142
1739807449163 2.9479987673474564 143
1739807449178 2.9115491441726733 144
1739807449193 2.87612491126825 145
1739807449207 2.8416937297943012 146
1739807449213 2.8082243983914243 147
1739807449230 2.775686809620295 148
1739807449245 2.7440519081659116 149
1739807449246 2.7132916507326144 150
1739807449264 2.683378967559054 151
1739807449280 2.654287725485466 152
1739807449296 2.6259926925083503 153
1739807449312 2.598469503760503 154
1739807449328 2.571694628856928 155
1739807449328 2.5456453405497492 156
1739807449346 2.5202996846376253 157
1739807449366 2.495636451077477 158
1739807449383 2.4716351462485924 159
1739807449397 2.448275966321272 160
1739807449411 2.4255397716841975 161
1739807449412 2.4034080623866476 162
1739807449430 2.381862954553623 163
1739807449445 2.3608871577335973 164
1739807449461 2.3404639531403912 165
1739807449478 2.3205771727522992 166
1739807449495 2.3012111792331242 167
1739807449510 2.282350846641295 168
1739807449511 2.2639815418946783 169
1739807449528 2.2460891069600035 170
1739807449545 2.2286598417372376 171
1739807449562 2.2116804876103755 172
1739807449578 2.1951382116374307 173
1739807449594 2.17902059135346 174
1739807449608 2.1633156001616154 175
1739807449621 2.1480115932882624 176
1739807449635 2.133097294279177 177
1739807449645 2.1185617820148335 178
1739807449668 2.1043944782237043 179
1739807449681 2.0905851354734084 180
1739807449695 2.077123825620278 181
1739807449709 2.0640009286989285 182
1739807449722 2.0512071222339436 183
1739807449730 2.038733370956772 184
1739807449748 2.0265709169114206 185
1739807449764 2.0147112699334078 186
1739807449778 2.0031461984869536 187
1739807449778 1.9918677208460265 188
1739807449795 1.9808680966055905 189
1739807449811 1.9701398185097416 190
1739807449832 1.9596756045842039 191
1739807449845 1.9494683905610035 192
1739807449863 1.939511322583758 193
1739807449877 1.9297977501824146 194
1739807449893 1.920321219506818 195
1739807449902 1.9110754668088055 196
1739807449913 1.9020544121631042 197
1739807449932 1.893252153417574 198
1739807449949 1.8846629603638088 199
1739807449964 1.876281269119444 200
1739807449979 1.8681016767138938 201
1739807449982 1.8601189358695451 202
1739807449997 1.8523279499708096 203
1739807450019 1.8447237682137407 204
1739807450033 1.8373015809291404 205
1739807450047 1.830056715072517 206
1739807450063 1.8229846298743713 207
1739807450078 1.816080912644673 208
1739807450090 1.8093412747255582 209
1739807450097 1.8027615475865935 210
1739807450114 1.7963376790570857 211
1739807450132 1.7900657296902658 212
1739807450145 1.7839418692542628 213
1739807450145 1.7779623733450518 214
1739807450167 1.772123620116782 215
1739807450183 1.7664220871249867 216
1739807450195 1.760854348278445 217
1739807450211 1.7554170708955894 218
1739807450229 1.750107012861523 219
1739807450246 1.7449210198818976 220
1739807450261 1.7398560228299884 221
1739807450262 1.7349090351835226 222
1739807450283 1.7300771505479267 223
1739807450296 1.7253575402627408 224
1739807450312 1.72074745108818 225
1739807450329 1.7162442029688456 226
1739807450346 1.711845186871766 227
1739807450360 1.7075478626960148 228
1739807450372 1.7033497572513192 229
1739807450391 1.699248462303119 230
1739807450403 1.6952416326816706 231
1739807450420 1.6913269844528604 232
1739807450435 1.687502293148498 233
1739807450450 1.6837653920539486 234
1739807450466 1.6801141705510518 235
1739807450481 1.6765465725143212 236
1739807450495 1.6730605947585266 237
1739807450510 1.6696542855358623 238
1739807450516 1.6663257430808762 239
1739807450527 1.6630731142015296 240
1739807450543 1.6598945929147357 241
1739807450559 1.6567884191247875 242
1739807450575 1.6537528773432184 243
1739807450596 1.6507862954486094 244
1739807450600 1.6478870434849724 245
1739807450616 1.6450535324973525 246
1739807450631 1.6422842134033828 247
1739807450649 1.6395775758995275 248
1739807450665 1.6369321474008443 249
1739807450681 1.6343464920130972 250
1739807450686 1.631819209536125 251
1739807450698 1.6293489344974073 252
1739807450714 1.6269343352147898 253
1739807450730 1.6245741128874036 254
1739807450751 1.6222670007137951 255
1739807450766 1.6200117630364004 256
1739807450771 1.6178071945114376 257
1739807450781 1.6156521193033992 258
1739807450797 1.6135453903033314 259
1739807450817 1.6114858883700802 260
1739807450832 1.6094725215937764 261
1739807450849 1.6075042245808315 262
1739807450863 1.6055799577597067 263
1739807450864 1.603698706706834 264
1739807450883 1.6018594814919764 265
1739807450899 1.6000613160424306 266
1739807450916 1.5983032675254638 267
1739807450931 1.5965844157483906 268
1739807450945 1.594903862575716 269
1739807450947 1.5932607313628326 270
1739807450964 1.5916541664057104 271
1739807450981 1.5900833324060963 272
1739807450996 1.5885474139517142 273
1739807451015 1.5870456150110206 274
1739807451028 1.5855771584420388 275
1739807451034 1.5841412855148405 276
1739807451046 1.5827372554472465 277
1739807451067 1.581364344953345 278
1739807451083 1.5800218478044235 279
1739807451096 1.5787090744019578 280
1739807451109 1.5774253513622285 281
1739807451123 1.5761700211122893 282
1739807451135 1.574942441496883 283
1739807451149 1.5737419853960084 284
1739807451163 1.572568040352783 285
1739807451177 1.5714200082113379 286
1739807451191 1.5702973047644007 287
1739807451205 1.5691993594102964 288
1739807451220 1.5681256148190996 289
1739807451234 1.5670755266076493 290
1739807451250 1.566048563023155 291
1739807451262 1.5650442046351751 292
1739807451268 1.5640619440356898 293
1739807451292 1.5631012855470627 294
1739807451305 1.5621617449376282 295
1739807451319 1.5612428491447037 296
1739807451335 1.5603441360048216 297
1739807451351 1.559465153990948 298
1739807451365 1.5586054619565142 299
1739807451381 1.5577646288860456 300
1739807451386 1.556942233652203 301
1739807451397 1.5561378647790767 302
1739807451415 1.555351120211524 303
1739807451432 1.5545816070904166 304
1739807451449 1.5538289415335826 305
1739807451462 1.5530927484223507 306
1739807451467 1.5523726611934565 307
1739807451482 1.5516683216362586 308
1739807451497 1.5509793796950302 309
1739807451516 1.5503054932762372 310
1739807451530 1.5496463280606623 311
1739807451546 1.5490015573202072 312
1739807451560 1.548370861739298 313
1739807451574 1.547753929240714 314
1739807451589 1.547150454815774 315
1739807451604 1.546560140358716 316
1739807451618 1.545982694505174 317
1739807451633 1.545417832474662 318
1739807451647 1.544865275916919 319
1739807451661 1.544324752762044 320
1739807451666 1.5437959970743218 321
1739807451686 1.5432787489095876 322
1739807451699 1.5427727541761247 323
1739807451716 1.5422777644989227 324
1739807451731 1.5417935370872606 325
1739807451731 1.5413198346054895 326
1739807451749 1.5408564250469552 327
1739807451765 1.540403081610991 328
1739807451787 1.5399595825828465 329
1739807451800 1.5395257112165415 330
1739807451814 1.5391012556205206 331
1739807451828 1.538686008646079 332
1739807451842 1.538279767778436 333
1739807451857 1.5378823350304334 334
1739807451873 1.5374935168387827 335
1739807451886 1.5371131239627622 336
1739807451903 1.5367409713853564 337
1739807451915 1.536376878216728 338
1739807451929 1.5360206675999915 339
1739807451945 1.5356721666192221 340
1739807451950 1.5353312062096354 341
1739807451966 1.5349976210698928 342
1739807451981 1.5346712495764865 343
1739807451997 1.5343519337001343 344
1739807452013 1.5340395189241327 345
1739807452029 1.5337338541646592 346
1739807452045 1.5334347916929134 347
1739807452045 1.5331421870590947 348
1739807452067 1.532855899018169 349
1739807452084 1.532575789457359 350
1739807452103 1.5323017233253344 351
1739807452117 1.5320335685630506 352
1739807452130 1.531771196036192 353
1739807452143 1.5315144794691984 354
1739807452149 1.5312632953808238 355
1739807452162 1.5310175230211798 356
1739807452184 1.5307770443102415 357
1739807452196 1.5305417437777886 358
1739807452215 1.5303115085047159 359
1739807452228 1.5300862280657277 360
1739807452233 1.5298657944733163 361
1739807452250 1.5296501021230724 362
1739807452269 1.529439047740221 363
1739807452284 1.5292325303274144 364
1739807452300 1.5290304511136987 365
1739807452300 1.5288327135046795 366
1739807452319 1.528639223033807 367
1739807452331 1.5284498873147903 368
1739807452355 1.5282646159951 369
1739807452363 1.528083320710528 370
1739807452384 1.5279059150407874 371
1739807452384 1.527732314466138 372
1739807452403 1.5275624363249853 373
1739807452416 1.5273961997724528 374
1739807452432 1.5272335257398892 375
1739807452447 1.5270743368953228 376
1739807452463 1.5269185576047772 377
1739807452483 1.5267661138944986 378
1739807452488 1.5266169334140165 379
1739807452502 1.5264709454000647 380
1739807452518 1.5263280806412998 381
1739807452534 1.5261882714438255 382
1739807452550 1.5260514515975048 383
1739807452565 1.5259175563430274 384
1739807452581 1.525786522339712 385
1739807452585 1.5256582876340565 386
1739807452600 1.5255327916289834 387
1739807452616 1.5254099750537804 388
1739807452635 1.5252897799347203 389
1739807452649 1.5251721495663444 390
1739807452663 1.525057028483386 391
1739807452677 1.5249443624333339 392
1739807452685 1.5248340983496098 393
1739807452702 1.5247261843253457 394
1739807452718 1.5246205695877475 395
1739807452718 1.5245172044730397 396
1739807452750 1.5244160404019798 397
1739807452750 1.5243170298558946 398
1739807452770 1.5242201263532904 399
1739807452782 1.5241252844269484 400
1739807452803 1.524032459601564 401
1739807452818 1.5239416083718733 402
1739807452834 1.523852688181264 403
1739807452834 1.5237656574008727 404
1739807452854 1.5236804753091482 405
1739807452867 1.5235971020718653 406
1739807452883 1.523515498722588 407
1739807452902 1.523435627143572 408
1739807452917 1.5233574500470897 409
1739807452933 1.5232809309571576 410
1739807452945 1.5232060341917073 411
1739807452952 1.5231327248451105 412
1739807452967 1.5230609687711247 413
1739807452984 1.5229907325662038 414
1739807453000 1.5229219835531773 415
1739807453014 1.522854689765297 416
1739807453028 1.522788819930648 417
1739807453043 1.5227243434568916 418
1739807453052 1.522661230416345 419
1739807453069 1.5225994515314067 420
1739807453083 1.5225389781602974 421
1739807453097 1.5224797822831118 422
1739807453111 1.522421836488187 423
1739807453118 1.5223651139587684 424
1739807453138 1.522309588459984 425
1739807453151 1.5222552343260856 426
1739807453167 1.522202026447984 427
1739807453181 1.5221499402610608 428
1739807453195 1.5220989517332573 429
1739807453201 1.5220490373534008 430
1739807453216 1.5220001741198226 431
1739807453233 1.5219523395292047 432
1739807453248 1.5219055115656714 433
1739807453264 1.5218596686901384 434
1739807453276 1.5218147898298953 435
1739807453290 1.521770854368399 436
1739807453304 1.5217278421353047 437
1739807453317 1.521685733396723 438
1739807453332 1.5216445088456856 439
1739807453345 1.5216041495928145 440
1739807453350 1.5215646371572138 441
1739807453367 1.5215259534575423 442
1739807453387 1.5214880808032993 443
1739807453400 1.5214510018862928 444
1739807453414 1.5214146997722948 445
1739807453417 1.5213791578928892 446
1739807453439 1.5213443600374916 447
1739807453451 1.5213102903455493 448
1739807453466 1.521276933298908 449
1739807453483 1.521244273714352 450
1739807453495 1.5212122967362942 451
1739807453501 1.5211809878296538 452
1739807453517 1.5211503327728697 453
1739807453534 1.5211203176510608 454
1739807453550 1.5210909288493604 455
1739807453567 1.521062153046386 456
1739807453586 1.5210339772078367 457
1739807453605 1.5210063885802647 458
1739807453623 1.5209793746849527 459
1739807453637 1.5209529233119343 460
1739807453651 1.520927022514163 461
1739807453662 1.520901660601778 462
1739807453678 1.520876826136522 463
1739807453694 1.5208525079262754 464
1739807453701 1.5208286950196936 465
1739807453721 1.520805376700986 466
1739807453735 1.5207825424847992 467
1739807453748 1.5207601821112002 468
1739807453762 1.520738285540793 469
1739807453766 1.5207168429499267 470
1739807453783 1.5206958447260044 471
1739807453801 1.5206752814629152 472
1739807453815 1.5206551439565363 473
1739807453816 1.5206354232003703 474
1739807453833 1.5206161103812408 475
1739807453850 1.520597196875102 476
1739807453867 1.5205786742429552 477
1739807453882 1.520560534226807 478
1739807453895 1.5205427687457735 479
1739807453902 1.5205253698922208 480
1739807453918 1.5205083299280262 481
1739807453934 1.5204916412808915 482
1739807453949 1.5204752965407633 483
1739807453967 1.5204592884563157 484
