1739810110419 32.00227642790659 0
1739810110501 11.160550605015999 1
1739810110571 9.749223617272204 2
1739810110660 4.675665591629829 3
1739810110737 4.048467582729684 4
1739810110804 1.2557602027040906 5
1739810110889 0.13352610904286635 6
1739810110969 1.251761298286088 7
1739810111040 1.2206159051940555 8
1739810111119 2.7824629797771396 9
1739810111198 1.9798664216319821 10
1739810111262 1.8264821781228764 11
1739810111347 0.7333019530050785 12
1739810111419 2.2066046520438145 13
1739810111499 1.1319409201344348 14
1739810111594 1.2352338985770257 15
1739810111681 1.5176903017900296 16
1739810111760 1.2396161803058985 17
1739810111832 2.0294214309579597 18
1739810111896 1.8868995071208772 19
1739810111975 1.4898235179527073 20
1739810112063 1.1034465395123867 21
1739810112144 0.9017704616134796 22
1739810112213 0.7737734283319669 23
1739810112304 0.6105636715348653 24
1739810112371 2.579460333496223 25
1739810112458 0.8367981073575863 26
1739810112525 1.1857567354732519 27
1739810112611 1.3735884262055733 28
1739810112694 3.3710472485138836 29
1739810112772 1.8905793014032304 30
1739810112850 0.4712302489930805 31
1739810112914 1.446629871156703 32
1739810112993 0.9810748568299705 33
1739810113076 1.2434137204206497 34
1739810113155 1.9564171603984004 35
1739810113232 0.2189921690461404 36
1739810113307 2.677705412804749 37
1739810113381 2.2022650430781585 38
1739810113457 3.2236530471342957 39
1739810113531 2.394282345937456 40
1739810113615 1.6801087300191908 41
1739810113688 0.6393659308753841 42
1739810113751 1.222323934425467 43
1739810113831 1.5222552139621774 44
1739810113910 1.5180800774761831 45
1739810113991 1.4862605996957192 46
1739810114055 2.454236360100593 47
1739810114142 2.0106272735493675 48
1739810114226 1.27376996489479 49
1739810114297 1.1269369474790019 50
1739810114381 0.8595227938904132 51
1739810114459 2.0856983060023926 52
1739810114540 1.3284545309974742 53
1739810114622 1.4398956283988082 54
1739810114699 2.0799519252441288 55
1739810114773 2.4391093150614584 56
1739810114852 0.6028069414157043 57
1739810114932 0.9621214113932594 58
1739810115013 2.771217140686414 59
1739810115094 2.905148804747786 60
1739810115156 4.037087018477025 61
1739810115235 1.0906385491829949 62
1739810115315 1.4341146133325549 63
1739810115393 2.4226528728469554 64
1739810115470 1.3339721530693143 65
1739810115545 0.9016590600827704 66
1739810115613 2.0652257493679853 67
1739810115697 0.4820282955296426 68
1739810115774 1.3627598086467052 69
1739810115850 1.0762912985858362 70
1739810115923 0.5784142623750045 71
1739810115987 0.5350651971402166 72
1739810116066 1.0991785927665465 73
1739810116148 0.3081232279864345 74
1739810116225 1.4244917441697926 75
1739810116298 1.5730504518204074 76
1739810116381 2.6930823673047013 77
1739810116455 2.527936283652465 78
1739810116524 0.34210030961212823 79
1739810116604 2.6233198882438264 80
1739810116681 1.4127788090741034 81
1739810116765 1.6610853164175725 82
1739810116848 1.3281023390974591 83
1739810116925 0.8482438197384495 84
1739810116991 1.8784273435134313 85
1739810117070 0.3170689206827028 86
1739810117161 3.671788316103454 87
1739810117229 3.6731715552426487 88
1739810117307 1.0694038241864905 89
1739810117386 0.6154886795200487 90
1739810117449 2.207925876747636 91
1739810117529 1.75132231487108 92
1739810117609 2.1934707324001255 93
1739810117672 2.0450861004925396 94
1739810117752 1.0466132358756184 95
1739810117832 1.0365841314352957 96
1739810117896 1.406638691086801 97
1739810117975 0.8466412959236364 98
1739810118063 1.5804154224475473 99
1739810118134 1.2885160119382777 100
1739810118208 2.0909892430874826 101
1739810118288 2.0461232874308686 102
1739810118365 0.4696678799172619 103
1739810118448 1.1451515143906972 104
1739810118529 1.8324470243450408 105
1739810118591 0.9920557695427162 106
1739810118671 0.8480782720433223 107
1739810118751 0.9890202268465704 108
1739810118814 1.453519180045664 109
1739810118908 1.3480074042913215 110
1739810118973 3.2586608943203617 111
1739810119053 1.8148665428037103 112
1739810119137 0.4252505283441709 113
1739810119214 1.12151140003511 114
1739810119299 2.230857624990853 115
1739810119378 0.9732597783834297 116
1739810119456 1.9712667236360117 117
1739810119537 2.487130616426748 118
1739810119613 2.7894853527365613 119
1739810119688 0.06422967450996973 120
1739810119764 1.909092468434096 121
1739810119839 1.8589208894538536 122
1739810119907 1.4988632595459608 123
1739810119994 0.10081176816912223 124
1739810120066 4.659050344763671 125
1739810120153 0.8937914849337457 126
1739810120229 0.5284134105747853 127
1739810120289 2.948671221497369 128
1739810120369 2.3450872653480035 129
1739810120454 2.832124908464293 130
1739810120531 1.7946552068076782 131
1739810120596 1.5240990034471669 132
1739810120684 1.4744396923781584 133
1739810120759 1.5353049807339605 134
1739810120825 1.3342473865652207 135
1739810120906 2.838056944285496 136
1739810120970 0.057756811475920156 137
1739810121062 0.40218275713741536 138
1739810121128 1.8142754349701296 139
1739810121208 3.1706676119703694 140
1739810121295 1.7122327065593868 141
1739810121367 1.0806752017521102 142
1739810121446 0.899395210652757 143
1739810121509 1.217893466384653 144
1739810121599 1.0601056235408681 145
1739810121668 1.08539539945274 146
1739810121747 1.9089606218576871 147
1739810121811 1.855076065548082 148
1739810121890 0.7719654212593391 149
1739810121969 0.7505003719925456 150
1739810122032 1.8613696172376715 151
1739810122112 1.1638900072924547 152
1739810122197 1.3468876346005474 153
1739810122277 1.1027142668761292 154
1739810122349 0.9017127231289533 155
1739810122432 1.340212555466363 156
1739810122504 2.735225271736652 157
1739810122582 1.0220820635682561 158
1739810122655 2.8121107619392864 159
1739810122718 2.1514674680411128 160
1739810122798 2.6844531070481907 161
1739810122882 1.2293324492044968 162
1739810122958 0.30404540395244506 163
1739810123035 0.5414481641345951 164
1739810123111 2.0809053502174493 165
1739810123174 2.139934012946277 166
1739810123257 0.5714552881332922 167
1739810123343 1.887141402276512 168
1739810123406 1.2021911466356803 169
1739810123486 0.9939653778036501 170
1739810123569 1.0891209541556146 171
1739810123653 1.2760662131429017 172
1739810123734 1.2613998943767615 173
1739810123812 0.6572386438340737 174
1739810123875 1.7878721167370255 175
1739810123954 1.0779450507221688 176
1739810124034 0.8345349953278048 177
1739810124098 0.34383657887445507 178
1739810124187 0.8583753717201797 179
1739810124261 0.9007567992011791 180
1739810124338 1.3362423189242296 181
1739810124424 2.0397502801430343 182
1739810124500 0.774307499949763 183
1739810124571 2.0006187615785898 184
1739810124651 2.2950672814273547 185
1739810124726 1.0772111904922854 186
1739810124806 1.2574212935749889 187
1739810124874 0.4727599810527391 188
1739810124956 1.3885144990642722 189
1739810125017 2.253397239292999 190
1739810125096 0.8582561707912983 191
1739810125176 0.5884600718026616 192
1739810125255 1.1133612124925143 193
1739810125319 1.1108147892845734 194
1739810125410 0.5365929749649054 195
1739810125481 1.5972597943103561 196
1739810125566 0.5954663616698516 197
1739810125647 1.9436744493065135 198
1739810125725 0.09969752594544865 199
1739810125807 2.290821269587042 200
1739810125873 2.885509500131993 201
1739810125960 1.9650835023868025 202
1739810126032 0.7008812396320584 203
1739810126109 2.9786388390608756 204
1739810126172 2.965439604241589 205
1739810126261 0.02163363285343444 206
1739810126334 1.9819778743576535 207
1739810126417 1.6879383790380023 208
1739810126478 0.9349003819372229 209
1739810126566 0.7394427977942424 210
1739810126643 0.9703585337656946 211
1739810126716 1.333753961037324 212
1739810126794 1.512794203058827 213
1739810126867 1.8781906179208339 214
1739810126951 3.854618352158061 215
1739810127026 1.879850496237496 216
1739810127094 0.07024239286440238 217
1739810127174 1.4847509825584735 218
1739810127237 0.903544247360769 219
1739810127316 1.6300696318248016 220
1739810127394 1.1241330409444317 221
1739810127473 1.3253490683336784 222
1739810127550 1.6189576519091236 223
1739810127629 0.2416759272759753 224
1739810127714 1.6976688699046005 225
1739810127785 1.0202740574335387 226
1739810127860 1.022114849257307 227
1739810127944 1.5488798625871132 228
1739810128018 2.7886982225215062 229
1739810128098 1.4779301410650587 230
1739810128161 1.1032101562794143 231
1739810128244 1.514775364507894 232
1739810128307 1.4469538300271465 233
1739810128387 1.0190382115039531 234
1739810128466 0.8273334071183325 235
1739810128545 2.331747150183235 236
1739810128625 0.4674797092617007 237
1739810128688 1.7218583144212154 238
1739810128774 2.7919998086398956 239
1739810128848 1.8062767614283757 240
1739810128927 0.751566173613016 241
1739810128991 1.878604242552066 242
1739810129071 1.4231932009583075 243
1739810129151 0.2868685872287665 244
1739810129230 0.42499298747375763 245
1739810129301 1.1921426752395485 246
1739810129383 2.340650292623452 247
1739810129461 0.7544911042138619 248
1739810129538 0.1689321811288059 249
1739810129608 4.076800932789243 250
1739810129672 1.2654535418593609 251
1739810129761 1.035183227655143 252
1739810129827 1.6261866600788248 253
1739810129907 3.22932657411342 254
1739810129986 0.2869059607654741 255
1739810130066 1.2176820738662926 256
1739810130130 2.7430513800263747 257
1739810130208 1.8060678201944549 258
1739810130289 2.2144660555266236 259
1739810130374 1.327170127203863 260
1739810130448 1.685378227784995 261
1739810130511 1.4955477177477325 262
1739810130600 2.9184772032945547 263
1739810130661 0.975808178568304 264
1739810130741 1.5582128392177064 265
1739810130811 1.933271004421786 266
1739810130890 1.6286354056209495 267
1739810130969 0.0031653729175954433 268
1739810131049 0.9075340849005352 269
1739810131112 1.5488344684530264 270
1739810131191 1.3441618355428422 271
1739810131271 1.0011190801808372 272
1739810131334 1.4836915388453276 273
1739810131414 0.8679928483434338 274
1739810131498 1.4973449297393269 275
1739810131558 1.5995773389943346 276
1739810131649 0.7725067031534506 277
1739810131732 2.155149355381989 278
1739810131812 1.684589064825448 279
1739810131892 1.5357586827722685 280
1739810131977 0.571220217720081 281
1739810132053 2.459690025397786 282
1739810132132 1.1226159391977102 283
1739810132195 1.652518423956153 284
1739810132286 0.5411577340651439 285
1739810132365 1.0147945601674044 286
1739810132448 1.7327328088671328 287
1739810132528 2.013414982784223 288
1739810132605 1.9456556347830214 289
1739810132680 2.1397960810957684 290
