1739809052644 165.07741966632386 0
1739809052660 158.56878388409396 1
1739809052676 158.06642036428738 2
1739809052676 157.4488983645622 3
1739809052692 156.83622853150564 4
1739809052708 156.22602499130008 5
1739809052724 155.6183242101825 6
1739809052740 155.01311475238373 7
1739809052756 154.4103861760774 8
1739809052772 153.81012806512098 9
1739809052772 153.21233004803398 10
1739809052799 152.61698179742885 11
1739809052812 152.02407302982994 12
1739809052819 151.43359350548513 13
1739809052835 150.84553302817878 14
1739809052851 150.2598814450455 15
1739809052851 149.67662864638444 16
1739809052867 149.0957645654747 17
1739809052882 148.5172791783911 18
1739809052899 147.9411625038215 19
1739809052914 147.36740460288402 20
1739809052931 146.79599557894545 21
1739809052946 146.22692557744074 22
1739809052962 145.66018478569268 23
1739809052978 145.09576343273287 24
1739809052994 144.5336517891229 25
1739809052994 143.97384016677705 26
1739809053010 143.41631891878492 27
1739809053026 142.86107843923557 28
1739809053042 142.3081091630418 29
1739809053058 141.7574015657656 30
1739809053074 141.2089461634442 31
1739809053074 140.662733512417 32
1739809053090 140.11875420915266 33
1739809053106 139.576998890078 34
1739809053122 139.03745823140653 35
1739809053138 138.5001229489686 36
1739809053154 137.96498379804163 37
1739809053170 137.43203157318132 38
1739809053170 136.9012571080538 39
1739809053186 136.37265127526814 40
1739809053201 135.8462049862097 41
1739809053217 135.32190919087444 42
1739809053233 134.79975487770352 43
1739809053249 134.27973307341884 44
1739809053249 133.76183484285943 45
1739809053265 133.24605128881822 46
1739809053281 132.73237355187973 47
1739809053297 132.2207928102584 48
1739809053313 131.71130027963758 49
1739809053329 131.20388721300935 50
1739809053329 130.6985449005148 51
1739809053345 130.1952646692851 52
1739809053361 129.69403788328344 53
1739809053376 129.19485594314727 54
1739809053393 128.6977102860316 55
1739809053393 128.20259238545268 56
1739809053409 127.70949375113254 57
1739809053425 127.21840592884409 58
1739809053441 126.7293205002569 59
1739809053457 126.24222908278378 60
1739809053472 125.75712332942773 61
1739809053489 125.27399492862988 62
1739809053489 124.79283560411777 63
1739809053504 124.31363711475464 64
1739809053526 123.83639125438891 65
1739809053537 123.36108985170479 66
1739809053552 122.8877247700731 67
1739809053568 122.41628790740312 68
1739809053568 121.94677119599471 69
1739809053584 121.47916660239139 70
1739809053599 121.01346612723373 71
1739809053615 120.54966180511377 72
1739809053631 120.08774570442957 73
1739809053646 119.6277099272409 74
1739809053646 119.16954660912512 75
1739809053662 118.71324791903392 76
1739809053678 118.25880605915066 77
1739809053694 117.80621326474821 78
1739809053710 117.35546180404741 79
1739809053726 116.90654397807636 80
1739809053726 116.45945212053005 81
1739809053742 116.01417859763062 82
1739809053758 115.57071580798844 83
1739809053774 115.12905618246347 84
1739809053789 114.6891921840276 85
1739809053806 114.2511163076271 86
1739809053821 113.8148210800461 87
1739809053837 113.38029905977045 88
1739809053837 112.94754283685215 89
1739809053853 112.51654503277439 90
1739809053870 112.08729830031731 91
1739809053886 111.65979532342402 92
1739809053901 111.23402881706753 93
1739809053917 110.80999152711804 94
1739809053933 110.38767623021094 95
1739809053949 109.96707573361515 96
1739809053949 109.54818287510236 97
1739809053965 109.13099052281642 98
1739809053981 108.7154915751439 99
1739809053997 108.30167896058437 100
1739809054013 107.88954563762196 101
1739809054029 107.47908459459718 102
1739809054045 107.07028884957923 103
1739809054045 106.66315145023904 104
1739809054061 106.2576654737227 105
1739809054077 105.8538240265254 106
1739809054092 105.45162024436618 107
1739809054108 105.05104729206298 108
1739809054108 104.65209836340813 109
1739809054124 104.25476668104473 110
1739809054140 103.85904549634324 111
1739809054156 103.46492808927883 112
1739809054172 103.07240776830895 113
1739809054188 102.68147787025178 114
1739809054204 102.29213176016506 115
1739809054204 101.90436283122526 116
1739809054220 101.51816450460757 117
1739809054236 101.13353022936626 118
1739809054252 100.75045348231542 119
1739809054268 100.36892776791055 120
1739809054284 99.98894661813024 121
1739809054300 99.61050359235884 122
1739809054300 99.23359227726908 123
1739809054316 98.8582062867057 124
1739809054332 98.4843392615692 125
1739809054348 98.11198486970045 126
1739809054364 97.74113680576538 127
1739809054379 97.37178879114052 128
1739809054379 97.00393457379879 129
1739809054395 96.63756792819605 130
1739809054411 96.27268265515777 131
1739809054427 95.90927258176647 132
1739809054443 95.54733156124962 133
1739809054443 95.18685347286784 134
1739809054459 94.82783222180379 135
1739809054475 94.47026173905138 136
1739809054491 94.11413598130557 137
1739809054506 93.75944893085256 138
1739809054523 93.40619459546053 139
1739809054538 93.05436700827073 140
1739809054538 92.70396022768914 141
1739809054555 92.3549683372786 142
1739809054571 92.00738544565137 143
1739809054586 91.66120568636202 144
1739809054603 91.31642321780112 145
1739809054618 90.97303222308898 146
1739809054618 90.63102690997015 147
1739809054634 90.29040151070824 148
1739809054650 89.95115028198116 149
1739809054666 89.61326750477699 150
1739809054682 89.27674748429001 151
1739809054698 88.94158454981745 152
1739809054714 88.60777305465652 153
1739809054714 88.27530737600193 154
1739809054730 87.94418191484392 155
1739809054745 87.61439109586655 156
1739809054761 87.28592936734653 157
1739809054781 86.95879120105266 158
1739809054794 86.63297109214533 159
1739809054803 86.30846355907673 160
1739809054809 85.98526314349142 161
1739809054824 85.66336441012731 162
1739809054841 85.34276194671705 163
1739809054857 85.02345036388985 164
1739809054878 84.70542429507378 165
1739809054888 84.38867839639843 166
1739809054904 84.07320734659794 167
1739809054921 83.75900584691458 168
1739809054936 83.44606862100262 169
1739809054936 83.13439041483277 170
1739809054952 82.82396599659666 171
1739809054979 82.51479015661235 172
1739809054992 82.20685770722956 173
1739809055000 81.90016348273583 174
1739809055015 81.59470233926287 175
1739809055031 81.2904691546932 176
1739809055031 80.98745882856744 177
1739809055048 80.68566628199183 178
1739809055063 80.38508645754624 179
1739809055079 80.08571431919239 180
1739809055095 79.78754485218278 181
1739809055111 79.49057306296972 182
1739809055127 79.19479397911482 183
1739809055142 78.90020264919904 184
1739809055148 78.60679414273295 185
1739809055159 78.31456355006728 186
1739809055175 78.02350598230419 187
1739809055191 77.73361657120859 188
1739809055206 77.4448904691201 189
1739809055222 77.15732284886508 190
1739809055222 76.87090890366936 191
1739809055238 76.5856438470712 192
1739809055254 76.30152291283451 193
1739809055270 76.01854135486266 194
1739809055286 75.73669444711261 195
1739809055302 75.45597748350912 196
1739809055318 75.17638577785982 197
1739809055318 74.89791466377028 198
1739809055334 74.62055949455952 199
1739809055350 74.34431564317595 200
1739809055366 74.06917850211366 201
1739809055382 73.79514348332899 202
1739809055398 73.52220601815752 203
1739809055413 73.25036155723149 204
1739809055417 72.97960557039733 205
1739809055429 72.70993354663383 206
1739809055445 72.44134099397056 207
1739809055461 72.17382343940642 208
1739809055477 71.90737642882901 209
1739809055493 71.64199552693383 210
1739809055493 71.37767631714418 211
1739809055509 71.11441440153132 212
1739809055525 70.85220540073483 213
1739809055541 70.59104495388351 214
1739809055557 70.33092871851652 215
1739809055573 70.07185237050484 216
1739809055573 69.81381160397308 217
1739809055589 69.55680213122173 218
1739809055605 69.30081968264957 219
1739809055621 69.04586000667656 220
1739809055639 68.79191886966689 221
1739809055653 68.53899205585263 222
1739809055653 68.2870753672574 223
1739809055669 68.0361646236206 224
1739809055684 67.78625566232182 225
1739809055700 67.53734433830567 226
1739809055716 67.2894265240069 227
1739809055732 67.0424981092758 228
1739809055748 66.79655500130394 229
1739809055748 66.55159312455035 230
1739809055764 66.30760842066773 231
1739809055779 66.06459684842935 232
1739809055801 65.8225543836559 233
1739809055811 65.58147701914294 234
1739809055828 65.34136076458849 235
1739809055844 65.10220164652098 236
1739809055844 64.86399570822753 237
1739809055860 64.62673900968251 238
1739809055876 64.39042762747644 239
1739809055892 64.15505765474506 240
1739809055908 63.92062520109905 241
1739809055924 63.68712639255352 242
1739809055924 63.45455737145835 243
1739809055940 63.2229142964284 244
1739809055956 62.99219334227429 245
1739809055972 62.76239069993339 246
1739809055988 62.533502576401 247
1739809056005 62.30552519466202 248
1739809056005 62.078454793622804 249
1739809056020 61.852287628043236 250
1739809056036 61.62701996846928 251
1739809056051 61.40264810116564 252
1739809056067 61.17916832804887 253
1739809056083 60.95657696662056 254
1739809056099 60.73487034990108 255
1739809056099 60.51404482636336 256
1739809056115 60.294096759867074 257
1739809056131 60.07502252959312 258
1739809056147 59.85681852997835 259
1739809056163 59.63948117065049 260
1739809056163 59.42300687636356 261
1739809056179 59.20739208693337 262
1739809056195 58.99263325717331 263
1739809056211 58.77872685683058 264
1739809056234 58.56566937052249 265
1739809056250 58.35345729767318 266
1739809056266 58.14208715245046 267
1739809056282 57.93155546370312 268
1739809056290 57.72185877489835 269
1739809056305 57.512993644059506 270
1739809056321 57.30495664370405 271
1739809056337 57.097744360781924 272
1739809056337 56.89135339661398 273
1739809056353 56.68578036683087 274
1739809056369 56.48102190131206 275
1739809056385 56.27707464412517 276
1739809056401 56.073935253465514 277
1739809056417 55.871600401596034 278
1739809056417 55.6700667747873 279
1739809056433 55.46933107325792 280
1739809056449 55.26939001111515 281
1739809056465 55.070240316295745 282
1739809056481 54.87187873050706 283
1739809056497 54.6743020091685 284
1739809056497 54.47750692135304 285
1739809056513 54.28149024972915 286
1739809056529 54.08624879050295 287
1739809056545 53.8917793533605 288
1739809056561 53.69807876141046 289
1739809056577 53.50514385112695 290
1739809056592 53.31297147229267 291
1739809056609 53.12155848794226 292
1739809056609 52.93090177430579 293
1739809056624 52.74099822075274 294
1739809056641 52.55184472973598 295
1739809056657 52.36343821673614 296
1739809056673 52.175775610206095 297
1739809056689 51.98885385151582 298
1739809056689 51.80266989489741 299
1739809056704 51.61722070739026 300
1739809056720 51.43250326878672 301
1739809056736 51.24851457157765 302
1739809056752 51.06525162089851 303
1739809056768 50.88271143447549 304
1739809056768 50.70089104257194 305
1739809056784 50.51978748793508 306
1739809056800 50.339397825742786 307
1739809056816 50.15971912355078 308
1739809056831 49.98074846123994 309
1739809056847 49.80248293096383 310
1739809056847 49.62491963709657 311
1739809056863 49.448055696180695 312
1739809056879 49.27188823687559 313
1739809056895 49.096414399905775 314
1739809056911 48.92163133800965 315
1739809056927 48.74753621588836 316
1739809056927 48.574126210154986 317
1739809056943 48.40139850928374 318
1739809056968 48.22935031355965 319
1739809056982 48.05797883502824 320
1739809056989 47.88728129744552 321
1739809057005 47.717254936228215 322
1739809057022 47.54789699840413 323
1739809057038 47.37920474256282 324
1739809057038 47.21117543880633 325
1739809057053 47.04380636870032 326
1739809057069 46.877094825225285 327
1739809057086 46.71103811272804 328
1739809057102 46.54563354687331 329
1739809057117 46.38087845459569 330
1739809057117 46.21677017405166 331
1739809057140 46.05330605457194 332
1739809057160 45.8904834566139 333
1739809057173 45.72829975171428 334
1739809057180 45.56675232244213 335
1739809057196 45.40583856235184 336
1739809057212 45.24555587593648 337
1739809057212 45.08590167858129 338
1739809057229 44.92687339651731 339
1739809057244 44.76846846677543 340
1739809057260 44.61068433714029 341
1739809057276 44.45351846610471 342
1739809057276 44.296968322824114 343
1739809057296 44.141031387071216 344
1739809057308 43.98570514919089 345
1739809057324 43.83098711005525 346
1739809057341 43.676874781018874 347
1739809057356 43.52336568387431 348
1739809057356 43.37045735080766 349
1739809057373 43.21814732435441 350
1739809057391 43.066433157355526 351
1739809057404 42.91531241291353 352
1739809057421 42.764782664349035 353
1739809057437 42.61484149515722 354
1739809057437 42.46548649896465 355
1739809057453 42.31671527948619 356
1739809057469 42.168525450482186 357
1739809057490 42.020914635715755 358
1739809057500 41.8738804689103 359
1739809057516 41.72742059370714 360
1739809057516 41.58153266362349 361
1739809057532 41.43621434201038 362
1739809057550 41.29146330201097 363
1739809057564 41.14727722651886 364
1739809057580 41.00365380813682 365
1739809057596 40.860590749135376 366
1739809057612 40.718085761411885 367
1739809057612 40.57613656644953 368
1739809057628 40.434740895276704 369
1739809057644 40.29389648842639 370
1739809057660 40.15360109589587 371
1739809057676 40.013852477106454 372
1739809057676 39.87464840086353 373
1739809057692 39.73598664531662 374
1739809057708 39.59786499791981 375
1739809057724 39.460281255392154 376
1739809057740 39.323233223678386 377
1739809057756 39.18671871790968 378
1739809057756 39.05073556236473 379
1739809057772 38.91528159043085 380
1739809057789 38.7803546445653 381
1739809057805 38.64595257625679 382
1739809057821 38.512073245987196 383
1739809057837 38.37871452319325 384
1739809057837 38.245874286228656 385
1739809057853 38.113550422326156 386
1739809057869 37.981740827559854 387
1739809057885 37.85044340680771 388
1739809057901 37.71965607371416 389
1739809057916 37.589376750652875 390
1739809057916 37.45960336868974 391
1739809057932 37.33033386754599 392
1739809057948 37.20156619556139 393
1739809057964 37.07329830965775 394
1739809057981 36.945528175302435 395
1739809057997 36.81825376647216 396
1739809058013 36.691473065616805 397
1739809058013 36.565184063623526 398
1739809058029 36.43938475978092 399
1739809058044 36.314073161743394 400
1739809058060 36.18924728549563 401
1739809058076 36.06490515531731 402
1739809058092 35.941044803747836 403
1739809058110 35.817664271551344 404
1739809058113 35.694761607681805 405
1739809058123 35.572334869248266 406
1739809058140 35.45038212148026 407
1739809058156 35.32890143769337 408
1739809058171 35.20789089925487 409
1739809058187 35.087348595549685 410
1739809058187 34.967272623946265 411
1739809058203 34.84766108976278 412
1739809058219 34.72851210623341 413
1739809058235 34.60982379447475 414
1739809058251 34.49159428345237 415
1739809058267 34.37382170994756 416
1739809058282 34.25650421852416 417
1739809058282 34.13963996149557 418
1739809058298 34.02322709889188 419
1739809058314 33.90726379842713 420
1739809058330 33.79174823546678 421
1739809058347 33.676678592995216 422
1739809058362 33.56205306158346 423
1739809058362 33.44786983935704 424
1739809058378 33.334127131963875 425
1739809058394 33.2208231525425 426
1739809058412 33.107956121690194 427
1739809058426 32.995524267431456 428
1739809058442 32.88352582518647 429
1739809058458 32.771959037739755 430
1739809058458 32.66082215520896 431
1739809058474 32.55011343501379 432
1739809058490 32.43983114184504 433
1739809058506 32.329973547633784 434
1739809058522 32.220538931520686 435
1739809058538 32.11152557982546 436
1739809058554 32.00293178601641 437
1739809058554 31.8947558506802 438
1739809058570 31.78699608149161 439
1739809058586 31.679650793183555 440
1739809058602 31.57271830751717 441
1739809058618 31.466196953252002 442
1739809058633 31.36008506611639 443
1739809058633 31.254380988777932 444
1739809058649 31.149083070814072 445
1739809058665 31.044189668682844 446
1739809058681 30.93969914569369 447
1739809058697 30.83560987197848 448
1739809058713 30.731920224462584 449
1739809058729 30.628628586836097 450
1739809058729 30.525733349525204 451
1739809058745 30.42323290966362 452
1739809058760 30.321125671064188 453
1739809058776 30.219410044190603 454
1739809058792 30.118084446129245 455
1739809058808 30.01714730056112 456
1739809058808 29.916597037733933 457
1739809058824 29.816432094434273 458
1739809058839 29.716650913959963 459
1739809058855 29.61725194609243 460
1739809058876 29.518233647069298 461
1739809058888 29.419594479557034 462
1739809058888 29.321332912623735 463
1739809058904 29.223447421712002 464
1739809058920 29.125936488611988 465
1739809058935 29.028798601434502 466
1739809058952 28.93203225458425 467
1739809058967 28.83563594873322 468
1739809058973 28.73960819079411 469
1739809058983 28.643947493893954 470
1739809058999 28.54865237734779 471
1739809059015 28.45372136663247 472
1739809059031 28.3591529933606 473
1739809059047 28.26494579525456 474
1739809059047 28.171098316120663 475
1739809059063 28.07760910582336 476
1739809059079 27.984476720259657 477
1739809059095 27.891699721333588 478
1739809059111 27.799276676930745 479
1739809059127 27.70720616089302 480
1739809059127 27.615486752993384 481
1739809059155 27.52411703891077 482
1739809059168 27.433095610205154 483
1739809059174 27.34242106429259 484
1739809059190 27.252092004420497 485
1739809059206 27.16210703964297 486
1739809059222 27.072464784796217 487
1739809059222 26.983163860474086 488
1739809059238 26.89420289300376 489
1739809059254 26.80558051442145 490
1739809059269 26.717295362448287 491
1739809059286 26.629346080466266 492
1739809059289 26.541731317494285 493
1739809059301 26.454449728164345 494
1739809059317 26.367499972697804 495
1739809059341 26.280880716881708 496
1739809059354 26.194590632045326 497
1739809059364 26.108628395036618 498
1739809059380 26.022992688198997 499
