1739809853291 1.181012194533835 0
1739809853373 2.7709761894777136 1
1739809853451 1.3121365610917066 2
1739809853530 0.9059577405537262 3
1739809853610 1.0991797721377181 4
1739809853673 1.6577500093791044 5
1739809853753 1.6162403492428965 6
1739809853817 1.9347373394775478 7
1739809853880 0.9511472222481484 8
1739809853958 2.5387222910033 9
1739809854037 0.9310420740315521 10
1739809854101 1.191175326050114 11
1739809854164 2.210134466410338 12
1739809854228 1.9006614728161217 13
1739809854308 1.1768547129424154 14
1739809854372 2.325161459475287 15
1739809854461 2.7922743749238497 16
1739809854537 1.4334708487213668 17
1739809854617 1.3860035365801813 18
1739809854697 3.288479842853924 19
1739809854761 1.3138376280506618 20
1739809854824 0.26306236957450424 21
1739809854904 1.0947662917749006 22
1739809854968 1.5045179854084394 23
1739809855032 1.7173020874429625 24
1739809855096 1.8157206580655012 25
1739809855176 0.9059395516738318 26
1739809855239 1.014853263550081 27
1739809855303 3.2176403835101293 28
1739809855382 0.4501034166186887 29
1739809855446 1.6913431130489744 30
1739809855509 1.6007399227570327 31
1739809855573 0.2505542232928888 32
1739809855652 2.887550169090737 33
1739809855715 3.502794767865142 34
1739809855779 0.7303477238763956 35
1739809855858 1.9624619010806805 36
1739809855922 0.763994628983382 37
1739809855985 4.5234868545573 38
1739809856049 1.7358053316919644 39
1739809856128 0.8157674142098933 40
1739809856207 3.1487475431116763 41
1739809856271 1.236594682344831 42
1739809856350 1.6673374512952193 43
1739809856414 1.1495182997209938 44
1739809856477 2.5124738206680735 45
1739809856557 2.7491154938054594 46
1739809856620 1.1608512450030328 47
1739809856683 0.6872804318921202 48
1739809856747 1.3230552165429987 49
1739809856827 1.7278088150753683 50
1739809856890 1.7359396048806794 51
1739809856954 0.5419592862290358 52
1739809857018 0.7505616865076251 53
1739809857097 0.9322975241630304 54
1739809857161 2.2502647626971104 55
1739809857224 1.2991764106983734 56
1739809857288 1.6023970815294943 57
1739809857367 3.1962943371018135 58
1739809857430 0.8806626760740404 59
1739809857493 1.4681938823503984 60
1739809857557 1.0676184734572793 61
1739809857636 0.11272061345025566 62
1739809857700 1.6690836989076108 63
1739809857769 0.33862562578438277 64
1739809857826 1.135627060001156 65
1739809857890 1.6698857512159526 66
1739809857969 1.5758073181686194 67
1739809858033 1.7568226207510544 68
1739809858096 0.5637228459640845 69
1739809858174 2.2978726994446874 70
1739809858238 1.6163508802483701 71
1739809858314 0.17317332514165135 72
1739809858382 0.9115196152530843 73
1739809858445 0.19918387903719148 74
1739809858524 1.1750371319303483 75
1739809858588 0.8016191372152691 76
1739809858653 2.0179533568518444 77
1739809858715 1.189422337627346 78
1739809858795 1.1643003994877315 79
1739809858860 0.7390904490751917 80
1739809858922 0.0477840344632821 81
1739809858986 1.2644427142359929 82
1739809859050 1.580764773977553 83
1739809859134 0.48221800873017145 84
1739809859192 3.1834617620776178 85
1739809859256 2.4776571368082263 86
1739809859319 1.4301518688942019 87
1739809859402 0.06110277152923329 88
1739809859474 0.034787989661387894 89
1739809859541 1.6579278229018168 90
1739809859626 0.7853191599620883 91
1739809859699 3.661853902446123 92
1739809859762 2.416653135450289 93
1739809859826 2.3657726839171045 94
1739809859905 1.180378155041816 95
1739809859969 1.7986681228153272 96
1739809860032 0.27225279926805285 97
1739809860096 1.8972997639616145 98
1739809860176 1.368245257760286 99
1739809860241 0.7211977206958836 100
1739809860303 3.3608208577400474 101
1739809860367 1.1815538356324202 102
1739809860446 0.9542421815421236 103
1739809860510 1.714566141848027 104
1739809860597 1.942598201015599 105
1739809860669 1.2709229511648865 106
1739809860734 2.027492490349465 107
1739809860797 0.6763446257050223 108
1739809860861 0.783882366357849 109
1739809860925 0.7156897867209354 110
1739809861004 1.7036158750600476 111
1739809861070 0.46213852231308317 112
1739809861131 2.161755785978313 113
1739809861195 1.0912321344226277 114
1739809861274 1.1348667260958027 115
1739809861337 1.163859073477735 116
1739809861401 1.4380352967633787 117
1739809861480 2.6809351109059794 118
1739809861544 0.6029155943961179 119
1739809861608 1.8243829850106748 120
1739809861671 0.9772999038274206 121
1739809861750 1.4597820155488406 122
1739809861813 2.6866561457253106 123
1739809861877 0.6420189709655948 124
1739809861941 0.9432443149963775 125
1739809862020 1.8939853154349917 126
1739809862084 0.36113220581756955 127
1739809862149 0.9556863945916236 128
1739809862211 1.191429367210396 129
1739809862289 2.3554668029281802 130
1739809862353 1.0191220226745452 131
1739809862417 1.2324156638115353 132
1739809862497 2.575461583092653 133
1739809862560 0.46081122435084226 134
1739809862624 1.7854945878050397 135
1739809862705 1.0512646459819712 136
1739809862782 0.5238748991398627 137
1739809862846 1.9661525601493843 138
1739809862909 0.49935031520035733 139
1739809862988 1.9656623981097223 140
1739809863052 1.7048835311057895 141
1739809863116 1.2586735904018573 142
1739809863182 0.8310672629182465 143
1739809863243 1.49205769311144 144
1739809863306 0.18099088685710607 145
1739809863386 3.689841164620215 146
1739809863449 0.8885831314703914 147
1739809863513 0.7924058455073583 148
1739809863576 3.0173898596058084 149
1739809863656 1.411712514578185 150
1739809863720 2.106398396616902 151
1739809863783 0.7737269108639578 152
1739809863847 2.286958952389498 153
1739809863926 0.7493867334217165 154
1739809863989 3.7791751367538047 155
1739809864053 1.353236011129005 156
1739809864117 1.7423244019827202 157
1739809864180 1.2760423950102018 158
1739809864259 1.2283647799965547 159
1739809864323 1.2326052587501843 160
1739809864387 1.5641162879337254 161
1739809864450 1.6556871504545891 162
1739809864514 0.921114450825091 163
1739809864597 0.8930443129313806 164
1739809864657 3.382091553299252 165
1739809864721 0.6233283432218513 166
1739809864800 1.3717563279738034 167
1739809864864 3.2742785866262456 168
1739809864943 1.0435030033310753 169
1739809865006 1.4408618464569356 170
1739809865086 3.152198373950669 171
1739809865154 0.6904692164088808 172
1739809865233 1.9413089651491418 173
1739809865308 1.6687810617246461 174
1739809865392 1.587119661133505 175
1739809865466 0.5665345720870034 176
1739809865553 0.8107712151187936 177
1739809865633 0.7199647864029131 178
1739809865712 0.9270055994312002 179
1739809865791 0.7945942639855197 180
1739809865860 0.4094554185623626 181
1739809865924 4.36342062201766 182
1739809866004 2.0982526227610254 183
1739809866067 2.499374695473738 184
1739809866130 1.0571984141152733 185
1739809866210 1.0299251706067485 186
1739809866274 1.4402851977845168 187
1739809866337 1.7175209522585393 188
1739809866403 0.7324463434991539 189
1739809866480 1.103423493923728 190
1739809866543 0.4474054527340939 191
1739809866607 1.4012936724817784 192
1739809866670 2.103599250956161 193
1739809866750 0.6975151522547892 194
1739809866818 1.1826266141843333 195
1739809866876 0.5273962121404318 196
1739809866940 1.6935489705483155 197
1739809867004 1.3552384967146467 198
1739809867093 2.0717726607291054 199
1739809867161 1.290254125198781 200
1739809867241 1.0214020382751958 201
1739809867303 1.0334477238980273 202
1739809867367 1.7552340189078754 203
1739809867447 0.5128680432464989 204
1739809867510 2.4175450730870782 205
1739809867575 0.3113170232588257 206
1739809867639 1.4538867017249475 207
1739809867718 0.9278929058373011 208
1739809867782 2.0619122664690983 209
1739809867845 2.003561618214558 210
1739809867909 1.2331061828998675 211
1739809867988 0.40501418848095405 212
1739809868052 2.008003170611128 213
1739809868116 0.5856379581106728 214
1739809868179 2.003878719626896 215
1739809868243 1.258472464606418 216
1739809868323 1.2813956443230898 217
1739809868386 0.442764296517061 218
1739809868450 2.6760791601112035 219
1739809868529 1.3391868864034449 220
1739809868592 1.8611838385131243 221
1739809868655 1.714698200314862 222
1739809868719 1.406567148028852 223
1739809868799 0.7584343698368604 224
1739809868862 1.018140744306538 225
1739809868925 3.070614416773922 226
1739809868989 0.9991586810890801 227
1739809869053 1.8210883041567623 228
1739809869132 0.28238682941637133 229
1739809869196 1.5158328103771885 230
1739809869259 1.1781535513837376 231
1739809869337 0.6644938729211279 232
1739809869417 0.46001066124671325 233
1739809869481 0.9947186258965275 234
1739809869544 1.002744654991562 235
1739809869608 1.8937411097586088 236
1739809869688 2.129723804174852 237
1739809869751 1.6776540952593186 238
1739809869815 1.9834879943656942 239
1739809869894 2.014391155163032 240
1739809869958 2.3282562746833153 241
1739809870022 0.3338689101820364 242
1739809870085 1.6541808819632584 243
1739809870164 1.040594785856586 244
1739809870228 1.4164328249936702 245
1739809870292 0.6310471576314886 246
1739809870355 1.5256427983191998 247
1739809870419 3.054539696055335 248
1739809870498 0.6914914084301996 249
1739809870561 0.3124726409826699 250
1739809870625 1.088152329239056 251
1739809870688 1.9214342664534805 252
1739809870768 1.3780539210630072 253
1739809870831 0.8555368647437531 254
1739809870895 1.921044095778043 255
1739809870958 1.4963801061125908 256
1739809871038 1.4385537823169945 257
1739809871102 1.379829042644733 258
1739809871166 0.1820847745776079 259
1739809871228 0.18203454214414938 260
1739809871292 1.203165321882948 261
1739809871372 1.4625748885400007 262
1739809871435 1.6356526360279449 263
1739809871516 1.9468334989710663 264
1739809871577 0.8030987292957499 265
1739809871659 0.9711662327515862 266
1739809871730 0.5074463284078571 267
1739809871798 1.691814563306038 268
1739809871861 0.54702451515249 269
1739809871925 0.38223171174023357 270
1739809871989 1.4604138096620236 271
1739809872068 0.5126364091397492 272
1739809872132 0.5901553935805285 273
1739809872196 1.8423217656150563 274
1739809872259 1.6826008037630884 275
1739809872323 2.191163310520749 276
1739809872402 2.6000324087296875 277
1739809872465 2.6307314817339127 278
1739809872529 0.8325912747296913 279
1739809872592 0.732781356992373 280
1739809872672 1.6622590752157764 281
1739809872735 1.2176218633525568 282
1739809872798 1.3245629542419903 283
1739809872861 1.911922336246574 284
1739809872941 2.327363620888101 285
1739809873005 0.00954698786433766 286
1739809873068 1.898185603419458 287
1739809873131 1.4781134106642013 288
1739809873211 1.2991836066956894 289
1739809873275 1.6803875810491873 290
1739809873340 2.322075014835759 291
1739809873401 1.5314865888480826 292
1739809873465 2.3847998160468604 293
1739809873545 2.1674860566647056 294
1739809873608 2.8075040825637827 295
1739809873676 1.3972664571806688 296
1739809873751 2.006491843169277 297
1739809873830 2.5113205524603144 298
1739809873894 1.0072130715479917 299
1739809873958 3.2550849485429434 300
1739809874021 1.4081319445321934 301
1739809874101 1.6895542652395148 302
1739809874164 2.9537185561235724 303
1739809874227 1.3519111848885463 304
1739809874291 0.7851328359252305 305
1739809874356 2.3254737358241546 306
1739809874434 0.49396717901431314 307
1739809874497 1.0133916474885845 308
1739809874561 0.8253436248586944 309
1739809874625 1.2298725979541214 310
1739809874703 1.8215057881592793 311
1739809874767 1.1665818221141862 312
1739809874831 0.8394032925692407 313
1739809874915 0.5822798524836125 314
1739809874974 0.937497591166692 315
1739809875037 1.5831237761366304 316
1739809875101 1.078939336721468 317
1739809875180 0.33556138711718686 318
1739809875244 0.05302042631476632 319
1739809875307 1.3051935896181224 320
1739809875373 1.5836295300745649 321
1739809875451 1.9687873682758124 322
1739809875515 1.4307115463682187 323
1739809875578 1.4435536502126987 324
1739809875641 1.665091890171891 325
1739809875705 0.8360286547810047 326
1739809875784 1.7701409661967977 327
1739809875848 1.744678702927687 328
1739809875926 1.5247743725932048 329
1739809875991 2.0350559701175914 330
1739809876071 0.8617195824394507 331
1739809876134 1.1161217192336623 332
1739809876198 2.2332229722068653 333
1739809876261 0.773909117308667 334
1739809876325 0.7132722594924513 335
1739809876405 0.7596393917178993 336
1739809876468 1.0435419978746927 337
1739809876532 2.5346247385829668 338
1739809876595 1.3138678104472854 339
1739809876675 2.174744336782224 340
1739809876738 1.3818416237644269 341
1739809876801 1.7762222399079413 342
1739809876864 2.585634026745478 343
1739809876944 1.6861081686956223 344
1739809877007 1.0805975076250156 345
1739809877071 1.4805611656395954 346
1739809877136 0.7624207649987176 347
1739809877215 1.7967146137297934 348
1739809877278 0.9960332570837747 349
1739809877342 1.3122481413564073 350
1739809877408 2.5577618953765677 351
1739809877485 1.0170143518182733 352
1739809877548 1.7301280093678617 353
1739809877611 2.207864876848675 354
1739809877675 0.47836299650461384 355
1739809877755 1.3549557595046815 356
1739809877818 2.477857344722376 357
1739809877881 0.24425649261395024 358
1739809877961 1.941631208528827 359
1739809878024 1.7719700044547597 360
1739809878102 0.5856780144282119 361
1739809878168 1.1460161836354401 362
1739809878247 2.471421179952583 363
1739809878309 1.3317654013903484 364
1739809878373 2.0989628835005893 365
1739809878453 0.1718487749197692 366
1739809878517 1.9449253507211697 367
1739809878580 1.766589524093946 368
1739809878645 2.334654718665457 369
1739809878708 1.1967865825558146 370
1739809878788 4.283046284335221e-06 371
1739809878852 1.67081521420314 372
1739809878916 3.0348775788793376 373
1739809878979 1.9229554716730368 374
1739809879059 1.6738393165730021 375
1739809879138 1.2832812506472895 376
1739809879202 0.8799677581269205 377
1739809879281 2.3382330888886282 378
1739809879360 2.487845173767724 379
1739809879442 1.3939083371174608 380
1739809879503 3.3762821949092277 381
1739809879568 1.8348881491175917 382
1739809879646 1.9046121764924218 383
1739809879709 0.7906932067386382 384
1739809879773 1.5287359912984668 385
1739809879853 1.6968841997004216 386
1739809879917 0.6336330749141772 387
1739809879980 1.6020350922772255 388
1739809880044 2.5797798426882315 389
1739809880108 2.099068100137812 390
1739809880172 2.2797186682094366 391
1739809880251 1.0179367945251556 392
1739809880329 1.198850809178489 393
1739809880394 1.4460314308169797 394
1739809880473 2.021796623548 395
1739809880537 0.5120410741601774 396
1739809880600 2.3375959887538307 397
1739809880664 2.7873833984115057 398
1739809880728 0.9232499812273357 399
1739809880807 1.2857401435928404 400
1739809880871 3.55257944474113 401
1739809880935 5.138527526467519 402
1739809880999 0.46871924219284133 403
1739809881078 0.5804924221044315 404
1739809881141 1.136755631845578 405
1739809881205 3.1153053505461523 406
1739809881268 1.3420374417253496 407
1739809881347 1.755208886094566 408
1739809881424 1.6478901424657575 409
1739809881506 1.6181880785101432 410
1739809881570 3.0290323192557214 411
1739809881650 0.8375340928272534 412
1739809881713 2.7906327202251022 413
1739809881776 3.110389430390027 414
1739809881840 1.448997742508517 415
1739809881920 2.3839493659301634 416
1739809881984 1.5175721301098497 417
1739809882052 0.5163000381506079 418
1739809882113 1.1949690728651146 419
1739809882175 1.2474493341291415 420
1739809882254 1.568392237453442 421
1739809882317 0.12239269355337953 422
1739809882381 1.1460693150474535 423
1739809882459 1.8883759356246894 424
1739809882534 0.771496838079542 425
1739809882616 0.9660549670777708 426
1739809882699 2.8088963460264726 427
1739809882763 2.08012893010895 428
1739809882843 0.6700171557763864 429
1739809882907 0.8684797676518837 430
1739809882970 3.1288944170421793 431
1739809883050 2.860745837986481 432
1739809883113 0.2113579909257533 433
1739809883177 2.317381797044881 434
1739809883241 0.7911160987259264 435
1739809883321 0.9887150315314003 436
1739809883400 0.8877418697771762 437
1739809883463 1.0187143259566733 438
1739809883543 1.5168983637095705 439
1739809883606 0.46348349453217585 440
1739809883676 2.7457591085124973 441
1739809883734 2.43274018001087 442
1739809883819 2.714161699019666 443
1739809883893 0.7905181433989558 444
1739809883957 1.4647754048202126 445
1739809884023 0.47474505641885967 446
1739809884084 2.643109382434006 447
1739809884163 1.7512703453620164 448
1739809884227 1.4022538281785442 449
1739809884290 1.9312959273374029 450
1739809884354 1.0893431711941002 451
1739809884434 2.6609938978056187 452
1739809884497 1.289329939767283 453
1739809884560 2.1169479385113843 454
1739809884626 1.4184789758900034 455
1739809884708 2.451638210712335 456
1739809884781 0.5673564256960898 457
1739809884861 1.0449325661177924 458
1739809884924 1.3406292882386948 459
1739809884988 2.0839227034180596 460
1739809885068 1.5398691945444063 461
1739809885131 3.005089892268913 462
1739809885195 3.1263494555576745 463
1739809885261 0.4341995350389161 464
1739809885339 1.4981126101374362 465
1739809885402 0.11316644216277358 466
1739809885466 0.8790353858302548 467
1739809885545 1.7542493150116798 468
1739809885608 1.4537810937094455 469
1739809885672 1.5763088637371343 470
1739809885735 0.8469050693581212 471
1739809885816 2.573674489294362 472
1739809885878 1.499719310742895 473
1739809885942 2.3534797747717224 474
1739809886022 1.9522346846978322 475
1739809886085 0.1606645009937543 476
1739809886148 2.0166707148077796 477
1739809886212 0.893453132034481 478
1739809886292 0.3979779704832235 479
1739809886355 2.1625114284643154 480
1739809886419 2.1032632601057926 481
1739809886482 0.6847449152613196 482
1739809886561 0.4952045712866108 483
1739809886629 0.5718031758973272 484
1739809886689 1.700922005960583 485
1739809886768 1.1295586649329172 486
1739809886832 0.41933845375232986 487
1739809886910 1.7917884230813914 488
1739809886974 0.8870540654853936 489
1739809887054 2.259076917163771 490
1739809887118 1.2630065978747087 491
1739809887181 0.7837116637288343 492
1739809887260 1.348055282729809 493
1739809887339 2.3246563954382116 494
1739809887419 1.4144941701528015 495
1739809887483 2.7536611918128844 496
1739809887547 1.781949045734178 497
1739809887626 1.3361564650406859 498
1739809887689 0.8896629001344433 499
