1739809257306 137.72756797877432 0
1739809257328 103.4368650005779 1
1739809257345 78.27181621161881 2
1739809257365 58.65767053721029 3
1739809257382 43.64933057906659 4
1739809257400 34.309589417860096 5
1739809257416 26.147751580964208 6
1739809257437 21.290459304667003 7
1739809257454 16.22460404340416 8
1739809257472 13.188697075108513 9
1739809257487 9.8023845606458 10
1739809257505 8.126827192524434 11
1739809257521 7.559194814825996 12
1739809257539 5.797128325726687 13
1739809257559 5.128992025911462 14
1739809257576 4.383522563633311 15
1739809257593 3.6574786714499146 16
1739809257610 3.6897432826612264 17
1739809257625 2.970916520642599 18
1739809257642 3.023131227095321 19
1739809257656 2.7632065109675055 20
1739809257674 2.5742631426461187 21
1739809257684 2.3424663012373306 22
1739809257704 2.293714291670615 23
1739809257716 1.7580570850745207 24
1739809257732 1.7963976271478088 25
1739809257747 2.163333247222234 26
1739809257763 1.7485927243627217 27
1739809257779 1.9509116819245742 28
1739809257795 1.6442612802046062 29
1739809257810 1.7450298952917733 30
1739809257815 1.5357769803970036 31
1739809257826 1.6693185968306998 32
1739809257845 1.6522473238609612 33
1739809257859 1.4796412898597195 34
1739809257874 1.615874780523974 35
1739809257890 1.5554823275822567 36
1739809257906 1.61466900689253 37
1739809257922 1.6409731093663218 38
1739809257938 1.4068349969793448 39
1739809257954 1.4972651745431989 40
1739809257970 1.403528071226378 41
1739809257987 1.6657103513605924 42
1739809258003 1.4139259903472243 43
1739809258017 1.5080755904936936 44
1739809258033 1.6935561632420857 45
1739809258033 1.775876967343534 46
1739809258053 1.5245086462069606 47
1739809258065 1.5013804109096152 48
1739809258081 1.2753611905638171 49
1739809258097 1.7017538857267724 50
1739809258120 1.4072109984111514 51
1739809258129 1.5982991413936745 52
1739809258145 1.6147058918932558 53
1739809258160 1.4140722551079192 54
1739809258176 1.365665502715114 55
1739809258192 1.7516430658594093 56
1739809258208 1.7883448397974775 57
1739809258212 1.2878161570615045 58
1739809258237 1.4694929943614168 59
1739809258248 1.5857527408769685 60
1739809258255 1.5594321665437718 61
1739809258280 1.818524143967009 62
1739809258293 1.4594100367760097 63
1739809258302 1.5150766546135268 64
1739809258317 1.4985859950171494 65
