1739808860295 169.34901212942756 0
1739808860310 168.6736255293961 1
1739808860325 168.00107058241323 2
1739808860338 167.33133514368654 3
1739808860355 166.66440712114164 4
1739808860368 166.00027447519153 5
1739808860376 165.3389252185077 6
1739808860396 164.68034741579177 7
1739808860405 164.02452918354817 8
1739808860421 163.3714586898579 9
1739808860437 162.72112415415336 10
1739808860450 162.0735138469941 11
1739808860463 161.42861608984344 12
1739808860476 160.786419254846 13
1739808860485 160.1469117646068 14
1739808860503 159.51008209197053 15
1739808860516 158.87591875980212 16
1739808860532 158.2444103407687 17
1739808860537 157.6155454571216 18
1739808860556 156.9893127804802 19
1739808860564 156.36570103161614 20
1739808860591 155.7446989802389 21
1739808860595 155.12629544478176 22
1739808860618 154.51047929218933 23
1739808860627 153.89723943770565 24
1739808860646 153.28656484466325 25
1739808860662 152.67844452427315 26
1739808860675 152.07286753541592 27
1739808860679 151.4698229844334 28
1739808860700 150.8693000249215 29
1739808860706 150.271287857524 30
1739808860727 149.67577572972687 31
1739808860743 149.0827529356542 32
1739808860754 148.49220881586402 33
1739808860770 147.90413275714602 34
1739808860770 147.31851419231947 35
1739808860797 146.7353426000323 36
1739808860809 146.1546075045612 37
1739808860818 145.57629847561202 38
1739808860837 145.00040512812194 39
1739808860849 144.4269171220616 40
1739808860866 143.85582416223875 41
1739808860871 143.28711599810242 42
1739808860891 142.720782423548 43
1739808860898 142.15681327672334 44
1739808860920 141.59519843983543 45
1739808860930 141.03592783895834 46
1739808860946 140.47899144384135 47
1739808860961 139.9243792677186 48
1739808860973 139.3720813671191 49
1739808860981 138.822087841678 50
1739808861001 138.27438883394814 51
1739808861009 137.7289745292129 52
1739808861031 137.18583515529966 53
1739808861040 136.64496098239408 54
1739808861059 136.10634232285526 55
1739808861073 135.56996953103166 56
1739808861088 135.03583300307784 57
1739808861103 134.50392317677202 58
1739808861104 133.97423053133437 59
1739808861122 133.4467455872462 60
1739808861142 132.92145890606986 61
1739808861152 132.39836109026945 62
1739808861168 131.87744278303242 63
1739808861184 131.3586946680917 64
1739808861197 130.84210746954884 65
1739808861213 130.32767195169788 66
1739808861224 129.81537891884992 67
1739808861231 129.30521921515847 68
1739808861253 128.79718372444572 69
1739808861263 128.29126337002924 70
1739808861279 127.78744911454982 71
1739808861295 127.28573195979978 72
1739808861311 126.78610294655225 73
1739808861316 126.2885531543909 74
1739808861326 125.79307370154085 75
1739808861342 125.29965574469983 76
1739808861364 124.80829047887048 77
1739808861374 124.31896913719318 78
1739808861390 123.83168299077963 79
1739808861397 123.34642334854723 80
1739808861418 122.86318155705412 81
1739808861434 122.38194900033497 82
1739808861447 121.90271709973747 83
1739808861464 121.42547731375959 84
1739808861480 120.95022113788741 85
1739808861491 120.47694010443391 86
1739808861501 120.00562578237827 87
1739808861519 119.53626977720576 88
1739808861533 119.06886373074879 89
1739808861549 118.60339932102809 90
1739808861564 118.13986826209496 91
1739808861580 117.6782623038742 92
1739808861596 117.21857323200744 93
1739808861610 116.7607928676975 94
1739808861621 116.30491306755326 95
1739808861628 115.8509257234351 96
1739808861644 115.39882276230135 97
1739808861664 114.94859614605501 98
1739808861675 114.5002378713915 99
1739808861675 114.05373996964686 100
1739808861703 113.60909450664661 101
1739808861719 113.16629358255541 102
1739808861731 112.72532933172727 103
1739808861746 112.28619392255649 104
1739808861758 111.8488795573291 105
1739808861772 111.41337847207517 106
1739808861787 110.97968293642163 107
1739808861793 110.54778525344575 108
1739808861813 110.11767775952923 109
1739808861819 109.68935282421305 110
1739808861841 109.26280285005285 111
1739808861851 108.83802027247492 112
1739808861870 108.41499755963291 113
1739808861883 107.99372721226518 114
1739808861899 107.57420176355258 115
1739808861899 107.15641377897718 116
1739808861915 106.7403558561813 117
1739808861930 106.32602062482727 118
1739808861946 105.91340074645795 119
1739808861962 105.50248891435766 120
1739808861978 105.09327785341375 121
1739808861994 104.6857603199789 122
1739808861994 104.27992910173396 123
1739808862009 103.8757770175512 124
1739808862025 103.47329691735857 125
1739808862041 103.07248168200414 126
1739808862057 102.67332422312136 127
1739808862075 102.27581748299494 128
1739808862089 101.87995443442705 129
1739808862089 101.48572808060452 130
1739808862105 101.0931314549662 131
1739808862121 100.7021576210712 132
1739808862137 100.31279967246753 133
1739808862152 99.92505073256152 134
1739808862168 99.53890395448744 135
1739808862184 99.15435252097818 136
1739808862201 98.77138964423611 137
1739808862215 98.39000856580465 138
1739808862226 98.01020255644039 139
1739808862232 97.63196491598578 140
1739808862253 97.25528897324234 141
1739808862269 96.88016808584462 142
1739808862281 96.50659564013421 143
1739808862295 96.13456505103493 144
1739808862308 95.7640697619282 145
1739808862311 95.39510324452893 146
1739808862336 95.02765899876219 147
1739808862350 94.66173055264015 148
1739808862359 94.29731146213976 149
1739808862380 93.93439531108088 150
1739808862394 93.57297571100497 151
1739808862406 93.21304630105432 152
1739808862422 92.85460074785168 153
1739808862436 92.49763274538064 154
1739808862447 92.1421360148664 155
1739808862454 91.78810430465697 156
1739808862476 91.43553139010518 157
1739808862491 91.08441107345087 158
1739808862503 90.7347371837038 159
1739808862518 90.38650357652706 160
1739808862530 90.0397041341209 161
1739808862537 89.69433276510715 162
1739808862558 89.35038340441413 163
1739808862565 89.00785001316198 164
1739808862586 88.6667265785487 165
1739808862597 88.32700711373639 166
1739808862612 87.98868565773823 167
1739808862620 87.65175627530589 168
1739808862641 87.31621305681742 169
1739808862648 86.9820501181655 170
1739808862668 86.64926160064657 171
1739808862681 86.31784167084986 172
1739808862697 85.98778452054746 173
1739808862708 85.65908436658455 174
1739808862723 85.33173545077021 175
1739808862731 85.00573203976866 176
1739808862751 84.68106842499108 177
1739808862758 84.3577389224878 178
1739808862777 84.03573787284098 179
1739808862793 83.71505964105778 180
1739808862805 83.39569861646402 181
1739808862819 83.07764921259826 182
1739808862821 82.76090586710636 183
1739808862839 82.4454630416365 184
1739808862859 82.13131522173467 185
1739808862875 81.81845691674063 186
1739808862888 81.50688265968427 187
1739808862898 81.19658700718242 188
1739808862914 80.88756453933625 189
1739808862930 80.579809859629 190
1739808862946 80.27331759482406 191
1739808862960 79.96808239486377 192
1739808862972 79.66409893276835 193
1739808862988 79.3613619045356 194
1739808862994 79.05986602904066 195
1739808863010 78.75960604793669 196
1739808863026 78.46057672555531 197
1739808863042 78.16277284880829 198
1739808863055 77.86618922708901 199
1739808863062 77.57082069217464 200
1739808863073 77.27666209812874 201
1739808863098 76.9837083212042 202
1739808863110 76.69195425974671 203
1739808863121 76.4013948340985 204
1739808863137 76.11202498650272 205
1739808863153 75.82383968100801 206
1739808863153 75.53683390337369 207
1739808863174 75.25100266097513 208
1739808863195 74.96634098270984 209
1739808863203 74.68284391890363 210
1739808863223 74.40050654121748 211
1739808863232 74.11932394255469 212
1739808863252 73.83929123696826 213
1739808863266 73.56040355956912 214
1739808863280 73.28265606643423 215
1739808863287 73.00604393451555 216
1739808863308 72.73056236154906 217
1739808863315 72.4562065659644 218
1739808863336 72.18297178679478 219
1739808863344 71.91085328358739 220
1739808863359 71.63984633631402 221
1739808863375 71.36994624528234 222
1739808863397 71.10114833104733 223
1739808863414 70.83344793432312 224
1739808863422 70.56684041589554 225
1739808863438 70.30132115653448 226
1739808863454 70.03688555690712 227
1739808863482 69.77352903749131 228
1739808863496 69.5112470384895 229
1739808863510 69.25003501974274 230
1739808863523 68.98988846064539 231
1739808863532 68.73080286006005 232
1739808863552 68.47277373623281 233
1739808863561 68.21579662670898 234
1739808863580 67.9598670882491 235
1739808863593 67.70498069674545 236
1739808863609 67.45113304713875 237
1739808863615 67.1983197533353 238
1739808863636 66.94653644812455 239
1739808863643 66.69577878309696 240
1739808863663 66.44604242856217 241
1739808863672 66.19732307346769 242
1739808863691 65.94961642531776 243
1739808863704 65.70291821009268 244
1739808863719 65.45722417216844 245
1739808863725 65.21253007423675 246
1739808863746 64.96883169722541 247
1739808863751 64.72612484021896 248
1739808863776 64.48440532037971 249
1739808863783 64.24366897286924 250
1739808863804 64.00391165077004 251
1739808863815 63.765129225007584 252
1739808863831 63.52731758427284 253
1739808863838 63.290472634944926 254
1739808863858 63.05459030101426 255
1739808863866 62.81966652400597 256
1739808863886 62.585697262903665 257
1739808863895 62.35267849407357 258
1739808863913 62.12060621118891 259
1739808863927 61.88947642515466 260
1739808863939 61.6592851640327 261
1739808863946 61.43002847296718 262
1739808863958 61.20170241411029 263
1739808863974 60.9743030665483 264
1739808863997 60.74782652622799 265
1739808864011 60.52226890588336 266
1739808864027 60.29762633496258 267
1739808864044 60.07389495955548 268
1739808864058 59.851070942321144 269
1739808864069 59.629150462415836 270
1739808864083 59.40812971542144 271
1739808864089 59.188004913274 272
1739808864110 58.96877228419261 273
1739808864116 58.750428072608706 274
1739808864136 58.53296853909559 275
1739808864148 58.31638996029832 276
1739808864164 58.100688628863786 277
1739808864170 57.8858608533713 278
1739808864192 57.67190295826321 279
1739808864196 57.45881128377616 280
1739808864220 57.24658218587228 281
1739808864228 57.03521203617099 282
1739808864247 56.82469722188088 283
1739808864260 56.61503414573209 284
1739808864275 56.40621922590872 285
1739808864291 56.19824889598187 286
1739808864304 55.99111960484263 287
1739808864311 55.78482781663565 288
1739808864323 55.579370010692784 289
1739808864339 55.374742681467204 290
1739808864360 55.17094233846759 291
1739808864371 54.967965506192876 292
1739808864387 54.765808724067014 293
1739808864403 54.56446854637425 294
1739808864416 54.363941542194496 295
1739808864422 54.1642242953391 296
1739808864443 53.96531340428688 297
1739808864450 53.76720548212038 298
1739808864471 53.56989715646247 299
1739808864484 53.37338506941319 300
1739808864497 53.177665877486916 301
1739808864513 52.9827362515497 302
1739808864526 52.78859287675697 303
1739808864541 52.59523245249152 304
1739808864548 52.40265169230168 305
1739808864573 52.21084732383982 306
1739808864588 52.01981608880108 307
1739808864592 51.82955474286246 308
1739808864613 51.64006005562208 309
1739808864623 51.451328810538705 310
1739808864641 51.26335780487163 311
1739808864656 51.07614384962071 312
1739808864669 50.88968376946672 313
1739808864675 50.70397440271201 314
1739808864695 50.519012601221235 315
1739808864703 50.334795230362694 316
1739808864721 50.15131916894949 317
1739808864735 49.96858130918134 318
1739808864750 49.78657855658634 319
1739808864767 49.6053078299632 320
1739808864767 49.42476606132361 321
1739808864787 49.24495019583487 322
1739808864808 49.06585719176282 323
1739808864816 48.88748402041499 324
1739808864830 48.709827666083974 325
1739808864846 48.53288512599112 326
1739808864862 48.356653410230344 327
1739808864878 48.181129541712394 328
1739808864894 48.006310556109064 329
1739808864909 47.83219350179798 330
1739808864925 47.65877543980736 331
1739808864931 47.486053443761136 332
1739808864952 47.314024599824386 333
1739808864957 47.14268600664876 334
1739808864980 46.97203477531848 335
1739808864989 46.802068029296244 336
1739808865008 46.63278290436961 337
1739808865020 46.464176548597536 338
1739808865035 46.29624612225708 339
1739808865051 46.128988797790434 340
1739808865065 45.96240175975213 341
1739808865074 45.79648220475652 342
1739808865093 45.63122734142544 343
1739808865099 45.466634390336175 344
1739808865121 45.30270058396951 345
1739808865131 45.13942316665819 346
1739808865149 44.97679939453543 347
1739808865163 44.81482653548386 348
1739808865174 44.653501869084394 349
1739808865181 44.492822686565624 350
1739808865202 44.3327862907533 351
1739808865210 44.17338999601995 352
1739808865228 44.014631128234875 353
1739808865242 43.856507024714304 354
1739808865258 43.699015034171715 355
1739808865263 43.54215251666842 356
1739808865279 43.38591684356439 357
1739808865290 43.2303053974692 358
1739808865312 43.07531557219336 359
1739808865321 42.92094477269964 360
1739808865340 42.76719041505479 361
1739808865353 42.61404992638136 362
1739808865362 42.461520744809796 363
1739808865373 42.30960031943071 364
1739808865394 42.15828611024733 365
1739808865407 42.00757558812827 366
1739808865429 41.85746623476037 367
1739808865437 41.707955542601816 368
1739808865457 41.55904101483549 369
1739808865465 41.4107201653224 370
1739808865485 41.26299051855548 371
1739808865497 41.115849609613484 372
1739808865513 40.96929498411509 373
1739808865529 40.82332419817322 374
1739808865541 40.67793481834961 375
1739808865548 40.53312442160944 376
1739808865569 40.388890595276365 377
1739808865576 40.24523093698752 378
1739808865596 40.10214305464887 379
1739808865608 39.95962456639076 380
1739808865624 39.81767310052353 381
1739808865640 39.67628629549347 382
1739808865647 39.53546179983889 383
1739808865660 39.39519727214636 384
1739808865681 39.255490381007235 385
1739808865688 39.11633880497428 386
1739808865709 38.977740232518485 387
1739808865720 38.83969236198617 388
1739808865735 38.702192901556145 389
1739808865751 38.56523956919714 390
1739808865764 38.42883009262541 391
1739808865771 38.29296220926251 392
1739808865792 38.15763366619322 393
1739808865798 38.022842220123756 394
1739808865821 37.88858563734005 395
1739808865831 37.754861693666285 396
1739808865846 37.62166817442354 397
1739808865862 37.489002874388774 398
1739808865875 37.356863597753765 399
1739808865878 37.22524815808435 400
1739808865903 37.09415437827992 401
1739808865910 36.96358009053289 402
1739808865929 36.833523136288576 403
1739808865942 36.703981366205014 404
1739808865957 36.57495264011319 405
1739808865964 36.446434826977224 406
1739808865984 36.3184258048549 407
1739808865991 36.190923460858244 408
1739808866011 36.063925691114356 409
1739808866020 35.937430400726406 410
1739808866036 35.811435503734735 411
1739808866052 35.68593892307819 412
1739808866068 35.56093859055559 413
1739808866073 35.4364324467874 414
1739808866095 35.312418441177556 415
1739808866100 35.1888945318754 416
1739808866122 35.065858685737886 417
1739808866132 34.943308878291845 418
1739808866148 34.82124309369652 419
1739808866164 34.69965932470616 420
1739808866176 34.578555572632865 421
1739808866180 34.4579298473095 422
1739808866203 34.337780167052884 423
1739808866211 34.21810455862705 424
1739808866231 34.098901057206696 425
1739808866243 33.98016770634082 426
1739808866259 33.86190255791645 427
1739808866265 33.74410367212259 428
1739808866286 33.6267691174143 429
1739808866294 33.509896970476944 430
1739808866314 33.39348531619059 431
1739808866323 33.27753224759456 432
1739808866341 33.16203586585209 433
1739808866355 33.04699428021527 434
1739808866371 32.932405607990006 435
1739808866376 32.81826797450119 436
1739808866397 32.70457951305802 437
1739808866404 32.591338364919494 438
1739808866425 32.47854267925999 439
1739808866434 32.36619061313506 440
1739808866453 32.25428033144734 441
1739808866466 32.14281000691262 442
1739808866482 32.03177782002607 443
1739808866487 31.921181959028583 444
1739808866509 31.811020619873265 445
1739808866514 31.701292006192162 446
1739808866537 31.591994329262985 447
1739808866546 31.483125807976105 448
1739808866567 31.37468466880161 449
1739808866577 31.26666914575653 450
1739808866593 31.159077480372268 451
1739808866609 31.05190792166205 452
1739808866621 30.945158726088646 453
1739808866628 30.838828157532106 454
1739808866648 30.732914487257766 455
1739808866656 30.627415993884252 456
1739808866672 30.522330963351788 457
1739808866688 30.417657688890493 458
1739808866702 30.31339447098888 459
1739808866708 30.209539617362516 460
1739808866729 30.10609144292276 461
1739808866736 30.0030482697457 462
1739808866757 29.900408427041167 463
1739808866774 29.798170251121928 464
1739808866789 29.696332085373005 465
1739808866799 29.59489228022109 466
1739808866814 29.49384919310414 467
1739808866821 29.39320118844109 468
1739808866841 29.292946637601673 469
1739808866847 29.19308391887644 470
1739808866868 29.093611417446798 471
1739808866877 28.994527525355302 472
1739808866893 28.895830641476003 473
1739808866910 28.797519171484915 474
1739808866925 28.69959152783067 475
1739808866930 28.602046129705244 476
1739808866946 28.504881403014846 477
1739808866957 28.408095780350934 478
1739808866978 28.31168770096132 479
1739808866990 28.215655610721427 480
1739808867006 28.11999796210569 481
1739808867019 28.024713214159064 482
1739808867035 27.92979983246863 483
1739808867041 27.835256289135348 484
1739808867061 27.741081062745966 485
1739808867067 27.647272638344987 486
1739808867089 27.553829507406824 487
1739808867099 27.46075016780798 488
1739808867114 27.368033123799492 489
1739808867131 27.27567688597935 490
1739808867143 27.183679971265143 491
1739808867146 27.092040902866746 492
1739808867171 27.000758210259193 493
1739808867178 26.909830429155623 494
1739808867198 26.819256101480338 495
1739808867210 26.729033775342057 496
1739808867226 26.63916200500715 497
1739808867232 26.549639350873132 498
1739808867253 26.46046437944216 499
