1739809787861 150.68491669414925 0
1739809787925 128.32365402816714 1
1739809788004 113.75718994637714 2
1739809788084 88.70775697095694 3
1739809788162 81.02350930935451 4
1739809788241 53.421247775294546 5
1739809788321 57.58714007649583 6
1739809788403 41.97850972783198 7
1739809788481 45.559827124601355 8
1739809788561 31.74263947705692 9
1739809788624 31.91656371931895 10
1739809788719 23.349786276981458 11
1739809788799 27.67128970369212 12
1739809788878 26.185258488811815 13
1739809788957 22.348773316340473 14
1739809789041 16.60389874119852 15
1739809789132 14.051346873873142 16
1739809789212 11.67582248371606 17
1739809789291 13.60495749537828 18
1739809789355 5.894698643760723 19
1739809789435 10.034458116127018 20
1739809789515 9.346547761508155 21
1739809789593 5.801442339246525 22
1739809789656 13.517602464404087 23
1739809789735 10.756531036588457 24
1739809789815 7.954192262460191 25
1739809789879 7.810333253858646 26
1739809789958 4.398682380989361 27
1739809790038 4.916079778913989 28
1739809790102 5.628184677353946 29
1739809790181 4.57052287754652 30
1739809790244 2.8330281088352876 31
1739809790339 3.8706258257382777 32
1739809790420 1.5649763618343362 33
1739809790499 0.5177309201921845 34
1739809790563 3.6471806975957026 35
1739809790642 4.055538534805902 36
1739809790722 1.504420941897857 37
1739809790786 2.7162603491351605 38
1739809790865 2.9356899043071913 39
1739809790945 2.760436723697298 40
1739809791009 1.883311683251471 41
1739809791091 2.9798325903964473 42
1739809791169 1.24902678396135 43
1739809791248 3.1771655752747 44
1739809791312 0.9044546049653398 45
1739809791391 2.1867180820427756 46
1739809791471 2.5710244232416346 47
1739809791535 1.1210079538867639 48
1739809791614 0.48743491699381336 49
1739809791693 1.9102951617517143 50
1739809791757 2.7090822557023264 51
1739809791836 1.1304730271320267 52
1739809791916 0.7619210356909593 53
1739809791980 2.373314854287184 54
1739809792059 2.724543708351061 55
1739809792139 0.014132450523229038 56
1739809792203 2.416674304539475 57
1739809792282 2.256039451988772 58
1739809792361 0.7691484015132343 59
1739809792424 1.4011971445708444 60
1739809792515 1.6934019586959768 61
1739809792598 1.2167328320372244 62
1739809792678 1.6788831615341153 63
1739809792740 0.9805980857329131 64
1739809792820 2.84550373952243 65
1739809792900 2.2879382288818366 66
1739809792979 0.5445717421683038 67
1739809793042 3.947858632505006 68
1739809793122 1.1133343383171062 69
1739809793186 0.911782059995189 70
1739809793266 2.842505300703981 71
1739809793345 2.9293558372414616 72
1739809793424 3.8301157673251 73
1739809793488 0.9035994556115029 74
1739809793567 0.25985811294773886 75
1739809793647 0.93063044827828 76
1739809793711 1.4621828390662863 77
1739809793790 0.8921805541751411 78
1739809793870 1.555564371046125 79
1739809793934 2.874430638202601 80
1739809794013 1.7371026650485624 81
1739809794093 0.7817169721774452 82
1739809794157 2.8521501205412 83
1739809794236 2.843036247189687 84
1739809794315 3.4145860982387553 85
1739809794379 1.0263571108843488 86
1739809794458 1.4731187058543926 87
1739809794537 0.7497936488609732 88
1739809794601 2.0076404885618735 89
1739809794694 3.5648282141567167 90
1739809794774 1.8174652270012117 91
1739809794853 1.8112737688977796 92
1739809794917 1.125582590384799 93
1739809794997 2.8780628105267594 94
1739809795076 0.8963627610591428 95
1739809795155 2.0561673994642695 96
1739809795220 1.866271153200357 97
1739809795299 2.0331801158958216 98
1739809795362 1.9006478272974494 99
1739809795441 2.0220441034214365 100
1739809795525 1.5617857093331282 101
1739809795601 1.609403091992263 102
1739809795664 1.8370490867432219 103
1739809795748 1.4079041464528508 104
1739809795838 1.6725352553590538 105
1739809795917 0.5435642486336149 106
1739809795997 1.4067091549794186 107
1739809796076 3.247463567100006 108
1739809796171 1.3944903005239324 109
1739809796251 1.4869253021676938 110
1739809796346 2.8752521922385155 111
1739809796426 1.0138550285573225 112
1739809796490 1.7518649368158004 113
1739809796574 1.302314088827262 114
1739809796651 2.3172175404747466 115
1739809796713 1.5793446163207636 116
1739809796792 1.2244941810156234 117
1739809796878 0.6421749029649482 118
1739809796950 2.130395416687016 119
1739809797033 1.0592010356918409 120
