1739809744856 42.59626537688233 0
1739809744935 10.069214786634712 1
1739809745007 6.508425302294284 2
1739809745085 1.9377165526488613 3
1739809745161 1.5926102647023765 4
1739809745244 0.296861930588469 5
1739809745333 2.800575676534333 6
1739809745417 3.3654440103877215 7
1739809745511 1.356673927351657 8
1739809745609 0.9102404046143338 9
1739809745704 0.09004464844124126 10
1739809745796 1.7113254219099994 11
1739809745878 2.8369088205790662 12
1739809745956 1.7355786076424942 13
1739809746044 0.8103196688755441 14
1739809746127 0.5406903356134457 15
1739809746226 1.3313352248877404 16
1739809746313 0.9204266839039803 17
1739809746403 0.06932038899527772 18
1739809746501 2.371006848525632 19
1739809746601 1.582890868383674 20
1739809746695 0.9911452886672157 21
1739809746774 1.9355762454915766 22
1739809746851 5.140104305796072 23
1739809746931 2.3173916717785135 24
1739809747014 0.3628301418807863 25
1739809747095 1.7918363024694473 26
1739809747168 0.2216576807782728 27
1739809747246 2.159901215869594 28
1739809747330 0.49236272123193525 29
1739809747401 1.4932673901819433 30
1739809747490 2.219089496951567 31
1739809747564 0.1806234924077911 32
1739809747648 3.4750219073097313 33
1739809747711 1.5314914614203001 34
1739809747799 2.0553027683387928 35
1739809747875 1.4562443086506494 36
1739809747956 0.48587892224111734 37
1739809748033 1.0179671754661554 38
1739809748113 0.6662912379388126 39
1739809748185 1.5411295699408867 40
1739809748265 1.8035696796191711 41
1739809748346 2.7375738876591624 42
1739809748419 1.245813277410373 43
1739809748501 1.5755509310174154 44
1739809748566 0.6117414616514664 45
1739809748696 2.1278855262347385 46
1739809748789 1.5092535144669086 47
1739809748872 2.7419873609969967 48
1739809748950 0.4328057550980837 49
1739809749029 0.33667881084854956 50
1739809749106 1.364335592066919 51
1739809749177 0.9594722415332825 52
1739809749260 1.4061094531951446 53
1739809749334 2.293732563568502 54
1739809749412 2.9674579903913028 55
1739809749485 1.833115659533999 56
1739809749569 2.7492896901705377 57
1739809749651 0.683755616214908 58
1739809749728 1.7642719530980706 59
1739809749804 1.4002737309728075 60
1739809749883 2.4125332199542178 61
1739809749958 0.5001736943466563 62
1739809750032 1.1040535229673831 63
1739809750102 1.4727325682358416 64
1739809750185 2.5699203475183983 65
1739809750267 1.6029876050987193 66
1739809750344 1.9687211158494877 67
1739809750420 1.9293372024288469 68
1739809750497 2.128570295096291 69
1739809750569 2.0732624553636207 70
1739809750655 0.43275457729257893 71
1739809750729 0.9019304273731711 72
1739809750818 0.5836076697290822 73
1739809750912 0.7674239769202558 74
1739809750995 2.9377581223176152 75
1739809751069 0.7978010340636911 76
1739809751156 1.0228901589871033 77
1739809751226 1.6594390215798696 78
1739809751299 1.9699501806311088 79
1739809751386 0.5295635673671577 80
1739809751465 1.1616001967994984 81
1739809751530 2.741611566999897 82
1739809751619 1.6411831938655081 83
1739809751702 0.0012819305140478984 84
1739809751780 2.8057598348971826 85
1739809751854 1.4154059665624346 86
1739809751937 0.3584168471559119 87
1739809752017 2.024139271241781 88
1739809752093 2.321385477390863 89
1739809752171 1.523071494911585 90
1739809752248 0.9354163208849491 91
1739809752325 0.03773167037352566 92
1739809752400 3.2572728621864684 93
1739809752462 0.5696471935252359 94
1739809752551 1.7435325473831895 95
1739809752610 1.752358487363176 96
1739809752698 1.7376873572158877 97
1739809752764 1.6844865132977702 98
1739809752849 0.8521289872362742 99
1739809752915 1.230643519072314 100
1739809753000 0.7947966151566369 101
1739809753095 1.4684595947807402 102
1739809753178 1.1426638140888636 103
1739809753258 2.2249795205633913 104
1739809753335 2.9694943637470983 105
1739809753396 1.6162764074491616 106
1739809753481 1.5776088868483178 107
1739809753566 1.922514489605438 108
1739809753637 1.1694490570870317 109
1739809753713 1.9005871269128152 110
1739809753799 1.7621857027668455 111
1739809753878 1.7628152004390878 112
1739809753947 0.9802086780222932 113
1739809754037 0.574076246444638 114
1739809754115 0.8957404236957446 115
1739809754184 1.990128678691017 116
1739809754271 3.2371980953832957 117
1739809754353 1.7823368751759372 118
1739809754429 1.5533096611926154 119
1739809754495 1.2463085023440885 120
1739809754575 1.6698154386349275 121
1739809754653 2.7870793060624424 122
1739809754727 1.1970549707505687 123
1739809754796 0.6847946284280472 124
1739809754876 2.034802029521796 125
1739809754950 1.630650226418209 126
