1739809243093 11.132422677443339 0
1739809243093 2.9562355559709044 1
1739809243109 1.8495154596416432 2
1739809243128 1.4705232500127117 3
1739809243141 1.488323192286066 4
1739809243157 1.4602200117080892 5
1739809243173 1.7148063636568425 6
1739809243190 1.6645061360827795 7
1739809243206 1.341269921378825 8
1739809243222 1.3967333920551168 9
1739809243238 1.3857071206494773 10
1739809243254 1.5130057420855907 11
1739809243270 1.6362419285474694 12
1739809243290 1.3661297865423452 13
1739809243302 1.5474396896832925 14
1739809243318 1.477105221840496 15
1739809243335 1.5675751876043424 16
1739809243349 1.450872617449948 17
1739809243365 1.4976844242645881 18
1739809243381 1.3939453961043788 19
1739809243397 1.5124869308312971 20
1739809243413 1.623826278541422 21
1739809243428 1.5505229483458018 22
1739809243428 1.7516715638455 23
1739809243444 1.5888809196381288 24
1739809243460 1.5979452850591813 25
1739809243476 1.368534936278685 26
1739809243492 1.735683790875751 27
1739809243522 1.3748678426895047 28
1739809243537 1.399339201740983 29
1739809243553 1.4175774627615514 30
1739809243565 1.365715955957241 31
1739809243581 1.5186816511479593 32
1739809243600 1.3928671201032834 33
1739809243616 1.597211656895136 34
1739809243633 1.5330435773934932 35
1739809243648 1.4910939661861158 36
1739809243664 1.911710160691282 37
1739809243679 1.6046321331827749 38
1739809243694 1.7148775730687413 39
1739809243709 1.2444042498596695 40
1739809243714 1.4616374199983089 41
1739809243732 1.4201017610558357 42
1739809243755 1.7706971271903076 43
1739809243772 1.5988413774376915 44
1739809243787 1.4977683493632232 45
1739809243804 1.5265203019676747 46
1739809243818 1.4783534297834133 47
1739809243834 1.320227907277411 48
1739809243850 1.4176200193943604 49
1739809243866 1.5915433024511612 50
1739809243882 1.4963135652814372 51
1739809243896 1.4347342050186624 52
1739809243913 1.3859250818333977 53
1739809243929 1.453090094500011 54
1739809243946 1.4137196573443809 55
1739809243961 1.3917369838611247 56
1739809243977 1.616168619665859 57
1739809243991 1.5197882582287696 58
1739809244006 1.3878439209704718 59
1739809244022 1.4468299570391487 60
1739809244037 1.234271803188652 61
1739809244051 1.3057515300107145 62
1739809244066 1.6126821910730371 63
1739809244080 1.5945058236716114 64
1739809244096 1.3641699529649258 65
1739809244109 1.5936900757678811 66
1739809244125 1.6223906574446978 67
1739809244141 1.4320208121521047 68
1739809244157 1.5386381909615157 69
1739809244167 1.5739613778364139 70
1739809244186 1.4953699969504157 71
1739809244201 1.4257438497195436 72
1739809244213 1.3858014940909729 73
1739809244230 1.3905635801659637 74
1739809244244 1.6204289779127279 75
1739809244261 1.7338196875790575 76
1739809244277 1.412139464564313 77
1739809244291 1.3233854019334266 78
1739809244309 1.430708415027958 79
1739809244325 1.5274183899726648 80
1739809244342 1.4989598578070191 81
1739809244361 1.6466547868948598 82
1739809244375 1.4316282950829804 83
1739809244390 1.5853756275583335 84
1739809244409 1.5458721716266144 85
1739809244424 1.5457628810292723 86
1739809244438 1.469946333705762 87
1739809244452 1.4314002859457375 88
1739809244468 1.5422097096321403 89
1739809244482 1.5765144489998795 90
1739809244496 1.8820477619320728 91
1739809244512 1.4959307337821235 92
1739809244528 1.6789779426322993 93
1739809244528 1.450156765129214 94
1739809244555 1.37284854702774 95
1739809244573 1.4681192036520743 96
1739809244586 1.701331608277263 97
1739809244592 1.6379317088290215 98
1739809244608 1.6475499408478955 99
1739809244633 1.4859032120998352 100
1739809244646 1.7037576632986613 101
1739809244655 1.5559980547651227 102
1739809244674 1.5718705676072269 103
1739809244691 1.8527254095562113 104
1739809244702 1.5086385749670337 105
1739809244718 1.3829714563043707 106
1739809244734 1.5485939018276489 107
1739809244751 1.622983352030322 108
1739809244765 1.521582666272425 109
1739809244780 1.8550086061024884 110
1739809244795 1.487124412244809 111
1739809244809 1.3577828053252907 112
1739809244825 1.6587275080174002 113
1739809244839 1.4911295689913973 114
1739809244854 1.3849123604455236 115
1739809244869 1.7315316175368698 116
1739809244883 1.7667714414356361 117
1739809244898 1.4349931806123444 118
1739809244913 1.5219114141864076 119
1739809244927 1.6988659066309235 120
1739809244941 1.5647986237758216 121
1739809244958 1.558890679530495 122
1739809244970 1.609868466567591 123
1739809244982 1.5868439453060377 124
1739809244999 1.418647425364299 125
1739809245016 1.5020957307177363 126
1739809245034 1.4026200707046814 127
1739809245049 1.511205929591522 128
1739809245064 1.720011633599265 129
1739809245066 1.518488195925665 130
1739809245094 1.5326185361044917 131
1739809245123 1.8457355939595086 132
1739809245138 1.586712761134221 133
1739809245147 1.3563421730016987 134
1739809245166 1.4092115817779893 135
1739809245181 1.544673996946553 136
1739809245194 1.6384453080261785 137
1739809245210 1.574517903117415 138
1739809245222 1.5347237768943263 139
1739809245239 1.4453649483608275 140
1739809245251 1.616360061253892 141
1739809245259 1.3572255247930023 142
1739809245277 1.4246165301685534 143
1739809245290 1.5593718214573629 144
1739809245311 1.5720628656588895 145
1739809245321 1.4275593618815343 146
1739809245339 1.333410058464083 147
1739809245358 1.6465884287653716 148
1739809245369 1.4956501478120885 149
1739809245385 1.4406972000101625 150
1739809245401 1.5351497538462433 151
1739809245415 1.3292091272145015 152
1739809245428 1.5035038986371758 153
1739809245433 1.6132762226145332 154
1739809245458 1.605295777432942 155
1739809245474 1.454134023527859 156
1739809245487 1.6471261073135681 157
1739809245496 1.4886217445657268 158
1739809245515 1.3023399381323266 159
1739809245528 1.5067895339004562 160
1739809245545 1.2835599938382167 161
1739809245559 1.4533265877450987 162
1739809245576 1.3530771649952644 163
1739809245591 1.4958892152645824 164
1739809245607 1.6334766052127363 165
1739809245607 1.5275148017785882 166
1739809245623 1.3538347020600054 167
1739809245652 1.4822916251278895 168
1739809245664 1.3179817334140078 169
1739809245671 1.4420864594284002 170
1739809245692 1.5932421426806254 171
1739809245710 1.5438869250876013 172
1739809245725 1.5645055512046817 173
1739809245734 1.5477749524861921 174
1739809245755 1.5951048412546545 175
1739809245766 1.5107278617202624 176
1739809245782 1.4000546915571905 177
1739809245797 1.5336781025000572 178
1739809245813 1.4689225013479845 179
1739809245829 1.3170120462073778 180
1739809245845 1.7113721687792036 181
1739809245845 1.3813372158108514 182
1739809245871 1.4706077081286808 183
1739809245888 1.5333962779938946 184
1739809245901 1.510724238573701 185
1739809245909 1.3228664137106945 186
1739809245930 1.38008092698208 187
1739809245947 1.5662299196532232 188
1739809245960 1.6643588065875576 189
1739809245974 1.7285653756078652 190
1739809245990 1.50465431734667 191
1739809246008 1.3933510096699533 192
1739809246020 1.3505697472936773 193
1739809246036 1.495895494278919 194
1739809246052 1.4266161438043312 195
1739809246067 1.4992099381082393 196
1739809246083 1.368094329266461 197
1739809246099 1.6011778737151763 198
1739809246115 1.6753060282164096 199
1739809246129 1.6458892659639777 200
1739809246143 1.431648993125601 201
1739809246149 1.4257808843342232 202
1739809246172 1.3747791512507792 203
1739809246189 1.5928596395122805 204
1739809246202 1.5840058684048461 205
1739809246213 1.5322888532190992 206
1739809246227 1.3713435700532353 207
1739809246250 1.7153128638294493 208
1739809246263 1.5926431865783774 209
1739809246274 1.6543654660242595 210
1739809246290 1.742668482096813 211
1739809246311 1.4545038867349112 212
1739809246322 1.6407730075277913 213
1739809246338 1.3617978719561508 214
1739809246353 1.4062569644047116 215
1739809246369 1.6978448597153746 216
1739809246385 1.5817870501249747 217
1739809246402 1.5933201081125234 218
1739809246413 1.5298527603967145 219
1739809246429 1.5075458106044644 220
1739809246442 1.2475677588848304 221
1739809246450 1.5747668728097821 222
1739809246471 2.014229300666987 223
1739809246489 1.610581356715038 224
1739809246502 1.4972902708105067 225
1739809246514 1.5403728784346868 226
1739809246533 1.60649739859211 227
1739809246547 1.3513911641487304 228
1739809246561 1.5084624600129495 229
1739809246561 1.4478084046775868 230
1739809246588 1.581053930543782 231
1739809246604 1.5220255946675245 232
1739809246609 1.3310705113156116 233
1739809246624 1.3153813241603978 234
1739809246646 1.7085320493820226 235
1739809246663 1.4190123927770266 236
1739809246677 1.4792761116540951 237
1739809246688 1.5022361575890373 238
1739809246706 1.6944713144028036 239
1739809246723 1.6793630475787302 240
1739809246736 1.5001283140953654 241
1739809246753 1.6192787453298303 242
1739809246767 1.4382466440708 243
1739809246767 1.3434292639701495 244
1739809246783 1.6745522010117087 245
1739809246812 1.5070423233609276 246
1739809246818 1.709881537388095 247
1739809246830 1.4124204686216575 248
1739809246846 1.472909352863804 249
1739809246871 1.4585627008725623 250
1739809246879 1.7488076130588408 251
1739809246894 1.704818092504898 252
1739809246910 1.7251161167364564 253
1739809246929 1.464756092488042 254
1739809246942 1.5975078223095032 255
1739809246942 1.364557395940059 256
1739809246968 1.5925682867625741 257
1739809246987 1.4748496812376017 258
1739809246993 1.7584647418063213 259
1739809247017 1.4504658726107365 260
1739809247021 1.4758845607796631 261
1739809247045 1.477583721791453 262
1739809247056 1.3790795219335887 263
1739809247074 1.5905888985621746 264
1739809247092 1.2786224609551133 265
1739809247100 1.5417278609350356 266
1739809247122 1.5139854915343813 267
1739809247138 1.476704321476706 268
1739809247153 1.6186968260536134 269
1739809247163 1.554460258093874 270
1739809247179 1.6083281463146195 271
1739809247195 1.4865952176915505 272
1739809247213 1.781327158115228 273
1739809247226 1.2894729322873297 274
1739809247242 1.4591163793171962 275
1739809247260 1.6335916718856611 276
1739809247274 1.4145945322476772 277
1739809247290 1.507181783002372 278
1739809247308 1.6197149813453604 279
1739809247324 1.3872236808628102 280
1739809247339 1.6180744994154912 281
1739809247353 1.2919475047810378 282
1739809247369 1.4907438694202646 283
1739809247369 1.426805979075503 284
1739809247394 1.3151499879456927 285
1739809247401 1.5910160413212924 286
1739809247423 1.5366853531264208 287
1739809247433 1.508363705181287 288
1739809247452 1.353101283891569 289
1739809247465 1.3478981498482634 290
1739809247482 1.5640687364623636 291
1739809247498 1.292121531689629 292
1739809247512 1.6936456675254012 293
1739809247528 1.4397792777287788 294
1739809247540 1.6163060304045649 295
1739809247557 1.5354563022369176 296
1739809247571 1.6533716835152794 297
1739809247576 1.6752254526460857 298
1739809247600 1.621628389077644 299
1739809247608 1.6616273385793705 300
1739809247628 1.5444066849926443 301
1739809247639 1.5201264426263825 302
1739809247657 1.6877205444328076 303
1739809247674 1.6316301716685586 304
1739809247687 1.4315898647805538 305
1739809247703 1.4016517762414478 306
1739809247715 1.5445710878576533 307
1739809247719 1.6811592793247963 308
1739809247745 1.52479957438006 309
1739809247751 1.5748265027410089 310
1739809247774 1.467734520814611 311
1739809247791 1.4852471424144724 312
1739809247804 1.453317942979284 313
1739809247815 1.4514386669274117 314
1739809247831 1.634882863278568 315
1739809247847 1.7208849549934242 316
1739809247863 1.652501917497169 317
1739809247879 1.5603522677023722 318
1739809247895 1.6847677113288635 319
1739809247909 1.3799988165505253 320
1739809247926 1.6587129731912427 321
1739809247944 1.4843354387844772 322
1739809247961 1.5571724210891031 323
1739809247977 1.52802951303655 324
1739809247991 1.689404491043554 325
1739809247996 1.624462068361558 326
1739809248021 1.5012146711143388 327
1739809248031 1.3516847202729008 328
1739809248055 1.3792887564662544 329
1739809248073 1.5280736764601612 330
1739809248088 1.6528685310084865 331
1739809248103 1.5836765244969755 332
1739809248113 1.6517905935942643 333
1739809248131 1.2466390335723676 334
1739809248144 1.50124494726961 335
1739809248163 1.469055745380961 336
1739809248176 1.7333390135474651 337
1739809248192 1.4750682491220528 338
1739809248203 1.3915874022734451 339
1739809248221 1.492318629264615 340
1739809248233 1.644051324202445 341
1739809248245 1.5496029885608122 342
1739809248263 1.5430088763567267 343
1739809248279 1.403276770475569 344
1739809248292 1.5224751284423605 345
1739809248303 1.3709815588460401 346
1739809248322 1.4263484598896359 347
1739809248335 1.6189110420687582 348
1739809248350 1.6437208633110867 349
1739809248369 1.5345563333548276 350
1739809248382 1.4807233148872956 351
1739809248398 1.7703805448705576 352
1739809248410 1.4154964942325878 353
1739809248414 1.540041213143035 354
1739809248439 1.4081357662244076 355
1739809248446 1.5628969252209932 356
1739809248468 1.6001701174036354 357
1739809248477 1.5277618196866107 358
1739809248497 1.5661431614730486 359
1739809248514 1.5212669778813974 360
1739809248526 1.8147557691724245 361
1739809248540 1.3760857913440372 362
1739809248556 1.5464010009043234 363
1739809248572 1.5617701133461945 364
1739809248585 1.4153408539769894 365
1739809248591 1.5272021266750277 366
1739809248613 1.6126605570953583 367
1739809248632 1.6004464582664752 368
1739809248647 1.281324436512371 369
1739809248660 1.250228364547193 370
1739809248672 1.4729844330572797 371
1739809248688 1.5327600878379912 372
1739809248697 1.5662535141508578 373
1739809248712 1.4755019129761107 374
1739809248728 1.4542975906035776 375
1739809248746 1.40994637217773 376
1739809248761 1.5448114130763482 377
1739809248775 1.4466416369359951 378
1739809248787 1.3311531499998372 379
1739809248805 1.444601906744297 380
1739809248813 1.613428417924371 381
1739809248829 1.7411146722467599 382
1739809248847 1.4238948634266622 383
1739809248863 1.4611033342323239 384
1739809248877 1.442591595127341 385
1739809248877 1.6629296783866696 386
1739809248909 1.3820264664022233 387
1739809248925 1.5155913322408103 388
1739809248938 1.4129988956633799 389
1739809248958 1.5536979743787056 390
1739809248971 1.3757853707144823 391
1739809248988 1.6661157937189017 392
1739809249000 1.4855998613111132 393
1739809249016 1.5053579907889223 394
1739809249032 1.484457533325535 395
1739809249046 1.3662338612916012 396
1739809249062 1.4210997864906598 397
1739809249074 1.7018610335537077 398
1739809249084 1.4958755333395077 399
1739809249100 1.841372788304175 400
1739809249116 1.449071801784182 401
1739809249137 1.5094208025645384 402
1739809249152 1.6845775113869832 403
1739809249166 1.442598627725869 404
1739809249181 1.564399834254044 405
1739809249187 1.4548559256979943 406
1739809249200 1.490324339232451 407
1739809249225 1.6531487012388368 408
1739809249241 1.4810272652494723 409
1739809249247 1.5130002306750918 410
1739809249266 1.435911438702972 411
1739809249287 1.3962976551651358 412
1739809249304 1.6744108421689352 413
1739809249314 1.7999231683948866 414
1739809249333 1.6966117073260019 415
1739809249348 1.6699527384652242 416
1739809249364 1.4582923198242896 417
1739809249377 1.5953101540842358 418
1739809249388 1.310503778364818 419
1739809249400 1.6877676511147042 420
1739809249421 1.4161744894865402 421
1739809249436 1.388799640160877 422
1739809249449 1.4639184183133236 423
1739809249465 1.3949689834410481 424
1739809249481 1.4069229604291018 425
1739809249498 1.5993450003049556 426
1739809249513 1.4565042229501972 427
1739809249541 1.7353529665661849 428
1739809249555 1.665190762443576 429
1739809249570 1.4419906912515148 430
1739809249583 1.3629084666044469 431
1739809249599 1.6146605307426873 432
1739809249614 1.6429555313796018 433
1739809249629 1.5219053269227445 434
1739809249645 1.5481201870388361 435
1739809249659 1.3334873574233683 436
1739809249672 1.3844940500034144 437
1739809249690 1.3383205612422808 438
1739809249705 1.321049293411089 439
1739809249714 1.4470728091490586 440
1739809249735 1.450283941286068 441
1739809249751 1.6182837002783368 442
1739809249765 1.4751578728850618 443
1739809249780 1.4623713330314179 444
1739809249793 1.6084926178071728 445
1739809249816 1.5372059239647604 446
1739809249832 1.706746328888531 447
1739809249846 1.4053559795141544 448
1739809249858 1.7522728065669073 449
1739809249867 1.526419210177164 450
1739809249890 1.3243081142262998 451
1739809249906 1.6801570576839986 452
1739809249919 1.500157974485337 453
1739809249934 1.3564887711244236 454
1739809249953 1.6564341242835894 455
1739809249967 1.7243776642650614 456
1739809249981 1.6626567741158778 457
1739809249996 1.9891286910617232 458
1739809250008 1.4908590452454031 459
1739809250024 1.3505195289661693 460
1739809250037 1.2220052252434943 461
1739809250050 1.5574966137675796 462
1739809250070 1.5260157000553431 463
1739809250084 1.4028335779397918 464
1739809250099 1.6226203050090615 465
1739809250114 1.4062721889210237 466
1739809250130 1.4961850900028086 467
1739809250145 1.541439500182282 468
1739809250159 1.559321116931195 469
1739809250174 1.2924128284926106 470
1739809250186 1.5423753959148494 471
1739809250203 1.5253258654608677 472
1739809250219 1.33524875394172 473
1739809250233 1.5962678375695551 474
1739809250247 1.570393119090234 475
1739809250260 1.960263594289766 476
1739809250273 1.4452965604342878 477
1739809250291 1.6602352501855497 478
1739809250301 1.4248511997881044 479
1739809250322 1.6374513528819652 480
1739809250334 1.306507236754449 481
1739809250352 1.2936750473108343 482
1739809250366 1.4703569405068755 483
1739809250382 1.5922205743549327 484
1739809250398 1.5133018590254614 485
1739809250400 1.5238299747017778 486
1739809250425 1.49098669208872 487
1739809250438 1.3413369185617257 488
1739809250458 1.6147703819938002 489
1739809250467 1.5806080320903377 490
1739809250484 1.5454448773804643 491
1739809250501 1.5018863485355407 492
1739809250516 1.5934560932614887 493
1739809250531 1.2096272770430196 494
1739809250546 1.7404552589523266 495
1739809250553 1.5773534090545343 496
1739809250574 1.6999555082956328 497
1739809250591 1.4182808985356576 498
1739809250606 1.9481420307595652 499
