1739808985060 167.25571316924533 0
1739808985062 160.64713885786242 1
1739808985076 154.3129038878783 2
1739808985100 148.24136073604427 3
1739808985108 142.42136236281146 4
1739808985124 136.8422405722487 5
1739808985140 131.4937853106514 6
1739808985156 126.36622486305616 7
1739808985172 121.45020690865013 8
1739808985187 116.73678039775925 9
1739808985187 112.21737821472416 10
1739808985203 107.88380059252272 11
1739808985219 103.72819924648326 12
1739808985235 99.74306219585273 13
1739808985251 95.92119924334195 14
1739808985267 92.25572808406886 15
1739808985283 88.74006101656371 16
1739808985283 85.36789222968837 17
1739808985299 82.13318564045875 18
1739808985315 79.0301632588467 19
1739808985331 76.05329405667773 20
1739808985350 73.1972833187359 21
1739808985362 70.45706245513848 22
1739808985379 67.82777925495344 23
1739808985394 65.30478856190288 24
1739808985411 62.883643353829136 25
1739808985427 60.560086208395546 26
1739808985443 58.33004113825678 27
1739808985443 56.18960577966171 28
1739808985458 54.13504391914898 29
1739808985474 52.162778343662175 30
1739808985490 50.26938400004916 31
1739808985506 48.45158145051999 32
1739808985522 46.70623061122148 33
1739808985538 45.03032476164436 34
1739808985538 43.42098481311286 35
1739808985554 41.87545382511693 36
1739808985570 40.39109175873622 37
1739808985586 38.96537045687137 38
1739808985601 37.59586884144533 39
1739808985617 36.28026831816517 40
1739808985617 35.01634837984287 41
1739808985633 33.80198239966528 42
1739808985649 32.63513360617723 43
1739808985665 31.51385123209939 44
1739808985681 30.436266829444993 45
1739808985697 29.400590743726656 46
1739808985697 28.405108740357637 47
1739808985713 27.448178776651467 48
1739808985729 26.5282279131103 49
1739808985745 25.643749357966254 50
1739808985761 24.79329963920236 51
1739808985777 23.975495898530077 52
1739808985793 23.189013302040518 53
1739808985793 22.432582562475574 54
1739808985809 21.7049875682849 55
1739808985825 21.005063114844177 56
1739808985841 20.331692733411177 57
1739808985860 19.683806613588036 58
1739808985873 19.060379615241708 59
1739808985873 18.460429366010562 60
1739808985889 17.883014440692804 61
1739808985905 17.327232618973433 62
1739808985921 16.792219218099998 63
1739808985937 16.277145497264755 64
1739808985953 15.781217130591203 65
1739808985969 15.303672745757884 66
1739808985969 14.84378252542079 67
1739808985985 14.400846868719064 68
1739808986000 13.974195110266303 69
1739808986016 13.563184294142651 70
1739808986032 13.167198000510345 71
1739808986048 12.785645222578822 72
1739808986048 12.417959291743788 73
1739808986064 12.063596848819193 74
1739808986080 11.72203685937126 75
1739808986096 11.392779671249862 76
1739808986117 11.075346112495366 77
1739808986128 10.76927662787782 78
1739808986144 10.474130452401013 79
1739808986144 10.189484820176224 80
1739808986160 9.914934207139474 81
1739808986176 9.650089606152447 82
1739808986192 9.39457783309022 83
1739808986208 9.148040862579688 84
1739808986224 8.91013519211031 85
1739808986240 8.680531233294275 86
1739808986240 8.458912729106054 87
1739808986256 8.244976195981932 88
1739808986272 8.038430389708843 89
1739808986288 7.8389957940778014 90
1739808986304 7.646404131321935 91
1739808986320 7.460397893401266 92
1739808986336 7.280729893237165 93
1739808986352 7.107162835038135 94
1739808986361 6.939468902895744 95
1739808986368 6.777429366865002 96
1739808986384 6.620834205777567 97
1739808986400 6.469481746068525 98
1739808986416 6.323178315928819 99
1739808986432 6.181737914124772 100
1739808986432 6.044981892855127 101
1739808986448 5.912738654042749 102
1739808986464 5.784843358484482 103
1739808986479 5.6611376473075 104
1739808986495 5.541469375204282 105
1739808986511 5.425692354941185 106
1739808986527 5.313666112657402 107
1739808986543 5.205255653491901 108
1739808986543 5.100331237096015 109
1739808986561 4.998768162608324 110
1739808986575 4.900446562686814 111
1739808986593 4.805251206210812 112
1739808986607 4.713071309281795 113
1739808986623 4.623800354168263 114
1739808986623 4.537335915855179 115
1739808986639 4.453579495873014 116
1739808986655 4.372436363095581 117
1739808986671 4.2938154012091365 118
1739808986687 4.217628962568068 119
1739808986703 4.143792728164802 120
1739808986703 4.072225573453228 121
1739808986721 4.002849439776224 122
1739808986735 3.9355892111585145 123
1739808986751 3.870372596236551 124
1739808986767 3.807130015106642 125
1739808986782 3.7457944908823007 126
1739808986782 3.68630154576049 127
1739808986798 3.628589101405251 128
1739808986814 3.5725973834652986 129
1739808986830 3.5182688300501552 130
1739808986846 3.4655480039968394 131
1739808986862 3.4143815087664455 132
1739808986878 3.364717907816724 133
1739808986878 3.31650764730349 134
1739808986894 3.269702981969932 135
1739808986910 3.224257904088987 136
1739808986926 3.180128075329676 137
1739808986942 3.137270761423889 138
1739808986958 3.0956447695153444 139
1739808986958 3.0552103880775894 140
1739808986974 3.0159293292926344 141
1739808987000 2.9777646737866177 142
1739808987014 2.9406808176231674 143
1739808987021 2.904643421459486 144
1739808987037 2.8696193617742245 145
1739808987053 2.835576684080047 146
1739808987070 2.8024845580375772 147
1739808987083 2.770313234390946 148
1739808987091 2.739034003648563 149
1739808987100 2.7086191564359994 150
1739808987116 2.6790419454509946 151
1739808987133 2.6502765489535594 152
1739808987148 2.62229803572706 153
1739808987164 2.5950823314488463 154
1739808987164 2.56860618641159 155
1739808987180 2.5428471445391088 156
1739808987196 2.5177835136426836 157
1739808987217 2.493394336866329 158
1739808987228 2.469659365271559 159
1739808987244 2.4465590315143455 160
1739808987260 2.4240744245689547 161
1739808987260 2.4021872654552827 162
1739808987276 2.380879883928112 163
1739808987292 2.3601351960885726 164
1739808987308 2.3399366828796344 165
1739808987324 2.320268369429177 166
1739808987339 2.3011148052057155 167
1739808987355 2.2824610449532834 168
1739808987371 2.264292630373412 169
1739808987371 2.246595572523599 170
1739808987387 2.2293563349027297 171
1739808987403 2.2125618171954198 172
1739808987419 2.196199339648214 173
1739808987435 2.180256628051864 174
1739808987451 2.1647217993049033 175
1739808987467 2.149583347534829 176
1739808987482 2.134830130754161 177
1739808987482 2.120451358029658 178
1739808987498 2.1064365771438025 179
1739808987514 2.092775662728619 180
1739808987532 2.0794588048526763 181
1739808987546 2.0664764980429515 182
1739808987562 2.0538195307239944 183
1739808987578 2.0414789750575424 184
1739808987578 2.0294461771664896 185
1739808987596 2.0177127477277454 186
1739808987610 2.0062705529191547 187
1739808987625 1.9951117057063137 188
1739808987641 1.9842285574556908 189
1739808987657 1.9736136898609522 190
1739808987673 1.963259907170095 191
1739808987689 1.9531602287013297 192
1739808987689 1.943307881636278 193
1739808987705 1.9336962940794795 194
1739808987721 1.9243190883736307 195
1739808987737 1.9151700746604912 196
1739808987753 1.906243244677724 197
1739808987769 1.897532765782394 198
1739808987785 1.8890329751922164 199
1739808987785 1.8807383744359951 200
1739808987801 1.8726436240050768 201
1739808987816 1.8647435381979545 202
1739808987832 1.857033080150485 203
1739808987848 1.8495073570445062 204
1739808987864 1.8421616154879061 205
1739808987880 1.8349912370595152 206
1739808987896 1.827991734012438 207
1739808987896 1.821158745129713 208
1739808987912 1.8144880317264245 209
1739808987928 1.8079754737926481 210
1739808987944 1.8016170662718307 211
1739808987960 1.7954089154694244 212
1739808987976 1.789347235586795 213
1739808987991 1.7834283453756419 214
1739808987991 1.7776486649083594 215
1739808988007 1.772004712459929 216
1739808988023 1.7664931014971388 217
1739808988039 1.7611105377710974 218
1739808988055 1.755853816509113 219
1739808988071 1.7507198197022662 220
1739808988092 1.7457055134850552 221
1739808988102 1.7408079456036911 222
1739808988118 1.7360242429697557 223
1739808988134 1.731351609296021 224
1739808988149 1.7267873228114257 225
1739808988165 1.7223287340522653 226
1739808988165 1.7179732637267955 227
1739808988181 1.7137184006505457 228
1739808988197 1.7095616997497662 229
1739808988213 1.7055007801305193 230
1739808988229 1.7015333232110135 231
1739808988245 1.6976570709149001 232
1739808988261 1.693869823923322 233
1739808988261 1.6901694399835825 234
1739808988277 1.68655383227242 235
1739808988293 1.6830209678119072 236
1739808988309 1.6795688659361199 237
1739808988325 1.6761955968067301 238
1739808988341 1.6728992799758267 239
1739808988357 1.669678082994255 240
1739808988357 1.666530220063886 241
1739808988373 1.6634539507322745 242
1739808988389 1.6604475786282071 243
1739808988405 1.6575094502367085 244
1739808988421 1.654637953712146 245
1739808988437 1.6518315177280902 246
1739808988437 1.6490886103626856 247
1739808988453 1.646407738018274 248
1739808988469 1.643787444374118 249
1739808988485 1.6412263093710744 250
1739808988500 1.6387229482271433 251
1739808988516 1.6362760104828231 252
1739808988532 1.6338841790752625 253
1739808988548 1.6315461694402718 254
1739808988548 1.6292607286411949 255
1739808988564 1.6270266345237887 256
1739808988585 1.624842694896224 257
1739808988596 1.6227077467333657 258
1739808988612 1.6206206554045277 259
1739808988627 1.6185803139239523 260
1739808988643 1.6165856422232083 261
1739808988659 1.6146355864448483 262
1739808988659 1.6127291182565933 263
1739808988675 1.6108652341853908 264
1739808988692 1.6090429549706846 265
1739808988707 1.6072613249362933 266
1739808988723 1.6055194113803006 267
1739808988739 1.603816303982337 268
1739808988755 1.6021511142277627 269
1739808988755 1.6005229748481455 270
1739808988771 1.5989310392775793 271
1739808988787 1.5973744811242794 272
1739808988803 1.5958524936570273 273
1739808988819 1.5943642893059586 274
1739808988835 1.5929090991772745 275
1739808988851 1.5914861725814242 276
1739808988867 1.5900947765743376 277
1739808988867 1.5887341955113279 278
1739808988883 1.587403730613249 279
1739808988899 1.5861026995445409 280
1739808988915 1.5848304360027934 281
1739808988931 1.5835862893194936 282
1739808988946 1.5823696240716052 283
1739808988962 1.5811798197036346 284
1739808988978 1.5800162701599132 285
1739808988978 1.578878383526742 286
1739808988994 1.5777655816841307 287
1739808989010 1.5766772999668364 288
1739808989026 1.5756129868344313 289
1739808989042 1.5745721035501266 290
1739808989058 1.573554123868084 291
1739808989074 1.5725585337290016 292
1739808989090 1.571584830963686 293
1739808989090 1.5706325250044182 294
1739808989106 1.5697011366038474 295
1739808989121 1.5687901975612413 296
1739808989137 1.5678992504558344 297
1739808989153 1.5670278483870999 298
1739808989171 1.5661755547217469 299
1739808989184 1.5653419428472164 300
1739808989194 1.564526595931555 301
1739808989201 1.5637291066894163 302
1739808989217 1.562949077154065 303
1739808989233 1.5621861184551915 304
1739808989251 1.5614398506023903 305
1739808989264 1.5607099022741249 306
1739808989270 1.5599959106120411 307
1739808989280 1.559297521020482 308
1739808989296 1.558614386971039 309
1739808989315 1.5579461698120338 310
1739808989329 1.5572925385827572 311
1739808989348 1.5566531698323791 312
1739808989360 1.5560277474433606 313
1739808989360 1.5554159624592656 314
1739808989376 1.5548175129168558 315
1739808989396 1.5542321036823452 316
1739808989408 1.5536594462917028 317
1739808989424 1.5530992587948995 318
1739808989440 1.5525512656039886 319
1739808989456 1.552015197344921 320
1739808989456 1.5514907907129913 321
1739808989472 1.5509777883318274 322
1739808989488 1.5504759386158187 323
1739808989504 1.549984995635902 324
1739808989520 1.5495047189886058 325
1739808989536 1.5490348736682813 326
1739808989551 1.5485752299424234 327
1739808989567 1.5481255632300135 328
1739808989580 1.5476856539827994 329
1739808989594 1.5472552875694257 330
1739808989607 1.5468342541623634 331
1739808989615 1.5464223486275532 332
1739808989631 1.5460193704166867 333
1739808989646 1.5456251234620701 334
1739808989660 1.545239416074004 335
1739808989673 1.5448620608406032 336
1739808989687 1.5444928745299995 337
1739808989701 1.544131677994886 338
1739808989714 1.5437782960793116 339
1739808989727 1.5434325575276873 340
1739808989742 1.5430942948959434 341
1739808989756 1.5427633444647963 342
1739808989768 1.5424395461550569 343
1739808989782 1.5421227434449214 344
1739808989796 1.5418127832892323 345
1739808989809 1.5415095160406074 346
1739808989822 1.5412127953724422 347
1739808989837 1.540922478203712 348
1739808989845 1.5406384246255205 349
1739808989863 1.5403604978293775 350
1739808989876 1.5400885640371433 351
1739808989889 1.5398224924326076 352
1739808989902 1.5395621550946739 353
1739808989917 1.5393074269320663 354
1739808989933 1.5390581856195855 355
1739808989933 1.5388143115358204 356
1739808989954 1.538575687702316 357
1739808989965 1.538342199724144 358
1739808989981 1.5381137357318417 359
1739808989997 1.537890186324706 360
1739808990013 1.5376714445153792 361
1739808990029 1.5374574056757186 362
1739808990044 1.537247967483913 363
1739808990060 1.5370430298728128 364
1739808990060 1.5368424949794486 365
1739808990076 1.5366462670957086 366
1739808990093 1.5364542526201366 367
1739808990116 1.5362663600108566 368
1739808990124 1.536082499739548 369
1739808990140 1.535902584246487 370
1739808990140 1.5357265278966183 371
1739808990156 1.5355542469366223 372
1739808990172 1.5353856594529567 373
1739808990188 1.5352206853308639 374
1739808990204 1.5350592462143071 375
1739808990220 1.5349012654668195 376
1739808990236 1.5347466681332322 377
1739808990243 1.5345953809022905 378
1739808990252 1.5344473320701009 379
1739808990268 1.5343024515044137 380
1739808990284 1.534160670609718 381
1739808990299 1.5340219222931202 382
1739808990315 1.5338861409309956 383
1739808990331 1.5337532623364047 384
1739808990347 1.5336232237272145 385
1739808990347 1.533495963694992 386
1739808990363 1.5333714221745378 387
1739808990379 1.5332495404141557 388
1739808990395 1.5331302609465707 389
1739808990411 1.5330135275604977 390
1739808990427 1.532899285272863 391
1739808990427 1.5327874803016368 392
1739808990443 1.5326780600392906 393
1739808990466 1.5325709730268375 394
1739808990475 1.5324661689284642 395
1739808990491 1.5323635985067225 396
1739808990507 1.5322632135982972 397
1739808990523 1.5321649670902855 398
1739808990523 1.5320688128970348 399
1739808990539 1.5319747059374875 400
1739808990555 1.5318826021130363 401
1739808990571 1.5317924582858635 402
1739808990586 1.5317042322577832 403
1739808990602 1.531617882749546 404
1739808990602 1.531533369380598 405
1739808990618 1.5314506526493041 406
1739808990634 1.5313696939136106 407
1739808990650 1.531290455372135 408
1739808990666 1.5312129000456673 409
1739808990682 1.5311369917591144 410
1739808990698 1.5310626951238089 411
1739808990714 1.5309899755202374 412
1739808990714 1.530918799081142 413
1739808990730 1.5308491326750024 414
1739808990746 1.5307809438898807 415
1739808990761 1.5307142010176271 416
1739808990777 1.5306488730384424 417
1739808990794 1.5305849296057694 418
1739808990810 1.530522341031537 419
1739808990815 1.5304610782717074 420
1739808990826 1.5304011129121753 421
1739808990842 1.5303424171549527 422
1739808990858 1.5302849638046774 423
1739808990874 1.5302287262554066 424
1739808990890 1.5301736784777122 425
1739808990906 1.5301197950060585 426
1739808990906 1.5300670509264656 427
1739808990921 1.5300154218644269 428
1739808990937 1.5299648839731206 429
1739808990953 1.5299154139218591 430
1739808990969 1.5298669888848089 431
1739808990985 1.5298195865299486 432
1739808991001 1.529773185008272 433
1739808991017 1.5297277629432489 434
1739808991017 1.5296832994204845 435
1739808991033 1.5296397739776328 436
1739808991049 1.5295971665945314 437
1739808991065 1.5295554576835322 438
1739808991081 1.5295146280800787 439
1739808991097 1.5294746590334565 440
1739808991113 1.5294355321977755 441
1739808991113 1.5293972296231324 442
1739808991129 1.5293597337469793 443
1739808991145 1.529323027385674 444
1739808991160 1.5292870937262208 445
1739808991176 1.529251916318192 446
1739808991192 1.5292174790658328 447
1739808991208 1.5291837662203263 448
1739808991208 1.5291507623722387 449
1739808991224 1.5291184524441361 450
1739808991240 1.5290868216833438 451
1739808991257 1.529055855654883 452
1739808991272 1.529025540234567 453
1739808991288 1.528995861602214 454
1739808991304 1.528966806235061 455
1739808991320 1.528938360901274 456
1739808991320 1.5289105126536326 457
1739808991341 1.5288832488233397 458
1739808991361 1.528856557013969 459
1739808991373 1.528830425095547 460
1739808991383 1.5288048411987596 461
1739808991399 1.5287797937092904 462
1739808991399 1.5287552712622925 463
1739808991414 1.5287312627369536 464
1739808991441 1.5287077572512098 465
1739808991454 1.5286847441565643 466
1739808991461 1.5286622130330147 467
1739808991477 1.5286401536840852 468
1739808991496 1.528618556132003 469
1739808991510 1.5285974106129294 470
1739808991525 1.5285767075723335 471
1739808991530 1.5285564376604532 472
1739808991541 1.5285365917278526 473
1739808991557 1.5285171608210841 474
1739808991578 1.5284981361784413 475
1739808991589 1.5284795092258054 476
1739808991604 1.52846127157258 477
1739808991620 1.5284434150077228 478
1739808991636 1.5284259314958477 479
1739808991636 1.528408813173438 480
1739808991654 1.5283920523451104 481
1739808991668 1.5283756414799896 482
1739808991684 1.5283595732081425 483
1739808991700 1.5283438403171026 484
1739808991716 1.5283284357484601 485
1739808991732 1.52831335259453 486
1739808991748 1.528298584095106 487
1739808991748 1.528284123634257 488
1739808991764 1.5282699647372233 489
1739808991780 1.5282561010673605 490
1739808991796 1.5282425264231536 491
1739808991812 1.528229234735308 492
1739808991827 1.52821622006389 493
1739808991843 1.528203476595535 494
1739808991843 1.5281909986407138 495
1739808991859 1.5281787806310672 496
1739808991875 1.5281668171167853 497
1739808991891 1.5281551027640563 498
1739808991907 1.5281436323525657 499
