1739808978334 172.50264984362664 0
1739808978348 165.6763799199927 1
1739808978356 159.13366239136658 2
1739808978373 152.8624550157809 3
1739808978388 146.85123306047848 4
1739808978388 141.0889669248483 5
1739808978406 135.56510073401293 6
1739808978421 130.2695318608934 7
1739808978437 125.19259133641506 8
1739808978452 120.32502510926875 9
1739808978471 115.65797611832151 10
1739808978484 111.1829671423742 11
1739808978500 106.89188439349967 12
1739808978516 102.77696182166255 13
1739808978532 98.83076609972537 14
1739808978538 95.04618225929084 15
1739808978548 91.41639994911269 16
1739808978564 87.93490028903781 17
1739808978580 84.59544329361744 18
1739808978596 81.3920558406494 19
1739808978611 78.31902016098853 20
1739808978627 75.37086282699204 21
1739808978643 72.54234421794897 22
1739808978643 69.82844844178543 23
1739808978659 67.22437369323654 24
1739808978675 64.72552302953733 25
1739808978691 62.32749554550837 26
1739808978706 60.02607793069985 27
1739808978723 57.817236392010926 28
1739808978739 55.69710892592216 29
1739808978754 53.66199792516808 30
1739808978754 51.708363105336595 31
1739808978771 49.83281473751215 32
1739808978787 48.03210717368345 33
1739808978802 46.303132652212966 34
1739808978818 44.64291537121815 35
1739808978834 43.04860581824137 36
1739808978850 41.51747534509138 37
1739808978850 40.04691097722168 38
1739808978866 38.6344104474733 39
1739808978882 37.277577444451445 40
1739808978898 35.97411706622834 41
1739808978914 34.721831470468665 42
1739808978930 33.51861571246094 43
1739808978946 32.36245376290822 44
1739808978946 31.25141469768503 45
1739808978961 30.183649052106308 46
1739808978977 29.157385332577586 47
1739808978993 28.17092667880562 48
1739808979009 27.222647670044555 49
1739808979025 26.31099126913636 50
1739808979045 25.434465898375116 51
1739808979056 24.591642641484146 52
1739808979072 23.78115256624275 53
1739808979088 23.001684162536584 54
1739808979104 22.251980890832794 55
1739808979104 21.530838836297697 56
1739808979119 20.8371044639827 57
1739808979135 20.169672470702544 58
1739808979151 19.527483729419895 59
1739808979167 18.909523322132163 60
1739808979183 18.31481865742999 61
1739808979199 17.74243766906314 62
1739808979215 17.191487092008774 63
1739808979230 16.66111081268879 64
1739808979246 16.150488290128674 65
1739808979264 15.658833044989493 66
1739808979277 15.1853912135375 67
1739808979295 14.7294401637436 68
1739808979309 14.290287170826312 69
1739808979325 13.867268149668583 70
1739808979335 13.459746441650223 71
1739808979342 13.067111653544423 72
1739808979356 12.68877854622858 73
1739808979372 12.32418597105741 74
1739808979388 11.972795851839564 75
1739808979403 11.634092210448205 76
1739808979419 11.307580234181357 77
1739808979435 10.992785383069592 78
1739808979451 10.689252535406734 79
1739808979467 10.39654516985382 80
1739808979483 10.114244582538356 81
1739808979499 9.841949137638988 82
1739808979499 9.57927355001126 83
1739808979515 9.325848198472766 84
1739808979531 9.081318468425648 85
1739808979547 8.845344122551953 86
1739808979562 8.617598698371737 87
1739808979578 8.397768931506665 88
1739808979594 8.185554203541498 89
1739808979610 7.980666013424229 90
1739808979626 7.782827471391156 91
1739808979642 7.591772814447247 92
1739808979642 7.407246942474063 93
1739808979658 7.229004974077676 94
1739808979675 7.0568118213272895 95
1739808979691 6.890441782572293 96
1739808979707 6.729678152560286 97
1739808979722 6.574312849112484 98
1739808979738 6.424146055644948 99
1739808979754 6.278985878854866 100
1739808979770 6.138648020920656 101
1739808979786 6.002955465592553 102
1739808979802 5.871738177577611 103
1739808979818 5.744832814648535 104
1739808979834 5.622082451930589 105
1739808979850 5.50333631784428 106
1739808979866 5.388449541204159 107
1739808979882 5.277282908995645 108
1739808979898 5.169702634372379 109
1739808979916 5.065580134436391 110
1739808979937 4.964791817382307 111
1739808979949 4.86721887860477 112
1739808979960 4.772747105385682 113
1739808979976 4.681266689794337 114
1739808979976 4.592672049449304 115
1739808979993 4.506861655806204 116
1739808980008 4.423737869649831 117
1739808980024 4.343206783483054 118
1739808980040 4.265178070518096 119
1739808980055 4.189564839988587 120
1739808980071 4.116283498512825 121
1739808980071 4.045253617250248 122
1739808980087 3.9763978046044137 123
1739808980103 3.909641584236217 124
1739808980119 3.8449132781612723 125
1739808980135 3.7821438947152375 126
1739808980151 3.7212670211800347 127
1739808980166 3.662218720872836 128
1739808980182 3.60493743450827 129
1739808980182 3.54936388565242 130
1739808980198 3.495440990094889 131
1739808980214 3.44311376897287 132
1739808980230 3.3923292654880752 133
1739808980245 3.3430364650643565 134
1739808980261 3.2951862188003194 135
1739808980261 3.2487311700774955 136
1739808980278 3.203625684190608 137
1739808980294 3.1598257808722585 138
1739808980310 3.1172890695896647 139
1739808980326 3.075974687496553 140
1739808980342 3.0358432399281194 141
1739808980358 2.996856743331897 142
1739808980374 2.9589785705318787 143
1739808980374 2.922173398227696 144
1739808980390 2.8864071566348013 145
1739808980412 2.8516469811756493 146
1739808980421 2.8178611661357507 147
1739808980444 2.7850191202020995 148
1739808980458 2.753091323804992 149
1739808980469 2.7220492881876948 150
1739808980484 2.6918655161315868 151
1739808980500 2.6625134642675112 152
1739808980500 2.633967506906989 153
1739808980528 2.606202901329845 154
1739808980540 2.579195754467406 155
1739808980548 2.5529229909231437 156
1739808980564 2.527362322274955 157
1739808980580 2.502492217605793 158
1739808980596 2.478291875211544 159
1739808980596 2.4547411954372196 160
1739808980612 2.431820754594638 161
1739808980627 2.4095117799167745 162
1739808980643 2.3877961255058127 163
1739808980660 2.3666562492337344 164
1739808980675 2.3460751905561543 165
1739808980691 2.3260365492016133 166
1739808980707 2.30652446470025 167
1739808980707 2.287523596717251 168
1739808980723 2.2690191061579412 169
1739808980739 2.250996637012826 170
1739808980755 2.233442298912163 171
1739808980770 2.21634265036097 172
1739808980787 2.1996846826265974 173
1739808980802 2.1834558042521692 174
1739808980819 2.167643826170291 175
1739808980819 2.1522369473925576 176
1739808980835 2.137223741251356 177
1739808980851 2.122593142171522 178
1739808980867 2.1083344329502647 179
1739808980883 2.094437232524752 180
1739808980904 2.080891484207585 181
1739808980914 2.067687444371214 182
1739808980930 2.054815671563138 183
1739808980946 2.042267016034533 184
1739808980962 2.0300326096655845 185
1739808980962 2.0181038562716385 186
1739808980978 2.0064724222747836 187
1739808980993 1.9951302277262726 188
1739808981009 1.9840694376657033 189
1739808981025 1.973282453803461 190
1739808981041 1.9627619065135922 191
1739808981057 1.9525006471246507 192
1739808981073 1.942491740496711 193
1739808981088 1.932728457873185 194
1739808981104 1.9232042699965188 195
1739808981104 1.9139128404773258 196
1739808981120 1.9048480194069808 197
1739808981136 1.8960038372040313 198
1739808981152 1.8873744986852388 199
1739808981168 1.8789543773524353 200
1739808981184 1.8707380098867123 201
1739808981200 1.8627200908418522 202
1739808981200 1.8548954675292022 203
1739808981216 1.8472591350865155 204
1739808981232 1.8398062317236665 205
1739808981248 1.8325320341382936 206
1739808981269 1.8254319530948298 207
1739808981279 1.8185015291606281 208
1739808981295 1.8117364285930553 209
1739808981311 1.805132439371839 210
1739808981327 1.7986854673709833 211
1739808981327 1.7923915326649944 212
1739808981343 1.7862467659642463 213
1739808981364 1.7802474051745585 214
1739808981385 1.774389792076275 215
1739808981391 1.7686703691182946 216
1739808981418 1.7630856763227183 217
1739808981434 1.7576323482959177 218
1739808981445 1.7523071113420352 219
1739808981454 1.7471067806750535 220
1739808981470 1.7420282577257349 221
1739808981486 1.737068527539911 222
1739808981486 1.7322246562646715 223
1739808981502 1.7274937887192436 224
1739808981517 1.7228731460473667 225
1739808981534 1.71836002344817 226
1739808981550 1.713951787982667 227
1739808981565 1.7096458764530713 228
1739808981582 1.7054397933522687 229
1739808981582 1.7013311088808727 230
1739808981609 1.697317457029419 231
1739808981627 1.693396533723299 232
1739808981629 1.6895660950281837 233
1739808981645 1.6858239554137406 234
1739808981660 1.6821679860735474 235
1739808981676 1.6785961132991718 236
1739808981692 1.675106316906491 237
1739808981708 1.67169662871238 238
1739808981724 1.6683651310599665 239
1739808981740 1.6651099553907527 240
1739808981756 1.6619292808619066 241
1739808981756 1.6588213330071857 242
1739808981772 1.6557843824398841 243
1739808981788 1.6528167435964174 244
1739808981803 1.649916773519055 245
1739808981819 1.6470828706764618 246
1739808981835 1.644313473820764 247
1739808981835 1.6416070608798246 248
1739808981851 1.6389621478835599 249
1739808981867 1.6363772879231013 250
1739808981883 1.6338510701416928 251
1739808981899 1.6313821187562316 252
1739808981914 1.6289690921084126 253
1739808981930 1.6266106817444879 254
1739808981946 1.6243056115226455 255
1739808981962 1.6220526367471109 256
1739808981962 1.6198505433280515 257
1739808981977 1.6176981469664298 258
1739808981994 1.6155942923629953 259
1739808982009 1.6135378524505637 260
1739808982025 1.611527727648872 261
1739808982041 1.6095628451412336 262
1739808982057 1.6076421581722813 263
1739808982073 1.6057646453661063 264
1739808982089 1.6039293100641563 265
1739808982089 1.602135179682202 266
1739808982105 1.60038130508581 267
1739808982120 1.5986667599836824 268
1739808982136 1.596990640338319 269
1739808982152 1.595352063793422 270
1739808982168 1.5937501691175413 271
1739808982184 1.5921841156634227 272
1739808982184 1.5906530828425605 273
1739808982200 1.5891562696144914 274
1739808982224 1.5876928939903556 275
1739808982232 1.5862621925502909 276
1739808982247 1.5848634199742033 277
1739808982263 1.583495848585533 278
1739808982279 1.5821587679075981 279
1739808982295 1.5808514842321033 280
1739808982295 1.5795733201995017 281
1739808982311 1.5783236143907788 282
1739808982326 1.5771017209303682 283
1739808982343 1.5759070090998148 284
1739808982359 1.574738862961896 285
1739808982375 1.5735966809948694 286
1739808982390 1.572479875736538 287
1739808982390 1.5713878734378584 288
1739808982406 1.57032011372579 289
1739808982422 1.5692760492751177 290
1739808982440 1.5682551454889837 291
1739808982453 1.5672568801878706 292
1739808982469 1.5662807433067996 293
1739808982485 1.5653262366004628 294
1739808982501 1.5643928733561188 295
1739808982501 1.5634801781139893 296
1739808982521 1.5625876863949304 297
1739808982533 1.5617149444351934 298
1739808982549 1.5608615089280793 299
1739808982565 1.560026946772235 300
1739808982580 1.5592108348264853 301
1739808982596 1.558412759670932 302
1739808982596 1.5576323173742084 303
1739808982616 1.556869113266662 304
1739808982644 1.5561227617193536 305
1739808982653 1.5553928859286517 306
1739808982658 1.5546791177063144 307
1739808982674 1.5539810972748815 308
1739808982690 1.553298473068233 309
1739808982712 1.5526309015371715 310
1739808982726 1.5519780469599034 311
1739808982737 1.5513395812572524 312
1739808982753 1.5507151838125104 313
1739808982753 1.5501045412957897 314
1739808982770 1.54950734749273 315
1739808982785 1.5489233031374838 316
1739808982801 1.548352115749827 317
1739808982817 1.547793499476298 318
1739808982833 1.5472471749352834 319
1739808982849 1.5467128690658787 320
1739808982849 1.546190314980494 321
1739808982865 1.5456792518210747 322
1739808982880 1.5451794246188293 323
1739808982896 1.544690584157383 324
1739808982912 1.5442124868392832 325
1739808982928 1.5437448945557406 326
1739808982944 1.5432875745595374 327
1739808982944 1.5428402993410237 328
1739808982959 1.5424028465071022 329
1739808982975 1.5419749986631353 330
1739808982992 1.5415565432977207 331
1739808983008 1.5411472726702153 332
1739808983024 1.540746983700975 333
1739808983042 1.54035547786422 334
1739808983056 1.539972561083467 335
1739808983056 1.5395980436294703 336
1739808983071 1.5392317400205813 337
1739808983087 1.538873468925497 338
1739808983104 1.5385230530683054 339
1739808983125 1.5381803191358183 340
1739808983135 1.5378450976870535 341
1739808983151 1.5375172230649048 342
1739808983167 1.5371965333098752 343
1739808983167 1.5368828700758557 344
1739808983183 1.5365760785478875 345
1739808983199 1.5362760073618595 346
1739808983215 1.535982508526097 347
1739808983231 1.5356954373447833 348
1739808983247 1.5354146523431913 349
1739808983262 1.5351400151946448 350
1739808983262 1.5348713906492142 351
1739808983278 1.5346086464640472 352
1739808983294 1.5343516533353598 353
1739808983310 1.5341002848319685 354
1739808983326 1.5338544173304118 355
1739808983342 1.5336139299515577 356
1739808983358 1.5333787044986757 357
1739808983358 1.5331486253969664 358
1739808983375 1.532923579634476 359
1739808983391 1.53270345670438 360
1739808983407 1.5324881485486066 361
1739808983423 1.532277549502755 362
1739808983439 1.5320715562422897 363
1739808983455 1.5318700677299681 364
1739808983470 1.5316729851644835 365
1739808983470 1.5314802119302908 366
1739808983486 1.5312916535485774 367
1739808983502 1.5311072176293603 368
1739808983518 1.5309268138246939 369
1739808983536 1.530750353782928 370
1739808983536 1.5305777511040297 371
1739808983555 1.5304089212959253 372
1739808983566 1.5302437817318362 373
1739808983582 1.5300822516085772 374
1739808983598 1.5299242519058343 375
1739808983614 1.5297697053463395 376
1739808983629 1.5296185363569745 377
1739808983645 1.5294706710307506 378
1739808983645 1.5293260370896453 379
1739808983661 1.529184563848306 380
1739808983677 1.5290461821785504 381
1739808983693 1.5289108244746896 382
1739808983709 1.528778424619636 383
1739808983725 1.5286489179517688 384
1739808983741 1.528522241232563 385
1739808983741 1.528398332614942 386
1739808983757 1.5282771316123402 387
1739808983773 1.528158579068484 388
1739808983789 1.528042617127832 389
1739808983805 1.5279291892066966 390
1739808983821 1.5278182399650169 391
1739808983837 1.5277097152787604 392
1739808983853 1.5276035622129496 393
1739808983853 1.527499728995293 394
1739808983869 1.5273981649904163 395
1739808983885 1.5272988206746703 396
1739808983901 1.527201647611498 397
1739808983917 1.527106598427357 398
1739808983932 1.527013626788199 399
1739808983948 1.5269226873764492 400
1739808983964 1.526833735868524 401
1739808983964 1.5267467289128396 402
1739808983980 1.5266616241083233 403
1739808984002 1.5265783799833963 404
1739808984012 1.5264969559754333 405
1739808984028 1.5264173124106757 406
1739808984044 1.5263394104846084 407
1739808984044 1.5262632122427533 408
1739808984060 1.5261886805619034 409
1739808984076 1.5261157791317839 410
1739808984092 1.5260444724371074 411
1739808984108 1.5259747257400356 412
1739808984124 1.525906505063039 413
1739808984140 1.5258397771721273 414
1739808984156 1.5257745095604547 415
1739808984156 1.5257106704323027 416
1739808984171 1.525648228687409 417
1739808984187 1.5255871539056414 418
1739808984203 1.5255274163320274 419
1739808984219 1.525468986862097 420
1739808984235 1.5254118370275715 421
1739808984243 1.5253559389823586 422
1739808984251 1.5253012654888574 423
1739808984267 1.5252477899045724 424
1739808984283 1.525195486169031 425
1739808984299 1.5251443287909727 426
1739808984315 1.5250942928358435 427
1739808984331 1.5250453539135493 428
1739808984346 1.5249974881664952 429
1739808984346 1.5249506722578834 430
1739808984362 1.5249048833602732 431
1739808984378 1.5248600991443864 432
1739808984394 1.5248162977681703 433
1739808984410 1.5247734578661014 434
1739808984426 1.5247315585387238 435
1739808984442 1.524690579342412 436
1739808984442 1.524650500279378 437
1739808984458 1.5246113017878793 438
1739808984474 1.5245729647326578 439
1739808984496 1.524535470395587 440
1739808984506 1.5244988004665192 441
1739808984522 1.5244629370343405 442
1739808984522 1.5244278625782284 443
1739808984540 1.5243935599590863 444
1739808984554 1.5243600124111902 445
1739808984570 1.5243272035339945 446
1739808984585 1.5242951172841448 447
1739808984601 1.5242637379676356 448
1739808984601 1.5242330502321773 449
1739808984618 1.5242030390597034 450
1739808984633 1.5241736897590559 451
1739808984649 1.5241449879588227 452
1739808984665 1.5241169196003443 453
1739808984681 1.5240894709308699 454
1739808984696 1.524062628496862 455
1739808984696 1.5240363791374483 456
1739808984712 1.5240107099780202 457
1739808984728 1.523985608423971 458
1739808984744 1.5239610621545792 459
1739808984760 1.5239370591170085 460
1739808984776 1.5239135875204557 461
1739808984792 1.5238906358304303 462
1739808984808 1.5238681927631377 463
1739808984822 1.5238462472800147 464
1739808984832 1.5238247885823664 465
1739808984839 1.523803806106116 466
1739808984855 1.5237832895166974 467
1739808984871 1.523763228704026 468
1739808984889 1.5237436137776064 469
1739808984902 1.5237244350617336 470
1739808984911 1.5237056830908053 471
1739808984917 1.5236873486047338 472
1739808984933 1.5236694225444647 473
1739808984952 1.5236518960475791 474
