1739809344860 167.7505505567453 0
1739809344876 162.9827091302551 1
1739809344892 167.9736933887348 2
1739809344908 162.9380722479613 3
1739809344924 165.33271309066893 4
1739809344942 164.97734430428395 5
1739809344956 165.88710503780328 6
1739809344971 164.20734805802448 7
1739809344988 158.03884583792896 8
1739809345004 162.5340677934928 9
1739809345019 157.8758157518637 10
1739809345036 163.5380937661477 11
1739809345052 165.0135791994953 12
1739809345068 164.98903848739818 13
1739809345084 155.9960562056107 14
1739809345100 162.47902508809622 15
1739809345116 164.11234912650087 16
1739809345132 162.26933406917865 17
1739809345148 166.31742704804557 18
1739809345164 159.12131618770798 19
1739809345172 157.27219531631073 20
1739809345180 152.13071648866054 21
1739809345196 157.82922240169782 22
1739809345212 149.5226967251473 23
1739809345227 153.61081562830816 24
1739809345243 156.77304621674676 25
1739809345259 158.7240915141118 26
1739809345275 163.26579324504786 27
1739809345291 157.78230352421357 28
1739809345307 157.1181312736895 29
1739809345322 154.69423625375074 30
1739809345338 158.19324113638822 31
1739809345354 157.10618206787515 32
1739809345370 151.3916304053433 33
1739809345385 148.8642847590149 34
1739809345401 150.05408631789197 35
1739809345417 152.62584565510886 36
1739809345433 153.54074966742118 37
1739809345449 143.18364297651425 38
1739809345465 148.37446511761016 39
1739809345481 146.43949055707148 40
1739809345499 148.2580096068008 41
1739809345513 140.22187166747995 42
1739809345529 145.1587161265862 43
1739809345545 145.1181809452206 44
1739809345561 142.3762232536476 45
1739809345576 146.12475796170412 46
1739809345593 148.24459710617958 47
1739809345608 145.5507649909275 48
1739809345624 146.45531185804774 49
1739809345624 142.9986209002702 50
1739809345640 142.00691646076206 51
1739809345656 141.9999434360548 52
1739809345677 143.2020585959167 53
1739809345700 139.92295438593047 54
1739809345713 139.28600856277043 55
1739809345719 145.89661761635818 56
1739809345735 137.19165216743474 57
1739809345751 152.75933081173952 58
1739809345768 141.81648942664063 59
1739809345789 140.71344143205508 60
1739809345806 134.34965974586612 61
1739809345820 136.1211754901141 62
1739809345834 139.55532593147106 63
1739809345846 134.02839486668702 64
1739809345862 136.46439183864956 65
1739809345879 135.90471708458674 66
1739809345894 140.55093237745976 67
1739809345912 141.37139146265298 68
1739809345926 132.72061214222956 69
1739809345942 134.26623648286574 70
1739809345957 137.13135638866862 71
1739809345973 133.60762641766033 72
1739809345989 138.93906392027807 73
1739809346005 136.3055344603178 74
1739809346021 131.96154928598386 75
1739809346037 133.02720116420224 76
1739809346052 130.8802150414104 77
1739809346068 134.72260769313505 78
1739809346082 136.5902000479832 79
1739809346096 130.99063020876534 80
1739809346111 134.0842894696351 81
1739809346127 133.34807463914623 82
1739809346143 129.58334838233623 83
1739809346161 131.18673619566877 84
1739809346162 132.67641516145713 85
1739809346178 129.1574507923417 86
1739809346194 124.94129703893391 87
1739809346210 125.41834913093884 88
1739809346226 127.93030026908818 89
1739809346241 129.38018417077828 90
1739809346258 127.1183896809317 91
1739809346274 129.18263695057212 92
1739809346295 127.70777007740557 93
1739809346305 127.51464499937605 94
1739809346321 123.66383477893685 95
1739809346337 122.05969273444184 96
1739809346364 121.77490832164203 97
1739809346379 122.72060648461483 98
1739809346399 126.62848781471247 99
1739809346415 127.14658464792954 100
1739809346431 126.0965025972866 101
1739809346447 125.18057756490953 102
1739809346447 123.31321247063042 103
1739809346463 121.60916682238756 104
1739809346479 121.29606816484775 105
1739809346494 126.09117627138242 106
1739809346512 119.12523330117175 107
1739809346526 119.34359907156771 108
1739809346542 120.6363078364194 109
1739809346558 124.46301714811645 110
1739809346574 121.84802743393897 111
1739809346606 117.8573398993256 112
1739809346622 121.80422651637262 113
1739809346638 121.67008201677649 114
1739809346654 120.71590929535368 115
1739809346654 121.12851696379258 116
1739809346669 124.22080987457979 117
1739809346685 118.15990229068863 118
1739809346701 117.12861404800834 119
1739809346717 116.80119268794498 120
1739809346733 114.20214491048894 121
1739809346749 111.57786616478245 122
1739809346765 116.46747725707635 123
1739809346781 120.1592529482258 124
1739809346797 115.58957619392876 125
1739809346813 118.63323087499916 126
1739809346829 112.1651363584465 127
1739809346845 111.32971556555138 128
1739809346861 111.70033582570362 129
1739809346877 115.18231759116236 130
1739809346893 113.37659807975272 131
1739809346908 115.80920508684486 132
1739809346924 112.47338431131432 133
1739809346940 106.526819673139 134
1739809346956 111.92335297617491 135
1739809346971 112.60787443357614 136
1739809346988 117.9804703562244 137
1739809347003 108.75591397776486 138
1739809347019 111.37020240176254 139
1739809347035 111.04800563956289 140
1739809347051 108.47193703643048 141
1739809347051 108.36993897538217 142
1739809347067 111.06152817883176 143
1739809347083 112.48051891611753 144
1739809347099 111.12480845730633 145
1739809347115 108.05168719252687 146
1739809347131 108.61176484464056 147
1739809347147 105.68401542060181 148
1739809347165 104.38778730721307 149
1739809347179 108.85876603407192 150
1739809347195 110.10914230061007 151
1739809347211 103.7855935676833 152
1739809347226 110.6837999839834 153
1739809347242 104.31242955527193 154
1739809347258 103.51694391982547 155
1739809347274 103.67355736130466 156
1739809347289 103.61802691478745 157
1739809347305 106.09655876379226 158
1739809347321 108.05082290536772 159
1739809347337 107.63200616690527 160
1739809347353 103.59636784967417 161
1739809347369 100.99287487123654 162
1739809347385 107.74149923959604 163
1739809347401 110.60681465813063 164
1739809347417 104.41741637554182 165
1739809347433 106.19621929149606 166
1739809347449 105.14024818264441 167
1739809347449 98.90159889568679 168
1739809347465 102.01433864353268 169
1739809347481 98.80294686599139 170
1739809347496 98.7525773635783 171
1739809347512 105.2573011526827 172
1739809347528 100.76881270636446 173
1739809347544 98.84149911951513 174
1739809347560 97.25715552777619 175
1739809347576 100.32191118223628 176
1739809347592 99.18915891523778 177
1739809347608 100.43174556007834 178
1739809347623 99.308134935839 179
1739809347639 95.16310756676081 180
1739809347655 96.83161697923185 181
1739809347671 95.3619460341405 182
1739809347687 92.66548179803594 183
1739809347703 98.14869105723218 184
1739809347719 96.1661825736525 185
1739809347735 94.76013739796002 186
1739809347751 96.06518415937934 187
1739809347767 96.85601180892698 188
1739809347783 97.39636788715252 189
1739809347799 93.58426691808049 190
1739809347815 94.16183218602181 191
1739809347831 98.6563626003993 192
1739809347847 96.28781909026445 193
1739809347863 97.84253775660368 194
1739809347879 94.79069360542861 195
1739809347893 94.15479523307339 196
1739809347904 91.98785016931257 197
1739809347910 91.27232579324253 198
1739809347926 96.996433505119 199
1739809347942 91.59781497017048 200
1739809347972 91.68288113844487 201
1739809347988 92.64693418553509 202
1739809348003 89.72392034844088 203
1739809348010 93.71970083912984 204
1739809348025 93.7259865506601 205
1739809348036 90.95698988688744 206
1739809348052 91.28841419697358 207
1739809348069 92.1200379143619 208
1739809348084 87.61760000237456 209
1739809348100 92.31681798288483 210
1739809348116 89.99608642455162 211
1739809348136 86.0400559574602 212
1739809348148 91.77559034826854 213
1739809348164 86.3429546757 214
1739809348184 87.93096173575825 215
1739809348196 95.87444454486031 216
1739809348212 87.46844509732959 217
1739809348228 89.1763482599578 218
1739809348243 87.09293397363368 219
1739809348259 87.57196287072573 220
1739809348275 88.96541264502537 221
1739809348291 85.61647757986194 222
1739809348307 82.71132333031443 223
1739809348323 85.21764685450601 224
1739809348339 83.06210252532625 225
1739809348355 85.8658982045384 226
1739809348371 85.34360863027773 227
1739809348387 86.50799275131013 228
1739809348387 85.87972970887913 229
1739809348402 89.7502145643818 230
1739809348419 88.77736926453905 231
1739809348434 93.97029685042443 232
1739809348451 85.3276624800375 233
1739809348467 84.59667868539518 234
1739809348483 82.6291671952446 235
1739809348498 83.60708142484927 236
1739809348514 87.39124214157918 237
1739809348530 84.1239328163181 238
1739809348546 82.26221348914802 239
1739809348561 84.39327554888226 240
1739809348577 84.2554567614803 241
1739809348593 83.55450242701464 242
1739809348608 81.35416092361413 243
1739809348624 82.66526645244664 244
1739809348640 84.88743473632937 245
1739809348656 84.2519055024025 246
1739809348672 80.13545488664258 247
1739809348689 78.99753839469663 248
1739809348705 80.43498626493724 249
1739809348721 83.09317288767008 250
1739809348737 77.31090503232237 251
1739809348753 77.10736334936688 252
1739809348770 79.26397114221747 253
1739809348785 80.0852427704504 254
1739809348801 81.34739221700143 255
1739809348816 77.34167619771323 256
1739809348832 80.75108331066392 257
1739809348848 82.10689065586503 258
1739809348848 79.62209062268096 259
1739809348864 81.8154568430751 260
1739809348880 80.1815594028341 261
1739809348896 77.7596690898747 262
1739809348912 75.98009108435903 263
1739809348928 74.71422246352331 264
1739809348944 76.89549517234198 265
1739809348959 77.546922958799 266
1739809348975 75.52032182301124 267
1739809348991 76.6085466920817 268
1739809349007 75.03521183624373 269
1739809349023 74.93474293091732 270
1739809349039 76.204970309167 271
1739809349055 75.65309264690696 272
1739809349071 76.85847302962492 273
1739809349086 74.15528255819194 274
1739809349102 75.02011573130584 275
1739809349118 74.97034749702325 276
1739809349134 74.91890772088655 277
1739809349150 74.848492058804 278
1739809349168 74.03929071013117 279
1739809349182 72.27906159738772 280
1739809349199 73.04374295545142 281
1739809349215 72.48447670206899 282
1739809349231 74.21948651153873 283
1739809349247 71.69315305451747 284
1739809349262 71.08288098497663 285
1739809349278 71.29017942849728 286
1739809349294 76.8529487951329 287
1739809349312 79.7333738640091 288
1739809349326 74.07056994774813 289
1739809349342 74.39601464113852 290
1739809349358 71.1623059994354 291
1739809349373 71.83888100542437 292
1739809349389 73.82586936559254 293
1739809349405 72.00888520974966 294
1739809349405 71.74196157623865 295
1739809349420 71.23018055787236 296
1739809349436 67.8771482272946 297
1739809349452 72.55127817264996 298
1739809349468 70.5640439770317 299
1739809349484 69.70998797517308 300
1739809349500 69.38184669956522 301
1739809349516 70.53294554504782 302
1739809349532 71.67517297610192 303
1739809349548 72.04150626402658 304
1739809349564 67.15312298596247 305
1739809349580 67.27226996670562 306
1739809349596 69.53920589415453 307
1739809349612 65.5312146357772 308
1739809349628 65.64188211008602 309
1739809349644 71.51175916187023 310
1739809349660 67.49913613348889 311
1739809349676 67.60380203367205 312
1739809349692 68.71603400710727 313
1739809349707 70.0920180679212 314
1739809349723 67.38566839068935 315
1739809349739 67.14725594604668 316
1739809349755 66.14661835374106 317
1739809349771 68.68001375916013 318
1739809349786 65.58694693036014 319
1739809349802 66.79201996003633 320
1739809349818 69.90326444886811 321
1739809349834 66.76874830159026 322
1739809349850 66.7003532215406 323
1739809349866 67.01400928978848 324
1739809349882 65.0614540749379 325
1739809349897 62.87414917180327 326
1739809349897 64.93709280393048 327
1739809349913 66.45352518729722 328
1739809349929 62.03653968204877 329
1739809349945 62.04892636947387 330
1739809349961 63.46320227299212 331
1739809349977 65.09517602295398 332
1739809349993 64.56241143568816 333
1739809350009 58.79000838654714 334
1739809350032 63.24320547344229 335
1739809350040 57.78904361703821 336
1739809350066 62.98528077471103 337
1739809350081 59.57995467644368 338
1739809350090 63.9551556190168 339
1739809350102 61.792079838516024 340
1739809350118 61.96447633762693 341
1739809350134 66.02056057569934 342
1739809350151 58.613644789192605 343
1739809350166 61.44952382777715 344
1739809350188 61.34610180921502 345
1739809350205 60.98832365276872 346
1739809350218 60.282101770224855 347
1739809350229 61.21759494830495 348
1739809350245 64.05958690546171 349
1739809350261 61.185976629663244 350
1739809350276 59.73694737576387 351
1739809350292 61.38035609317687 352
1739809350308 60.64066816680169 353
1739809350325 58.392324163684314 354
1739809350340 61.85422937282755 355
1739809350356 59.099769686894376 356
1739809350372 59.24106659965812 357
1739809350388 57.22493550206345 358
1739809350388 59.230908779916035 359
1739809350404 58.80410082174619 360
1739809350420 58.80313037223901 361
1739809350436 55.067524452055146 362
1739809350452 57.5248247546765 363
1739809350468 60.58977408583372 364
1739809350484 58.98091236477927 365
1739809350500 59.2295772898801 366
1739809350515 55.69422706108271 367
1739809350531 59.020899074386755 368
1739809350547 58.90885978773048 369
1739809350563 57.55977255262928 370
1739809350579 54.76834276536526 371
1739809350595 57.14281046499883 372
1739809350611 56.080070763582675 373
1739809350627 57.41359995150297 374
1739809350642 56.32789302914378 375
1739809350658 57.715039341328776 376
1739809350674 55.602152464266254 377
1739809350691 57.208516555616995 378
1739809350706 54.84588889758209 379
1739809350722 56.68082481437884 380
1739809350722 59.1363181953083 381
1739809350738 54.638820688031835 382
1739809350754 56.242838093852896 383
1739809350770 53.86183269660753 384
1739809350786 54.63924379644221 385
1739809350802 54.32783203072457 386
1739809350818 56.212126303132706 387
1739809350834 56.746517441048276 388
1739809350850 54.44067594796999 389
1739809350870 55.247936389757946 390
1739809350881 53.29982843709142 391
1739809350900 52.67304287705506 392
1739809350916 51.71891375666766 393
1739809350931 51.20462727475001 394
1739809350945 54.66527706167234 395
1739809350961 52.60834388414807 396
1739809350977 53.281408817227586 397
1739809350993 53.07228177519098 398
1739809351009 52.68090146424323 399
1739809351025 53.687787559876604 400
1739809351041 53.50479259303368 401
1739809351053 51.858364034849394 402
1739809351057 52.69887574707618 403
1739809351082 53.24310300421994 404
1739809351091 50.52599258179034 405
1739809351115 50.39695742547709 406
1739809351120 51.78625064818711 407
1739809351146 51.27239204259202 408
1739809351161 50.84938177925534 409
1739809351177 52.24366595571129 410
1739809351185 50.596299854965835 411
1739809351208 51.34902564022373 412
1739809351216 50.86179850800265 413
1739809351239 50.08824936736617 414
1739809351248 48.91402751092538 415
1739809351269 50.85798147204291 416
1739809351280 53.87743531305332 417
1739809351301 55.7013332181363 418
1739809351312 49.57363459916388 419
1739809351332 50.574797893392464 420
1739809351344 50.306559224518345 421
1739809351363 51.40964563732514 422
1739809351375 49.20367507193491 423
1739809351394 49.48666798745348 424
1739809351407 47.642393723134525 425
1739809351425 49.422216167995764 426
1739809351440 48.64796524118138 427
1739809351456 49.8156572815363 428
1739809351472 48.26026100864819 429
1739809351488 47.50959226308464 430
1739809351504 48.15112069791262 431
1739809351520 46.49298273772128 432
1739809351535 49.134821333235045 433
1739809351551 47.0938699711297 434
1739809351567 48.003413630187325 435
1739809351578 48.1000994428292 436
1739809351595 46.88733972006895 437
1739809351609 47.01791384874334 438
1739809351615 48.13314643997422 439
1739809351639 48.14504138237528 440
1739809351647 45.50260099694934 441
1739809351670 48.11557209767185 442
1739809351688 46.273538477414874 443
1739809351701 47.903060925135485 444
1739809351711 46.37644004033548 445
1739809351731 47.815773612584664 446
1739809351742 47.2704400675353 447
1739809351762 46.70999708555966 448
1739809351774 45.0992279278155 449
1739809351792 44.236795365522774 450
1739809351806 47.56775718219819 451
1739809351824 45.39412979468991 452
1739809351838 45.054167060749684 453
1739809351853 44.29966423337697 454
1739809351869 46.9882235199077 455
1739809351885 46.54330996365403 456
1739809351901 44.531291123067575 457
1739809351917 45.32958231852795 458
1739809351932 47.28163320703834 459
1739809351948 46.022854394189885 460
1739809351964 46.77333205680988 461
1739809351977 41.38340690201947 462
1739809351980 43.75770163864857 463
1739809352007 44.43127274902863 464
1739809352012 44.13519544833713 465
1739809352038 45.64145705676551 466
1739809352059 43.664953143760656 467
1739809352075 43.426851842651224 468
1739809352091 44.278385728756554 469
1739809352103 45.07557928064863 470
1739809352109 42.662269875777 471
1739809352133 41.921185393768305 472
1739809352139 43.83107899019718 473
1739809352164 43.074489636983664 474
1739809352171 42.807222801196254 475
1739809352194 42.34762986799015 476
1739809352210 42.187901355264856 477
1739809352224 43.46766326380715 478
1739809352239 42.248282442717716 479
1739809352257 41.545396794731126 480
1739809352272 42.127449660077495 481
1739809352284 44.032890139052945 482
1739809352296 43.84451280149542 483
1739809352314 44.632721323826225 484
1739809352329 43.12635743620892 485
1739809352343 42.87920018255353 486
1739809352363 43.21119323311978 487
1739809352378 41.693834655588596 488
1739809352391 40.64666404034316 489
1739809352406 43.29145978417274 490
1739809352422 41.6500072145781 491
1739809352439 42.6883973833063 492
1739809352439 41.507949600797254 493
1739809352465 43.069367680399644 494
1739809352470 40.19835244336989 495
1739809352496 39.37639962511152 496
1739809352503 39.47747253775692 497
1739809352527 43.66041003234967 498
1739809352534 40.49716911318507 499
