1739809364467 0.5690276769882563 0
1739809364532 0.7871978243373802 1
1739809364595 2.7808362147101153 2
1739809364660 2.2001199516801333 3
1739809364724 1.4347579783739066 4
1739809364788 1.4688730479544252 5
1739809364878 1.8920233018027597 6
1739809364947 2.023914344518581 7
1739809365011 2.543623385902896 8
1739809365075 0.3475580396763537 9
1739809365139 1.4443403881177554 10
1739809365202 1.450679483047714 11
1739809365265 1.0468111690738133 12
1739809365329 1.6573882856894764 13
1739809365408 1.3753140801943429 14
1739809365472 2.7242438095079007 15
1739809365543 0.6957104088539541 16
1739809365614 1.1869136340797517 17
1739809365677 0.3850493445665748 18
1739809365741 1.4006111586411678 19
1739809365806 1.2708157282506307 20
1739809365885 3.81042794099849 21
1739809365948 1.0521698016880296 22
1739809366018 1.2324341511931383 23
1739809366075 2.0930589296417876 24
1739809366138 1.271986865213025 25
1739809366202 1.4090072451058262 26
1739809366282 1.4803135606814588 27
1739809366346 3.59829810991152 28
1739809366409 2.8256521155186394 29
1739809366473 3.407386164513544 30
1739809366537 1.8020521858979386 31
1739809366617 0.004740740162871109 32
1739809366681 2.5678610470787646 33
1739809366745 0.7532158916329126 34
1739809366809 1.6532984398561539 35
1739809366872 3.1725793893817538 36
1739809366936 1.5135830552189367 37
1739809367000 2.1884382372894646 38
1739809367080 4.999429200199897 39
1739809367144 1.1912295109378912 40
1739809367207 1.388936617443032 41
1739809367271 1.641092766166237 42
1739809367336 0.9877435089682098 43
1739809367400 1.1060178674128824 44
1739809367464 2.609986681514572 45
1739809367543 0.5635934312233273 46
1739809367606 2.2996090184120614 47
1739809367676 0.35769531680542616 48
1739809367732 0.861827350096878 49
1739809367812 2.2988680665600962 50
1739809367881 0.586104781925364 51
1739809367939 1.5247968562327114 52
1739809368002 0.20640602871194344 53
1739809368067 2.3289259068792756 54
1739809368146 0.8101861097083723 55
1739809368211 1.5714354820210452 56
1739809368275 2.962784442175329 57
1739809368341 1.6604255865188673 58
1739809368408 2.4533534024543378 59
1739809368466 0.43096491673587217 60
1739809368529 1.179862745447836 61
1739809368609 0.36213277835994334 62
1739809368672 2.7419504720807404 63
1739809368736 1.020823238018426 64
1739809368799 1.8505672134456022 65
1739809368863 1.5905138356568027 66
1739809368926 1.6113038229248977 67
1739809369005 1.371443442592919 68
1739809369069 1.3265238716702499 69
1739809369133 0.8572002482699905 70
1739809369197 3.9624269648146884 71
1739809369261 1.4155704846821136 72
1739809369325 0.5605850590788966 73
1739809369404 1.3297067907752207 74
1739809369467 2.032292701139314 75
1739809369530 1.7666185831591925 76
1739809369593 1.8343531870670715 77
1739809369657 1.7156522054767167 78
1739809369736 1.0097152034878079 79
1739809369803 3.033118342819618 80
1739809369873 0.05176064770702983 81
1739809369940 0.9144257216375581 82
1739809370003 4.153981917548306 83
1739809370067 0.09684191329817739 84
1739809370130 0.6836683659581062 85
1739809370193 3.073050191417197 86
1739809370272 0.2476348174737735 87
1739809370336 2.888534812117084 88
1739809370400 1.1245656607663586 89
1739809370463 1.1815480582391418 90
1739809370527 0.5955885269711565 91
1739809370591 0.9288131905614944 92
1739809370655 0.8198640221467198 93
1739809370734 2.1403950509204175 94
1739809370797 0.4917957227569878 95
1739809370861 4.635093207101076 96
1739809370924 1.962990375580981 97
1739809370988 2.022604178237101 98
1739809371068 0.6673005186379829 99
1739809371134 0.4897304351763161 100
1739809371195 0.06671109470543393 101
1739809371259 0.8929221664158207 102
1739809371324 0.7688189250261216 103
1739809371387 0.837550123216833 104
1739809371451 2.853412129225487 105
1739809371530 1.068526662287463 106
1739809371593 0.6501906807132736 107
1739809371657 1.8452277126108707 108
1739809371731 0.8815568536222412 109
1739809371786 1.3627555144679502 110
1739809371849 2.214512220891416 111
1739809371929 1.0216605130031255 112
1739809371993 2.850360416409827 113
1739809372061 0.8207004839475682 114
1739809372119 1.246604726936561 115
1739809372183 0.6953248829740527 116
1739809372263 0.9410490603589147 117
1739809372326 1.8428446269172079 118
1739809372390 1.4952373019653833 119
1739809372459 2.3468533225304022 120
1739809372516 2.0369016953165318 121
1739809372595 1.7482530296212513 122
1739809372659 0.6276584048377698 123
1739809372722 0.7188407168562245 124
1739809372796 1.4785739629470231 125
1739809372848 2.4508555125947433 126
1739809372931 3.28167829553746 127
1739809372991 0.94510814054559 128
1739809373054 1.4646254572714046 129
1739809373118 1.6008460178873178 130
1739809373198 1.9420491604149805 131
1739809373261 0.581740912624115 132
1739809373325 1.269815571893505 133
1739809373388 1.8779754441114946 134
1739809373452 3.1575078374106265 135
1739809373515 0.5526017161337488 136
1739809373595 1.7818821142137808 137
1739809373659 0.21591760729607973 138
1739809373722 0.40414300156671207 139
1739809373786 2.154373095129673 140
1739809373854 1.1933423986087486 141
1739809373929 0.9133319893534462 142
1739809373992 0.353927108078123 143
1739809374057 0.5674998874182573 144
1739809374127 0.5591831937363856 145
1739809374184 1.0824631223153172 146
1739809374253 2.122018067919363 147
1739809374326 0.6455755785510656 148
1739809374389 0.8088838833367873 149
1739809374453 3.1047697489153965 150
1739809374517 0.2730728243942381 151
1739809374580 2.832651411980252 152
1739809374659 1.7273232713727757 153
1739809374723 0.2144313616757293 154
1739809374787 2.168622190455913 155
1739809374851 0.512097128197052 156
1739809374915 2.2858590237368914 157
1739809374978 1.5139047582459684 158
1739809375058 1.336713628886324 159
1739809375122 0.11383035201339209 160
1739809375185 0.7045218057435451 161
1739809375248 2.016366730015309 162
1739809375312 1.2695787016247828 163
1739809375391 0.5732179909146959 164
1739809375460 2.024682336003801 165
1739809375520 2.71039113498269 166
1739809375583 1.7661946892147158 167
1739809375662 0.3683822003740843 168
1739809375725 0.937739478015106 169
1739809375790 2.825783568377017 170
1739809375853 0.4519544388873831 171
1739809375917 3.44326031243721 172
1739809375980 0.6073079355812054 173
1739809376059 1.1527337509100908 174
1739809376123 0.8812232303369333 175
1739809376187 2.7989858261832175 176
1739809376251 1.8234247925510008 177
1739809376314 3.12484660324473 178
1739809376379 1.409739871559647 179
1739809376458 1.490722209142883 180
1739809376523 1.735856362071966 181
1739809376590 0.8684476794966531 182
1739809376664 1.5160687653428022 183
1739809376727 2.3146043409106793 184
1739809376791 0.4382716808181442 185
1739809376862 0.09258307331453997 186
1739809376918 1.5160862570932354 187
1739809376998 0.779202612539981 188
1739809377061 1.2871874245129655 189
1739809377125 3.2456979954094995 190
1739809377189 1.0160208795696084 191
1739809377253 0.2377811957586403 192
1739809377316 3.305401290749196 193
1739809377396 2.7980010133915343 194
1739809377459 1.822962633520284 195
1739809377531 1.1280325288343138 196
1739809377586 1.4715766047842447 197
1739809377649 0.8862884188059895 198
1739809377729 1.8180997899377835 199
1739809377793 4.461151795748324 200
1739809377857 2.815103678184754 201
1739809377921 0.6965983054024323 202
1739809377984 1.1837467322460538 203
1739809378063 1.2106125948048159 204
1739809378127 1.5761285692634843 205
1739809378190 2.448794961520476 206
1739809378254 1.4445075045596902 207
1739809378317 2.8097982723074533 208
1739809378380 0.9356605210263573 209
1739809378459 0.21842957038919703 210
1739809378528 0.40148449536003405 211
1739809378591 1.2496475642665212 212
1739809378648 1.23198493461492 213
1739809378712 1.589184702457124 214
1739809378791 3.8078475650934323 215
1739809378855 2.5489739711590182 216
1739809378919 1.0890044018620892 217
1739809378982 0.8294908464066999 218
1739809379046 0.5635803941105231 219
1739809379110 1.864488532391314 220
1739809379174 1.7899829175536248 221
1739809379254 2.48456382009639 222
1739809379318 2.2494440060238974 223
1739809379382 2.6806267305385725 224
1739809379445 1.0223250003314224 225
1739809379509 1.519897903015987 226
1739809379572 1.8173937399050475 227
1739809379652 1.3751280831326447 228
1739809379715 1.23396543230654 229
1739809379779 1.3647557583514502 230
1739809379843 1.1526830137592643 231
1739809379906 2.2705126102533018 232
1739809379970 1.9012837375958442 233
1739809380049 0.5488334186779071 234
1739809380116 1.6206199884220207 235
1739809380177 1.6844894809938715 236
1739809380240 1.2595790971901766 237
1739809380304 1.3544679572636025 238
1739809380367 0.8392411420991822 239
1739809380430 1.3029193886929082 240
1739809380510 0.6462927651708612 241
1739809380574 1.7971358140188034 242
1739809380641 1.291609259401311 243
1739809380700 1.9554596494030896 244
1739809380764 1.4663206106790867 245
1739809380844 1.1363349127586613 246
1739809380905 2.714519013284014 247
1739809380969 1.5122889499264003 248
1739809381032 1.6528364514568994 249
1739809381112 1.4298137827105712 250
1739809381175 0.05360879858383843 251
1739809381239 0.968941521084003 252
1739809381302 0.8466551599596887 253
1739809381366 2.4965397178088833 254
1739809381430 2.4072676610451667 255
1739809381509 2.034684676125649 256
1739809381573 2.7999133752190244 257
1739809381636 2.273711901140255 258
1739809381700 0.018620332507073914 259
1739809381763 2.1472307355134745 260
1739809381843 1.6392249340450982 261
1739809381906 0.8933171451663999 262
1739809381969 1.3720136292175371 263
1739809382039 2.045872426973869 264
1739809382097 5.583738425034452 265
1739809382176 0.4122296603204968 266
1739809382240 2.8348099680346404 267
1739809382304 0.9740582842625168 268
1739809382367 0.27434385022848473 269
1739809382431 1.7828250756511086 270
1739809382511 1.0465503812228356 271
1739809382574 1.4210578681508501 272
1739809382638 2.636886716847934 273
1739809382701 1.5357833828529317 274
1739809382765 2.527349951553392 275
1739809382845 1.866912331471467 276
1739809382908 1.4414992271633853 277
1739809382977 0.02939525638559155 278
1739809383034 1.1517507271102123 279
1739809383098 1.4745459311448081 280
1739809383178 1.2407104644785012 281
1739809383242 1.0490711850433045 282
1739809383306 2.1764201723037093 283
1739809383375 3.08534020952647 284
1739809383434 2.498738795973018 285
1739809383497 1.6588670615503853 286
1739809383563 3.605486929772303 287
1739809383641 0.583261975404498 288
1739809383703 0.777979330029647 289
1739809383767 1.0553503028481968 290
1739809383831 1.1799490526351446 291
1739809383894 1.524770744239153 292
1739809383957 0.39484965490658547 293
1739809384037 0.6776026738969065 294
1739809384101 2.291013440787101 295
1739809384164 3.3278001419384577 296
1739809384238 2.3188788377525307 297
1739809384291 0.965592747740581 298
1739809384355 1.7402328667420048 299
1739809384434 0.1221154970040511 300
1739809384497 0.8018394239526524 301
1739809384562 0.13995611983256845 302
1739809384626 0.25942011963919626 303
1739809384689 1.813776915111745 304
1739809384758 1.3072969785596575 305
1739809384833 0.924043247973576 306
1739809384896 1.4193907902885026 307
1739809384960 1.6643800534086752 308
1739809385035 2.7813002743574735 309
1739809385100 2.344601957025552 310
1739809385166 0.9160724938816494 311
1739809385238 1.5363844965045954 312
1739809385309 0.7291435422690183 313
1739809385380 1.1337019144381462 314
1739809385449 1.0020619972480178 315
1739809385518 1.62621371863562 316
1739809385576 0.8055940881180632 317
1739809385655 1.2094184687287828 318
1739809385718 0.2155543598764512 319
1739809385782 0.6752369107239415 320
1739809385846 1.4303459762854298 321
1739809385910 2.759034039176087 322
1739809385989 0.2414521774173103 323
1739809386053 1.1348866030879199 324
1739809386122 2.814750716318577 325
1739809386180 1.192039267433561 326
1739809386244 1.0806554976976523 327
1739809386308 0.7771269637968391 328
1739809386372 1.7728834089553682 329
1739809386452 1.350547079797504 330
1739809386515 0.8806733291525035 331
1739809386579 1.802700688049027 332
1739809386643 2.5501018230643733 333
1739809386707 1.9554166604241559 334
1739809386771 1.8916590005558835 335
1739809386850 0.4092087600841324 336
1739809386914 1.5411938531786906 337
1739809386979 1.1196647474591623 338
1739809387050 3.209647639297093 339
1739809387107 2.3991252556607945 340
1739809387170 1.1900138370592368 341
1739809387234 0.8982586443309918 342
1739809387313 3.2460328624890793 343
1739809387382 1.409533321105182 344
1739809387440 1.2459855697068367 345
1739809387504 1.115065959200017 346
1739809387567 0.8918651397937182 347
1739809387646 1.622189543419269 348
1739809387710 1.301100582086946 349
1739809387774 0.4787971428031673 350
1739809387839 1.6981128660747329 351
1739809387903 1.2258441787977978 352
1739809387966 0.8349692293986136 353
1739809388030 1.439056791106633 354
1739809388109 1.3067367313200309 355
1739809388179 1.1311361871779537 356
1739809388236 0.7976257909419052 357
1739809388313 0.07948083361221059 358
1739809388364 1.9673819454651236 359
1739809388444 2.0727769609763227 360
1739809388509 0.9509247762801017 361
1739809388571 0.9314759455507396 362
1739809388634 0.8252544898178419 363
1739809388714 1.0877797412049712 364
1739809388778 0.8664895170137923 365
1739809388848 1.5593912862619275 366
1739809388905 1.8028912323775625 367
1739809388968 0.7581612764347976 368
1739809389032 2.212893376019654 369
1739809389111 1.1586865799447321 370
1739809389175 0.7603468814663007 371
1739809389238 1.2359935179113406 372
1739809389302 1.8896085942023628 373
1739809389366 1.742508571742795 374
1739809389445 2.4452449138976338 375
1739809389508 2.7851025791994304 376
1739809389582 1.89121032770214 377
1739809389635 1.9129772747478466 378
1739809389716 0.47900504941190486 379
1739809389778 0.5049533963509617 380
1739809389842 1.8170425691530632 381
1739809389905 0.26046049934249565 382
1739809389968 0.5895366556924448 383
1739809390048 1.6407619429792253 384
1739809390111 1.733416910263904 385
1739809390175 1.5376648726221016 386
1739809390238 0.44385582517871564 387
1739809390302 0.9954008021805197 388
1739809390365 0.2613325193269661 389
1739809390445 0.37438311713011185 390
1739809390508 2.4022489126392905 391
1739809390572 0.4603616753640556 392
1739809390635 0.9866429909577292 393
1739809390699 0.7625942262187356 394
1739809390778 0.804153504699487 395
1739809390841 0.7027052065591721 396
1739809390905 1.297733038452007 397
1739809390968 0.8695531713197864 398
1739809391032 2.322322765875534 399
1739809391111 2.368878222725938 400
1739809391175 1.1302880570986167 401
1739809391239 2.2722956456850305 402
1739809391302 0.2848126243206983 403
1739809391366 0.78538871477972 404
1739809391430 1.1958119039698052 405
1739809391509 1.8016646977276038 406
1739809391578 1.46227032293178 407
1739809391635 0.30856879732184284 408
1739809391699 1.3628136288149781 409
1739809391762 2.1392836079773363 410
1739809391841 1.2813414935663883 411
1739809391908 1.2124290188036364 412
1739809391975 1.904120384133543 413
1739809392031 1.4966372841778932 414
1739809392110 3.048794903738409 415
1739809392174 0.9386629554738825 416
1739809392237 2.2871159275717634 417
1739809392301 1.1225230608463945 418
1739809392365 0.7905942710734717 419
1739809392429 0.33945709991269707 420
1739809392508 1.0803671415078078 421
1739809392574 0.5969787915011374 422
1739809392635 1.1874697369967033 423
1739809392699 1.3268763953985645 424
1739809392763 2.7833930510148392 425
1739809392827 0.21862614139533817 426
1739809392907 0.5929048821718633 427
1739809392970 1.2246562535232908 428
1739809393034 1.6463936836545088 429
1739809393098 1.4897169591474881 430
1739809393173 0.6658174699570386 431
1739809393224 1.716365368688203 432
1739809393303 0.8981642548931462 433
1739809393367 1.8989580074975179 434
1739809393431 0.712207440054429 435
1739809393495 1.323826489574407 436
1739809393558 2.5859247528111444 437
1739809393637 1.3048883661811916 438
1739809393700 2.0759622221149265 439
1739809393770 0.49113827969247353 440
1739809393836 1.9512778405305264 441
1739809393889 3.3042899534196626 442
1739809393968 1.4292224891443583 443
1739809394032 2.1587317280665834 444
1739809394095 0.8244641139888598 445
1739809394159 0.5980665189005997 446
1739809394223 1.8196665263550407 447
1739809394286 1.766769961287511 448
1739809394366 4.389155393351189 449
1739809394429 2.2730717861883862 450
1739809394493 0.8713493640870116 451
1739809394556 2.5905438860092143 452
1739809394620 1.9486696699582349 453
1739809394683 1.975725549571025 454
1739809394763 0.4438897764793266 455
1739809394826 2.3503908196518832 456
1739809394890 0.8097658090607938 457
1739809394953 0.059905649697863626 458
1739809395017 0.9870628300079709 459
1739809395096 1.2202710829152503 460
1739809395160 0.9956381734687081 461
1739809395223 0.7457145062726384 462
1739809395287 0.8459120373075198 463
1739809395362 1.67876731674665 464
1739809395414 1.2706813250555813 465
1739809395493 1.7495514762104465 466
1739809395558 3.482085813222942 467
1739809395620 1.455868307430733 468
1739809395684 0.5496857422027996 469
1739809395748 1.244583157536447 470
1739809395827 1.7729557332080141 471
1739809395890 1.0689840548748957 472
1739809395965 1.4179482611878371 473
1739809396032 1.5553424191549676 474
1739809396096 1.881494123751297 475
1739809396159 0.812969169275618 476
1739809396223 1.318429353240661 477
1739809396287 1.3446644682309545 478
1739809396351 1.6587287799188315 479
1739809396430 1.5115399076341847 480
1739809396494 1.2184916820365412 481
1739809396557 0.7430264020367242 482
1739809396620 1.317439842084224 483
1739809396684 1.1965069212976742 484
1739809396748 1.8037769584572487 485
1739809396828 1.7026801865737438 486
1739809396893 0.863789386911904 487
1739809396957 1.0499824668681341 488
1739809397025 1.0452986745627637 489
1739809397084 0.8410332681128566 490
1739809397148 2.320499802597674 491
1739809397211 0.9141353613141348 492
1739809397290 0.8637632822925756 493
1739809397354 1.7390669677151291 494
1739809397417 0.9878960652265779 495
1739809397480 0.9141030856866688 496
1739809397544 2.490576517395272 497
1739809397625 2.8077870017309974 498
1739809397688 0.25952510679461815 499
