1739808935553 169.34901212942756 0
1739808935570 168.6736255293961 1
1739808935585 168.60764432207256 2
1739808935601 168.54048649994164 3
1739808935617 168.47335918740248 4
1739808935633 168.40625998304998 5
1739808935633 168.3391888795693 6
1739808935649 168.27214586491112 7
1739808935665 168.20513092704098 8
1739808935681 168.13814405392944 9
1739808935697 168.0711852335522 10
1739808935713 168.0042544538904 11
1739808935729 167.93735170293033 12
1739808935744 167.87047696866327 13
1739808935744 167.803630239086 14
1739808935760 167.73681150220034 15
1739808935776 167.67002074601334 16
1739808935792 167.60325795853734 17
1739808935808 167.53652312778968 18
1739808935824 167.46981624179313 19
1739808935840 167.4031372885755 20
1739808935856 167.3364862561698 21
1739808935873 167.26986313261426 22
1739808935888 167.20326790595237 23
1739808935888 167.13670056423274 24
1739808935906 167.07016109550904 25
1739808935920 167.00364948784036 26
1739808935936 166.93716572929077 27
1739808935952 166.87070980792964 28
1739808935968 166.80428171183144 29
1739808935984 166.7378814290758 30
1739808935984 166.6715089477476 31
1739808936000 166.60516425593684 32
1739808936016 166.53884734173866 33
1739808936032 166.4725581932534 34
1739808936048 166.40629679858657 35
1739808936063 166.34006314584877 36
1739808936063 166.27385722315583 37
1739808936079 166.2076790186287 38
1739808936095 166.1415285203935 39
1739808936111 166.07540571658143 40
1739808936127 166.0093105953289 41
1739808936144 165.94324314477748 42
1739808936160 165.87720335307387 43
1739808936160 165.81119120836988 44
1739808936176 165.74520669882244 45
1739808936192 165.67924981259367 46
1739808936208 165.61332053785077 47
1739808936224 165.54741886276616 48
1739808936240 165.48154477551734 49
1739808936240 165.4156982642868 50
1739808936256 165.34987931726238 51
1739808936272 165.28408792263696 52
1739808936293 165.21832406860844 53
1739808936304 165.15258774337997 54
1739808936320 165.08687893515975 55
1739808936336 165.02119763216112 56
1739808936352 164.9555438226025 57
1739808936352 164.88991749470742 58
1739808936368 164.8243186367045 59
1739808936384 164.75874723682765 60
1739808936400 164.69320328331554 61
1739808936416 164.6276867644122 62
1739808936432 164.5621976683667 63
1739808936447 164.49673598343315 64
1739808936447 164.43130169787082 65
1739808936463 164.36589479994402 66
1739808936479 164.3005152779222 67
1739808936495 164.23516312007982 68
1739808936511 164.16983831469648 69
1739808936527 164.10454085005685 70
1739808936543 164.03927071445077 71
1739808936543 163.97402789617288 72
1739808936559 163.90881238352327 73
1739808936575 163.84362416480676 74
1739808936590 163.77846322833352 75
1739808936606 163.71332956241855 76
1739808936623 163.64822315538214 77
1739808936638 163.5831439955495 78
1739808936638 163.5180920712509 79
1739808936654 163.45306737082169 80
1739808936670 163.38806988260234 81
1739808936686 163.32309959493836 82
1739808936702 163.25815649618016 83
1739808936718 163.19324057468344 84
1739808936736 163.12835181880877 85
1739808936749 163.06349021692176 86
1739808936764 162.9986557573933 87
1739808936769 162.93384842859905 88
1739808936793 162.86906821891978 89
1739808936807 162.8043151167414 90
1739808936811 162.73958911045474 91
1739808936833 162.6748901884557 92
1739808936843 162.61021833914526 93
1739808936860 162.54557355092933 94
1739808936875 162.48095581221892 95
1739808936875 162.4163651114301 96
1739808936891 162.35180143698386 97
1739808936907 162.2872647773063 98
1739808936928 162.2227551208284 99
1739808936939 162.15827245598635 100
1739808936955 162.0938167712212 101
1739808936955 162.02938805497917 102
1739808936971 161.96498629571124 103
1739808936987 161.9006114818736 104
1739808937003 161.8362636019274 105
1739808937019 161.77194264433882 106
1739808937035 161.70764859757892 107
1739808937035 161.6433814501239 108
1739808937051 161.57914119045486 109
1739808937067 161.51492780705792 110
1739808937083 161.4507412884242 111
1739808937099 161.38658162304986 112
1739808937115 161.32244879943593 113
1739808937115 161.25834280608856 114
1739808937130 161.19426363151874 115
1739808937146 161.13021126424258 116
1739808937162 161.066185692781 117
1739808937179 161.00218690566012 118
1739808937195 160.93821489141087 119
1739808937195 160.87426963856916 120
1739808937211 160.81035113567594 121
1739808937227 160.74645937127707 122
1739808937248 160.68259433392345 123
1739808937258 160.61875601217082 124
1739808937274 160.55494439458002 125
1739808937290 160.4911594697167 126
1739808937290 160.4274012261516 127
1739808937306 160.36366965246035 128
1739808937322 160.2999647372236 129
1739808937338 160.23628646902682 130
1739808937354 160.17263483646053 131
1739808937369 160.10900982812015 132
1739808937385 160.04541143260607 133
1739808937385 159.9818396385237 134
1739808937401 159.91829443448316 135
1739808937417 159.85477580909978 136
1739808937433 159.7912837509936 137
1739808937449 159.72781824878973 138
1739808937465 159.6643792911182 139
1739808937481 159.60096686661387 140
1739808937481 159.53758096391667 141
1739808937497 159.47422157167134 142
1739808937512 159.41088867852758 143
1739808937528 159.34758227314006 144
1739808937545 159.28430234416828 145
1739808937560 159.22104888027667 146
1739808937560 159.15782187013465 147
1739808937576 159.09462130241653 148
1739808937592 159.0314471658014 149
1739808937608 158.96829944897345 150
1739808937624 158.90517814062164 151
1739808937642 158.84208322943988 152
1739808937656 158.779014704127 153
1739808937656 158.7159725533867 154
1739808937672 158.6529567659276 155
1739808937688 158.5899673304631 156
1739808937704 158.52700423571176 157
1739808937719 158.46406747039669 158
1739808937735 158.40115702324618 159
1739808937735 158.33827288299324 160
1739808937751 158.27541503837577 161
1739808937767 158.21258347813668 162
1739808937783 158.1497781910236 163
1739808937798 158.0869991657891 164
1739808937814 158.02424639119064 165
1739808937814 157.96151985599062 166
1739808937830 157.89881954895617 167
1739808937846 157.83614545885933 168
1739808937862 157.77349757447712 169
1739808937878 157.71087588459122 170
1739808937894 157.64828037798839 171
1739808937894 157.58571104346012 172
1739808937910 157.52316786980276 173
1739808937926 157.46065084581758 174
1739808937944 157.39815996031064 175
1739808937958 157.33569520209286 176
1739808937974 157.2732565599801 177
1739808937974 157.21084402279294 178
1739808937990 157.14845757935686 179
1739808938006 157.08609721850226 180
1739808938022 157.02376292906422 181
1739808938038 156.96145469988284 182
1739808938053 156.89917251980287 183
1739808938053 156.83691637767402 184
1739808938069 156.7746862623508 185
1739808938085 156.7124821626926 186
1739808938101 156.6503040675635 187
1739808938117 156.5881519658326 188
1739808938133 156.52602584637364 189
1739808938149 156.4639256980653 190
1739808938149 156.4018515097911 191
1739808938165 156.33980327043923 192
1739808938181 156.27778096890285 193
1739808938197 156.21578459407982 194
1739808938213 156.15381413487296 195
1739808938228 156.09186958018967 196
1739808938245 156.02995091894243 197
1739808938245 155.96805814004836 198
1739808938260 155.9061912324293 199
1739808938276 155.84435018501208 200
1739808938292 155.7825349867283 201
1739808938308 155.72074562651426 202
1739808938324 155.65898209331112 203
1739808938340 155.5972443760648 204
1739808938340 155.535532463726 205
1739808938355 155.47384634525037 206
1739808938372 155.41218600959803 207
1739808938388 155.3505514457342 208
1739808938403 155.2889426426287 209
1739808938419 155.22735958925617 210
1739808938435 155.16580227459613 211
1739808938435 155.1042706876327 212
1739808938451 155.04276481735482 213
1739808938467 154.9812846527564 214
1739808938483 154.9198301828358 215
1739808938499 154.85840139659643 216
1739808938515 154.79699828304626 217
1739808938515 154.73562083119822 218
1739808938531 154.67426903006978 219
1739808938547 154.61294286868332 220
1739808938563 154.55164233606595 221
1739808938579 154.49036742124954 222
1739808938595 154.42911811327068 223
1739808938595 154.36789440117073 224
1739808938611 154.30669627399578 225
1739808938627 154.24552372079674 226
1739808938643 154.18437673062917 227
1739808938659 154.12325529255344 228
1739808938675 154.0621593956346 229
1739808938691 154.00108902894252 230
1739808938691 153.94004418155174 231
1739808938707 153.87902484254155 232
1739808938723 153.818031000996 233
1739808938738 153.75706264600387 234
1739808938754 153.69611976665857 235
1739808938771 153.6352023520584 236
1739808938786 153.57431039130626 237
1739808938786 153.5134438735098 238
1739808938802 153.45260278778142 239
1739808938818 153.39178712323826 240
1739808938834 153.3309968690021 241
1739808938850 153.27023201419942 242
1739808938866 153.2094925479615 243
1739808938882 153.1487784594244 244
1739808938882 153.08808973772864 245
1739808938898 153.0274263720196 246
1739808938914 152.96678835144746 247
1739808938935 152.90617566516693 248
1739808938948 152.84558830233743 249
1739808938962 152.7850262521232 250
1739808938976 152.72448950369312 251
1739808938984 152.66397804622068 252
1739808938991 152.6034918688842 253
1739808939008 152.54303096086656 254
1739808939023 152.48259531135545 255
1739808939040 152.42218490954315 256
1739808939055 152.36179974462667 257
1739808939072 152.30143980580772 258
1739808939087 152.24110508229256 259
1739808939087 152.18079556329235 260
1739808939104 152.12051123802274 261
1739808939119 152.0602520957041 262
1739808939135 152.00001812556152 263
1739808939151 151.9398093168247 264
1739808939167 151.8796256587281 265
1739808939167 151.81946714051065 266
1739808939182 151.75933375141616 267
1739808939198 151.69922548069306 268
1739808939214 151.63914231759424 269
1739808939230 151.57908425137757 270
1739808939246 151.51905127130524 271
1739808939262 151.45904336664438 272
1739808939278 151.39906052666657 273
1739808939278 151.33910274064823 274
1739808939294 151.27916999787018 275
1739808939310 151.21926228761805 276
1739808939326 151.1593795991821 277
1739808939341 151.0995219218572 278
1739808939357 151.0396892449429 279
1739808939373 150.97988155774334 280
1739808939373 150.92009884956727 281
1739808939389 150.86034110972818 282
1739808939406 150.8006083275441 283
1739808939422 150.74090049233763 284
1739808939438 150.68121759343623 285
1739808939454 150.62155962017175 286
1739808939469 150.5619265618807 287
1739808939474 150.50231840790437 288
1739808939485 150.44273514758842 289
1739808939503 150.3831767702834 290
1739808939517 150.32364326534426 291
1739808939533 150.26413462213068 292
1739808939533 150.20465083000684 293
1739808939557 150.1451918783416 294
1739808939565 150.08575775650854 295
1739808939582 150.02634845388562 296
1739808939599 149.96696395985555 297
1739808939612 149.9076042638056 298
1739808939628 149.84826935512766 299
1739808939628 149.78895922321811 300
1739808939644 149.7296738574781 301
1739808939660 149.6704132473133 302
1739808939680 149.61117738213383 303
1739808939692 149.55196625135463 304
1739808939708 149.49277984439507 305
1739808939708 149.43361815067925 306
1739808939732 149.3744811596356 307
1739808939740 149.3153688606974 308
1739808939760 149.25628124330234 309
1739808939772 149.19721829689277 310
1739808939787 149.13818001091556 311
1739808939789 149.0791663748222 312
1739808939812 149.02017737806872 313
1739808939819 148.9612130101157 314
1739808939839 148.90227326042836 315
1739808939851 148.8433581184764 316
1739808939867 148.78446757373408 317
1739808939883 148.72560161568038 318
1739808939895 148.66676023379867 319
1739808939901 148.60794341757685 320
1739808939923 148.5491511565075 321
1739808939931 148.49038344008773 322
1739808939949 148.43164025781917 323
1739808939963 148.37292159920793 324
1739808939976 148.31422745376483 325
1739808939985 148.25555781100505 326
1739808939995 148.1969126604485 327
1739808940010 148.13829199161944 328
1739808940031 148.07969579404687 329
1739808940042 148.0211240572641 330
1739808940058 147.9625767708092 331
1739808940071 147.90405392422463 332
1739808940085 147.84555550705736 333
1739808940090 147.78708150885902 334
1739808940111 147.72863191918572 335
1739808940122 147.67020672759799 336
1739808940140 147.611805923661 337
1739808940154 147.5534294969444 338
1739808940166 147.49507743702236 339
1739808940170 147.43674973347353 340
1739808940186 147.3784463758812 341
1739808940202 147.320167353833 342
1739808940220 147.26191265692123 343
1739808940233 147.20368227474256 344
1739808940249 147.14547619689827 345
1739808940249 147.08729441299408 346
1739808940274 147.02913691264027 347
1739808940287 146.97100368545165 348
1739808940302 146.91289472104734 349
1739808940314 146.85481000905116 350
1739808940326 146.79674953909137 351
1739808940329 146.7387133008007 352
1739808940354 146.68070128381632 353
1739808940361 146.62271347778005 354
1739808940382 146.564749872338 355
1739808940393 146.50681045714094 356
1739808940408 146.44889522184397 357
1739808940408 146.3910041561068 358
1739808940425 146.33313724959356 359
1739808940440 146.27529449197286 360
1739808940464 146.21747587291776 361
1739808940472 146.15968138210584 362
1739808940491 146.10191100921915 363
1739808940504 146.0441647439442 364
1739808940520 145.98644257597192 365
1739808940520 145.9287444949978 366
1739808940545 145.8710704907217 367
1739808940554 145.81342055284807 368
1739808940572 145.7557946710856 369
1739808940586 145.69819283514764 370
1739808940600 145.640615034752 371
1739808940615 145.58306125962073 372
1739808940628 145.5255314994806 373
1739808940631 145.46802574406266 374
1739808940653 145.4105439831024 375
1739808940667 145.3530862063399 376
1739808940682 145.29565240351957 377
1739808940695 145.23824256439025 378
1739808940708 145.1808566787053 379
1739808940711 145.12349473622248 380
1739808940736 145.06615672670395 381
1739808940743 145.0088426399164 382
1739808940763 144.9515524656308 383
1739808940775 144.89428619362275 384
1739808940789 144.83704381367212 385
1739808940791 144.77982531556322 386
1739808940816 144.72263068908487 387
1739808940823 144.66545992403024 388
1739808940843 144.608313010197 389
1739808940855 144.55118993738722 390
1739808940871 144.49409069540724 391
1739808940871 144.43701527406802 392
1739808940895 144.37996366318478 393
1739808940903 144.3229358525773 394
1739808940923 144.26593183206958 395
1739808940934 144.20895159149023 396
1739808940950 144.15199512067218 397
1739808940966 144.0950624094527 398
1739808940979 144.03815344767352 399
1739808940982 143.98126822518083 400
1739808941008 143.92440673182506 401
1739808941014 143.86756895746117 402
1739808941034 143.81075489194853 403
1739808941047 143.7539645251508 404
1739808941062 143.69719784693604 405
1739808941062 143.64045484717684 406
1739808941087 143.58373551575002 407
1739808941094 143.52703984253682 408
1739808941115 143.47036781742295 409
1739808941129 143.41371943029839 410
1739808941143 143.35709467105747 411
1739808941156 143.3004935295991 412
1739808941167 143.24391599582643 413
1739808941171 143.1873620596469 414
1739808941192 143.1308317109725 415
1739808941203 143.0743249397194 416
1739808941219 143.0178417358083 417
1739808941235 142.9613820891642 418
1739808941247 142.90494598971654 419
1739808941254 142.8485334273989 420
1739808941274 142.7921443921495 421
1739808941283 142.7357788739107 422
1739808941301 142.6794368626294 423
1739808941314 142.62311834825667 424
1739808941327 142.56682332074803 425
1739808941330 142.51055177006342 426
1739808941355 142.45430368616692 427
1739808941362 142.39807905902725 428
1739808941384 142.34187787861723 429
1739808941393 142.28570013491404 430
1739808941409 142.22954581789938 431
1739808941425 142.1734149175591 432
1739808941437 142.11730742388352 433
1739808941441 142.0612233268672 434
1739808941465 142.0051626165091 435
1739808941473 141.94912528281242 436
1739808941491 141.89311131578484 437
1739808941504 141.83712070543825 438
1739808941520 141.78115344178892 439
1739808941520 141.72520951485734 440
1739808941544 141.6692889146685 441
1739808941552 141.61339163125155 442
1739808941571 141.55751765464 443
1739808941584 141.50166697487182 444
1739808941600 141.4458395819891 445
1739808941600 141.39003546603828 446
1739808941624 141.33425461707017 447
1739808941631 141.27849702513996 448
1739808941653 141.2227626803069 449
1739808941663 141.16705157263482 450
1739808941681 141.11136369219165 451
1739808941695 141.05569902904978 452
1739808941708 141.0000575732858 453
1739808941711 140.94443931498054 454
1739808941743 140.88884424421934 455
1739808941743 140.83327235109158 456
1739808941759 140.77772362569115 457
1739808941774 140.7221980581161 458
1739808941790 140.66669563846884 459
1739808941806 140.6112163568559 460
1739808941806 140.55576020338836 461
1739808941822 140.5003271681814 462
1739808941838 140.44491724135455 463
1739808941854 140.3895304130315 464
1739808941870 140.3341666733405 465
1739808941886 140.2788260124137 466
1739808941902 140.2235084203878 467
1739808941902 140.16821388740368 468
1739808941918 140.1129424036065 469
1739808941933 140.05769395914567 470
1739808941949 140.0024685441749 471
1739808941965 139.94726614885207 472
1739808941981 139.89208676333948 473
1739808941981 139.83693037780355 474
1739808941997 139.78179698241507 475
1739808942013 139.72668656734896 476
1739808942029 139.67159912278453 477
1739808942045 139.61653463890522 478
1739808942061 139.56149310589885 479
1739808942077 139.50647451395733 480
1739808942077 139.451478853277 481
1739808942093 139.39650611405827 482
1739808942109 139.34155628650592 483
1739808942125 139.28662936082895 484
1739808942141 139.23172532724053 485
1739808942157 139.1768441759581 486
1739808942157 139.12198589720342 487
1739808942173 139.06715048120236 488
1739808942189 139.01233791818515 489
1739808942205 138.95754819838606 490
1739808942221 138.90278131204386 491
1739808942237 138.84803724940127 492
1739808942253 138.7933160007054 493
1739808942253 138.73861755620757 494
1739808942269 138.68394190616328 495
1739808942285 138.62928904083228 496
1739808942301 138.57465895047852 497
1739808942317 138.52005162537014 498
1739808942333 138.46546705577956 499
