1739810293072 169.42810631986347 0
1739810293087 162.73016039435547 1
1739810293089 162.25350279240027 2
1739810293106 161.61998641353674 3
1739810293123 160.99214808696024 4
1739810293139 160.36634778740577 5
1739810293161 159.74335773856066 6
1739810293173 159.12243849159043 7
1739810293188 158.5043086300709 8
1739810293204 157.88823138487038 9
1739810293205 157.2749237283051 10
1739810293221 156.66365063478216 11
1739810293239 156.05512748197955 12
1739810293262 155.44862098656372 13
1739810293272 154.8448449314041 14
1739810293289 154.2432552526538 15
1739810293303 153.64401824735694 16
1739810293305 153.04693476995124 17
1739810293323 152.4525425594485 18
1739810293339 151.86030004865134 19
1739810293360 151.2703736123699 20
1739810293373 150.6825643374602 21
1739810293392 150.09740983287813 22
1739810293406 149.51436892190685 23
1739810293422 148.93360805676946 24
1739810293438 148.35492855825447 25
1739810293440 147.77886789350453 26
1739810293465 147.2048852835204 27
1739810293473 146.63314725242077 28
1739810293490 146.06345535602279 29
1739810293506 145.49634690811766 30
1739810293521 144.93128153452793 31
1739810293537 144.36823857882487 32
1739810293539 143.80775250719006 33
1739810293565 143.24928381608356 34
1739810293573 142.69299896008172 35
1739810293590 142.1387001057834 36
1739810293606 141.58692370386936 37
1739810293623 141.03713065780363 38
1739810293639 140.48948747987495 39
1739810293654 139.94379657364007 40
1739810293669 139.40059420853765 41
1739810293673 138.85934170898594 42
1739810293688 138.3202056401833 43
1739810293704 137.78298864364177 44
1739810293723 137.2482267967491 45
1739810293740 136.7153818515132 46
1739810293754 136.18462042094265 47
1739810293768 135.6557453854921 48
1739810293773 135.12929261988177 49
1739810293788 134.6047243102195 50
1739810293804 134.08202060069044 51
1739810293821 133.56171444870608 52
1739810293838 133.04326893396274 53
1739810293854 132.52685055872905 54
1739810293868 132.012262820832 55
1739810293871 131.5000406477624 56
1739810293891 130.989647553095 57
1739810293904 130.48125007388214 58
1739810293922 129.9746519485259 59
1739810293938 129.4703878764362 60
1739810293954 128.96792181981755 61
1739810293968 128.46742034606459 62
1739810293977 127.96868743504635 63
1739810293987 127.47225754816284 64
1739810294005 126.97759510231292 65
1739810294021 126.48468084225708 66
1739810294038 125.99404626212558 67
1739810294054 125.50515668859339 68
1739810294068 125.0181785484549 69
1739810294071 124.53291644317217 70
1739810294088 124.04990382669453 71
1739810294109 123.56860647837085 72
1739810294121 123.08919084317256 73
1739810294138 122.61146176543595 74
1739810294154 122.13595243753299 75
1739810294168 121.66212910683669 76
1739810294172 121.1901582323224 77
1739810294188 120.71984490201233 78
1739810294210 120.25172203742795 79
1739810294227 119.78525635960312 80
1739810294243 119.32042918548204 81
1739810294260 118.85777042285147 82
1739810294275 118.39674771745565 83
1739810294290 117.93752735975119 84
1739810294304 117.47991506304459 85
1739810294322 117.02444268548874 86
1739810294340 116.57057834274384 87
1739810294362 116.11848832792491 88
1739810294373 115.66797859921193 89
1739810294390 115.21958072210116 90
1739810294412 114.77276329809106 91
1739810294424 114.32769261903701 92
1739810294440 113.88417488872615 93
1739810294458 113.44274137135022 94
1739810294473 113.00286115947245 95
1739810294488 112.56451611531556 96
1739810294505 112.12823444621218 97
1739810294507 111.69348618316677 98
1739810294521 111.26043742344518 99
1739810294538 110.82889499929394 100
1739810294563 110.39938905972345 101
1739810294571 109.97139012140545 102
1739810294590 109.54506426978085 103
1739810294606 109.12021858367673 104
1739810294609 108.69738289067304 105
1739810294623 108.27602820957755 106
1739810294640 107.85632061033057 107
1739810294661 107.43806741899746 108
1739810294677 107.02179813367621 109
1739810294690 106.60698428014346 110
1739810294707 106.1936082403986 111
1739810294722 105.7821964157467 112
1739810294723 105.37222128298197 113
1739810294740 104.96384869314248 114
1739810294765 104.55688660342531 115
1739810294771 104.15186334884964 116
1739810294790 103.7482519061981 117
1739810294806 103.34621810118537 118
1739810294823 102.94557013901189 119
1739810294837 102.54683600669102 120
1739810294840 102.14948919798479 121
1739810294866 101.7535124639106 122
1739810294873 101.35943066846806 123
1739810294889 100.96671826439794 124
1739810294907 100.57554084217412 125
1739810294922 100.18570723932234 126
1739810294923 99.79774424834486 127
1739810294938 99.41112683087724 128
1739810294965 99.02602054300908 129
1739810294973 98.64223447087902 130
1739810294988 98.26029504157552 131
1739810295005 97.87967774298536 132
1739810295021 97.50054809352855 133
1739810295021 97.12271542848873 134
1739810295038 96.74670580245433 135
1739810295060 96.37199523375509 136
1739810295072 95.99856695201724 137
1739810295088 95.6269438540525 138
1739810295104 95.25660292786645 139
1739810295109 94.8877094351636 140
1739810295123 94.52007334539623 141
1739810295140 94.15421947707677 142
1739810295161 93.78962533910116 143
1739810295173 93.4264561468809 144
1739810295190 93.06452211943532 145
1739810295205 92.70434768684325 146
1739810295206 92.34541089672952 147
1739810295223 91.98769531890423 148
1739810295239 91.63172220309059 149
1739810295259 91.27697057322189 150
1739810295272 90.92360537364799 151
1739810295288 90.57143745815792 152
1739810295304 90.22098999377633 153
1739810295305 89.87174253259026 154
1739810295322 89.5238599647116 155
1739810295343 89.17715339377116 156
1739810295361 88.83214558345246 157
1739810295371 88.488316632172 158
1739810295388 88.14565043847098 159
1739810295404 87.80466656454269 160
1739810295417 87.46484609121643 161
1739810295431 87.12635362398441 162
1739810295445 86.78900090161108 163
1739810295460 86.45330939951086 164
1739810295471 86.11876073327794 165
1739810295490 85.78551944666279 166
1739810295505 85.45339752841242 167
1739810295516 85.1229160366826 168
1739810295529 84.79355714033325 169
1739810295545 84.46530505561549 170
1739810295562 84.13867761945473 171
1739810295573 83.81315798871704 172
1739810295591 83.48891040973461 173
1739810295605 83.16574750652018 174
1739810295618 82.8441890254469 175
1739810295631 82.52371866412466 176
1739810295640 82.2045006000657 177
1739810295661 81.88634770727533 178
1739810295673 81.56977930190504 179
1739810295690 81.25427964112437 180
1739810295705 80.93983324828638 181
1739810295716 80.62695619991892 182
1739810295723 80.31513374629569 183
1739810295745 80.00452975544343 184
1739810295762 79.69495773653951 185
1739810295772 79.38693567207989 186
1739810295788 79.07994935845007 187
1739810295805 78.77416258818802 188
1739810295817 78.4693891203461 189
1739810295830 78.1661464951566 190
1739810295844 77.86392107423637 191
1739810295856 77.56269767782908 192
1739810295872 77.26299058945033 193
1739810295888 76.96428716843988 194
1739810295900 76.6667508864877 195
1739810295913 76.37019613750411 196
1739810295928 76.07513910777551 197
1739810295939 75.78106770752997 198
1739810295957 75.48814532669434 199
1739810295971 75.19618660881216 200
1739810295973 74.90570728675199 201
1739810295990 74.61619584104331 202
1739810296007 74.327637378989 203
1739810296022 74.04054436090289 204
1739810296043 73.75440626919246 205
1739810296056 73.46938616225249 206
1739810296071 73.18529931795572 207
1739810296080 72.90266009646024 208
1739810296090 72.62095853526618 209
1739810296106 72.34017992389174 210
1739810296123 72.06083534202561 211
1739810296140 71.78241583069642 212
1739810296156 71.50508411077575 213
1739810296161 71.22865609340563 214
1739810296176 70.95364475665278 215
1739810296189 70.67954169803924 216
1739810296211 70.4065095475475 217
1739810296222 70.1343644649448 218
1739810296240 69.86361895947582 219
1739810296255 69.59376520502443 220
1739810296269 69.32478876280226 221
1739810296272 69.05719884768368 222
1739810296291 68.7904886405211 223
1739810296307 68.52482042425031 224
1739810296324 68.26001099104147 225
1739810296338 67.9965714516359 226
1739810296343 67.7339955467033 227
1739810296366 67.47226901018816 228
1739810296373 67.2118996517435 229
1739810296390 66.95238222021541 230
1739810296410 66.69387864617048 231
1739810296425 66.43620635291622 232
1739810296440 66.1798750447617 233
1739810296455 65.9243800312264 234
1739810296470 65.66988314380978 235
1739810296472 65.41620205313515 236
1739810296489 65.16384598141926 237
1739810296505 64.91231081915286 238
1739810296522 64.66158255752106 239
1739810296540 64.41216710557681 240
1739810296554 64.16356136475113 241
1739810296568 63.91592680561314 242
1739810296572 63.66908172874253 243
1739810296588 63.42353393572486 244
1739810296606 63.17878089115627 245
1739810296623 62.93480875003386 246
1739810296638 62.692121995188785 247
1739810296650 62.45021910294713 248
1739810296665 62.20926117825315 249
1739810296676 61.96906715018118 250
1739810296691 61.730143393122354 251
1739810296707 61.49198894690934 252
1739810296721 61.25459012700298 253
1739810296722 61.01844998386117 254
1739810296738 60.783068569684296 255
1739810296761 60.54860661939716 256
1739810296772 60.314883689030005 257
1739810296788 60.082404719714816 258
1739810296803 59.85067032731356 259
1739810296806 59.61984113799098 260
1739810296824 59.38973695258559 261
1739810296848 59.16086221562714 262
1739810296862 58.93271812749161 263
1739810296876 58.705291242174646 264
1739810296890 58.47908267054368 265
1739810296907 58.25359462723555 266
1739810296922 58.02898736106849 267
1739810296924 57.805081298249085 268
1739810296941 57.582379438688456 269
1739810296964 57.36038456210698 270
1739810296974 57.139083374762635 271
1739810296989 56.9189755387621 272
1739810297007 56.699564848337964 273
1739810297022 56.481011171073916 274
1739810297027 56.26313555682935 275
1739810297043 56.046439556084735 276
1739810297065 55.83042752783666 277
1739810297072 55.61508632752414 278
1739810297089 55.400914164058825 279
1739810297105 55.187416411061065 280
1739810297111 54.97475255124462 281
1739810297124 54.76274425633495 282
1739810297141 54.551891623026094 283
1739810297161 54.34170058921158 284
1739810297174 54.132158156500495 285
1739810297189 53.92376107662232 286
1739810297195 53.71601630206911 287
1739810297207 53.50908292724757 288
1739810297224 53.302783243898816 289
1739810297240 53.097615891019636 290
1739810297257 52.893088384717075 291
1739810297271 52.689187869828125 292
1739810297276 52.48640963734869 293
1739810297291 52.28426221782586 294
1739810297305 52.08290431411545 295
1739810297325 51.88215883606165 296
1739810297340 51.68252296148664 297
1739810297355 51.48350578373098 298
1739810297370 51.28526588513304 299
1739810297384 51.08762641512054 300
1739810297391 50.891084040099095 301
1739810297405 50.69514843783126 302
1739810297422 50.499806965399074 303
1739810297438 50.305552934742416 304
1739810297443 50.11189703874242 305
1739810297465 49.91899746257006 306
1739810297472 49.72667797159709 307
1739810297491 49.53543376363362 308
1739810297505 49.344776094287575 309
1739810297520 49.1546924566638 310
1739810297526 48.96567469197803 311
1739810297542 48.77723507045808 312
1739810297563 48.58953137733913 313
1739810297575 48.40238799186608 314
1739810297588 48.21629864086885 315
1739810297605 48.030776156063844 316
1739810297610 47.84580816386707 317
1739810297622 47.661885032714565 318
1739810297639 47.47852060832153 319
1739810297659 47.295872273403944 320
1739810297672 47.1137650189463 321
1739810297688 46.93269109880968 322
1739810297704 46.75216491881017 323
1739810297705 46.572174236024146 324
1739810297722 46.39320794444024 325
1739810297739 46.214781463132816 326
1739810297757 46.036882611437136 327
1739810297770 45.85999932687264 328
1739810297777 45.683648018774356 329
1739810297789 45.5079853864611 330
1739810297810 45.33283740334104 331
1739810297826 45.15869389261527 332
1739810297839 44.98507181993185 333
1739810297855 44.81195913156218 334
1739810297870 44.639842291653444 335
1739810297872 44.46823927666756 336
1739810297890 44.29730637874069 337
1739810297905 44.126870176636814 338
1739810297923 43.95741902014167 339
1739810297939 43.78847144030943 340
1739810297954 43.62001550782083 341
1739810297967 43.452536212653136 342
1739810297973 43.285553095666856 343
1739810297989 43.11922203979537 344
1739810298005 42.953370226846495 345
1739810298021 42.788484532458135 346
1739810298026 42.62408505022477 347
1739810298039 42.46015997278357 348
1739810298062 42.297192815503635 349
1739810298077 42.13470468066859 350
1739810298091 41.972851040146374 351
1739810298107 41.811459676424846 352
1739810298121 41.651015990614525 353
1739810298124 41.491041635741084 354
1739810298141 41.331524923999346 355
1739810298164 41.17294789605771 356
1739810298174 41.01483321240667 357
1739810298189 40.85733593213947 358
1739810298206 40.70028443600949 359
1739810298206 40.54416265056439 360
1739810298226 40.38849378491439 361
1739810298239 40.23326626846615 362
1739810298262 40.078960667431524 363
1739810298275 39.925101197056875 364
1739810298289 39.77184250210096 365
1739810298305 39.61901355911872 366
1739810298310 39.467096820394424 367
1739810298322 39.315617047544876 368
1739810298339 39.16456278489435 369
1739810298359 39.01441312477 370
1739810298372 38.86469383349443 371
1739810298387 38.715393510972184 372
1739810298393 38.566990293974264 373
1739810298408 38.41901092906903 374
1739810298426 38.27160936246249 375
1739810298441 38.124615529807535 376
1739810298456 37.97850945472986 377
1739810298470 37.832818425188094 378
1739810298474 37.68753115281235 379
1739810298491 37.543124304660765 380
1739810298508 37.39912616999802 381
1739810298524 37.25569027840911 382
1739810298539 37.11264715419575 383
1739810298555 36.97047535158402 384
1739810298569 36.828703698699684 385
1739810298574 36.687321016667894 386
1739810298597 36.546802504135975 387
1739810298612 36.40667798888026 388
1739810298624 36.266936345305034 389
1739810298640 36.12805181906741 390
1739810298656 35.989555212653435 391
1739810298669 35.8515993543981 392
1739810298673 35.714015717304996 393
1739810298691 35.57728043515142 394
1739810298706 35.440924843917486 395
1739810298724 35.30493792449047 396
1739810298741 35.16979245930171 397
1739810298757 35.035020780271104 398
1739810298771 34.90077529761077 399
1739810298776 34.7668880655754 400
1739810298789 34.633833755144806 401
1739810298807 34.50114522894212 402
1739810298823 34.36881157220688 403
1739810298839 34.23730410613264 404
1739810298855 34.10615668741633 405
1739810298869 33.97535845239377 406
1739810298875 33.845379772547865 407
1739810298889 33.71575547325771 408
1739810298905 33.5866372618725 409
1739810298922 33.45785813061484 410
1739810298938 33.32989034062559 411
1739810298940 33.20226924225911 412
1739810298966 33.074984073360774 413
1739810298974 32.94850375030677 414
1739810298991 32.82236461352363 415
1739810299006 32.69671795147 416
1739810299016 32.57139732999341 417
1739810299034 32.44687355566268 418
1739810299049 32.32268349084487 419
1739810299064 32.19881647285769 420
1739810299076 32.07573996559878 421
1739810299089 31.952991819444662 422
1739810299106 31.8305614207377 423
1739810299123 31.70891528761048 424
1739810299139 31.58759223263546 425
1739810299143 31.466742840809683 426
1739810299168 31.346201604899715 427
1739810299178 31.22643693448566 428
1739810299189 31.106988158016183 429
1739810299206 30.987844758622696 430
1739810299225 30.869471808972477 431
1739810299239 30.751409621250723 432
1739810299244 30.63364772643399 433
1739810299268 30.516650254532202 434
1739810299277 30.39995847542638 435
1739810299289 30.283722271280467 436
1739810299312 30.167777054569076 437
1739810299324 30.052588848079857 438
1739810299343 29.937699431327736 439
1739810299357 29.8230984293898 440
1739810299372 29.709248534296066 441
1739810299386 29.595692504880777 442
1739810299391 29.482420012921665 443
1739810299406 29.369892811098392 444
1739810299425 29.257654611305718 445
1739810299441 29.145854593810736 446
1739810299455 29.03432908349622 447
1739810299468 28.92354172722419 448
1739810299472 28.813036740110796 449
1739810299489 28.70280388542545 450
1739810299506 28.593303485808136 451
1739810299522 28.484080731139024 452
1739810299527 28.375125430277496 453
1739810299540 28.266896970010766 454
1739810299556 28.15894148851511 455
1739810299577 28.05140746539236 456
1739810299590 27.944132130548972 457
1739810299606 27.837576766429954 458
1739810299621 27.73128800785792 459
1739810299633 27.62525575265192 460
1739810299641 27.519937965934968 461
1739810299657 27.414882252606308 462
1739810299676 27.310078554996903 463
1739810299690 27.205983906057025 464
1739810299695 27.10214685409419 465
1739810299708 26.998715179559852 466
1739810299725 26.895527009919242 467
1739810299741 26.793041275323223 468
1739810299757 26.690807013995542 469
1739810299772 26.588814254768987 470
1739810299788 26.487518617721285 471
1739810299789 26.38647010633926 472
1739810299806 26.285658792921005 473
1739810299826 26.185539369225932 474
1739810299840 26.08566277714356 475
1739810299856 25.986176099761384 476
1739810299872 25.886918354562376 477
1739810299885 25.788346132113354 478
1739810299890 25.69001085734207 479
1739810299908 25.591902686662227 480
1739810299925 25.494474908150085 481
1739810299940 25.397279907062543 482
1739810299955 25.300307882262313 483
1739810299957 25.20401119752841 484
1739810299982 25.107943171402603 485
1739810299989 25.01225019165511 486
1739810300007 24.916772158173483 487
1739810300023 24.82196333521168 488
1739810300028 24.727377517331018 489
1739810300041 24.63300498519259 490
1739810300058 24.539296708461595 491
1739810300078 24.44580743697959 492
1739810300091 24.352527492869797 493
1739810300106 24.2599069256802 494
1739810300121 24.167501413312593 495
1739810300124 24.075301319183126 496
1739810300140 23.983755774852032 497
1739810300156 23.89242138386838 498
1739810300176 23.801443560734757 499
