1739809027875 169.1277334873521 0
1739809027891 169.0601494992648 1
1739809027907 168.9925938922346 2
1739809027923 168.92506665407237 3
1739809027923 168.8575677725942 4
1739809027938 168.79009723562174 5
1739809027954 168.72265503098166 6
1739809027970 168.65524114650617 7
1739809027985 168.58785557003253 8
1739809028002 168.52049828940346 9
1739809028018 168.45316929246687 10
1739809028034 168.385868567076 11
1739809028034 168.31859610108933 12
1739809028050 168.25135188237064 13
1739809028066 168.18413589878904 14
1739809028081 168.11694813821873 15
1739809028097 168.04978858853943 16
1739809028114 167.98265723763592 17
1739809028119 167.91555407339837 18
1739809028129 167.84847908372214 19
1739809028145 167.78143225650788 20
1739809028161 167.71441357966148 21
1739809028177 167.64742304109413 22
1739809028192 167.58046062872228 23
1739809028208 167.51352633046756 24
1739809028208 167.44662013425688 25
1739809028224 167.3797420280224 26
1739809028244 167.31289199970155 27
1739809028256 167.24607003723696 28
1739809028272 167.17927612857653 29
1739809028288 167.11251026167338 30
1739809028288 167.04577242448588 31
1739809028304 166.9790626049776 32
1739809028319 166.91238079111739 33
1739809028335 166.8457269708793 34
1739809028351 166.77910113224263 35
1739809028367 166.71250326319188 36
1739809028383 166.64593335171665 37
1739809028399 166.57939138581213 38
1739809028399 166.51287735347827 39
1739809028417 166.44639124272055 40
1739809028431 166.3799330415495 41
1739809028447 166.31350273798097 42
1739809028463 166.24710032003594 43
1739809028478 166.18072577574063 44
1739809028494 166.11437909312647 45
1739809028510 166.04806026023002 46
1739809028510 165.98176926509316 47
1739809028534 165.91550609576288 48
1739809028550 165.84927074029136 49
1739809028563 165.78306318673603 50
1739809028573 165.71688342315943 51
1739809028589 165.6507314376294 52
1739809028605 165.58460721821885 53
1739809028605 165.51851075300596 54
1739809028622 165.45244203007402 55
1739809028637 165.38640103751155 56
1739809028653 165.32038776341224 57
1739809028669 165.25440219587492 58
1739809028685 165.18844432300358 59
1739809028701 165.1225141329075 60
1739809028715 165.05661161370097 61
1739809028724 164.99073675350348 62
1739809028736 164.9248895404398 63
1739809028748 164.85906996263975 64
1739809028764 164.79327800823833 65
1739809028780 164.72751366537565 66
1739809028795 164.6617769221971 67
1739809028795 164.59606776685317 68
1739809028811 164.53038618749935 69
1739809028827 164.4647321722965 70
1739809028845 164.39910570941043 71
1739809028859 164.3335067870123 72
1739809028874 164.26793539327826 73
1739809028874 164.20239151638955 74
1739809028890 164.13687514453272 75
1739809028906 164.07138626589938 76
1739809028927 164.0059248686862 77
1739809028938 163.94049094109505 78
1739809028954 163.87508447133285 79
1739809028976 163.80970544761186 80
1739809028987 163.74435385814914 81
1739809029003 163.67902969116713 82
1739809029019 163.61373293489322 83
1739809029019 163.54846357756006 84
1739809029036 163.4832216074053 85
1739809029052 163.41800701267178 86
1739809029068 163.35281978160737 87
1739809029083 163.2876599024651 88
1739809029101 163.22252736350308 89
1739809029115 163.1574221529845 90
1739809029131 163.0923442591778 91
1739809029131 163.0272936703563 92
1739809029147 162.9622703747985 93
1739809029163 162.89727436078812 94
1739809029179 162.8323056166137 95
1739809029194 162.76736413056918 96
1739809029210 162.70244989095332 97
1739809029226 162.63756288607016 98
1739809029226 162.57270310422868 99
1739809029242 162.50787053374302 100
1739809029258 162.44306516293238 101
1739809029274 162.37828698012103 102
1739809029290 162.3135359736383 103
1739809029306 162.24881213181862 104
1739809029306 162.1841154430015 105
1739809029322 162.1194458955314 106
1739809029338 162.05480347775807 107
1739809029354 161.99018817803602 108
1739809029369 161.92559998472515 109
1739809029385 161.86103888619016 110
1739809029401 161.79650487080087 111
1739809029401 161.73199792693228 112
1739809029417 161.66751804296425 113
1739809029433 161.60306520728182 114
1739809029451 161.53863940827506 115
1739809029465 161.47424063433903 116
1739809029485 161.40986887387388 117
1739809029497 161.34552411528475 118
1739809029497 161.28120634698183 119
1739809029513 161.21691555738047 120
1739809029530 161.15265173490087 121
1739809029546 161.08841486796834 122
1739809029562 161.02420494501322 123
1739809029578 160.96002195447093 124
1739809029578 160.8958658847818 125
1739809029593 160.8317367243913 126
1739809029609 160.7676344617498 127
1739809029625 160.70355908531272 128
1739809029641 160.63951058354067 129
1739809029657 160.57548894489892 130
1739809029657 160.51149415785815 131
1739809029674 160.4475262108938 132
1739809029690 160.38358509248636 133
1739809029706 160.3196707911213 134
1739809029722 160.25578329528918 135
1739809029738 160.19192259348554 136
1739809029738 160.1280886742108 137
1739809029755 160.06428152597056 138
1739809029770 160.0005011372753 139
1739809029785 159.9367474966405 140
1739809029801 159.8730205925866 141
1739809029817 159.8093204136391 142
1739809029833 159.7456469483285 143
1739809029833 159.68200018519013 144
1739809029849 159.61838011276456 145
1739809029865 159.55478671959705 146
1739809029881 159.49121999423807 147
1739809029897 159.42767992524284 148
1739809029913 159.36416650117184 149
1739809029929 159.30067971059023 150
1739809029945 159.2372195420683 151
1739809029945 159.17378598418128 152
1739809029961 159.11037902550933 153
1739809029977 159.04699865463763 154
1739809029993 158.98364486015632 155
1739809030010 158.92031763066038 156
1739809030024 158.85701695474984 157
1739809030040 158.7937428210297 158
1739809030040 158.73049521810984 159
1739809030056 158.66727413460515 160
1739809030072 158.60407955913547 161
1739809030088 158.54091148032552 162
1739809030105 158.47776988680502 163
1739809030120 158.41465476720853 164
1739809030120 158.3515661101757 165
1739809030136 158.28850390435102 166
1739809030152 158.22546813838395 167
1739809030168 158.16245880092885 168
1739809030184 158.099475880645 169
1739809030200 158.03651936619664 170
1739809030200 157.97358924625294 171
1739809030216 157.91068550948793 172
1739809030232 157.84780814458063 173
1739809030247 157.784957140215 174
1739809030264 157.7221324850798 175
1739809030280 157.6593341678688 176
1739809030296 157.59656217728065 177
1739809030312 157.53381650201885 178
1739809030312 157.471097130792 179
1739809030328 157.4084040523134 180
1739809030360 157.34573725530126 181
1739809030360 157.2830967284789 182
1739809030376 157.22048246057432 183
1739809030392 157.1578944403204 184
1739809030408 157.0953326564552 185
1739809030424 157.03279709772136 186
1739809030440 156.97028775286657 187
1739809030440 156.9078046106433 188
1739809030456 156.84534765980902 189
1739809030472 156.78291688912606 190
1739809030488 156.72051228736157 191
1739809030504 156.65813384328763 192
1739809030520 156.5957815456812 193
1739809030535 156.53345538332405 194
1739809030551 156.47115534500296 195
1739809030551 156.40888141950938 196
1739809030567 156.34663359563984 197
1739809030583 156.28441186219558 198
1739809030599 156.2222162079828 199
1739809030615 156.1600466218125 200
1739809030631 156.09790309250056 201
1739809030647 156.03578560886774 202
1739809030663 155.97369415973958 203
1739809030663 155.91162873394663 204
1739809030679 155.84958932032418 205
1739809030695 155.7875759077123 206
1739809030711 155.72558848495606 207
1739809030730 155.6636270409053 208
1739809030743 155.6016915644147 209
1739809030749 155.53978204434375 210
1739809030758 155.4778984695569 211
1739809030774 155.4160408289233 212
1739809030790 155.354209111317 213
1739809030806 155.2924033056169 214
1739809030822 155.23062340070666 215
1739809030838 155.16886938547486 216
1739809030838 155.10714124881483 217
1739809030853 155.04543897962475 218
1739809030870 154.98376256680768 219
1739809030891 154.92211199927138 220
1739809030905 154.86048726592847 221
1739809030916 154.79888835569648 222
1739809030932 154.73731525749767 223
1739809030932 154.6757679602591 224
1739809030948 154.61424645291268 225
1739809030965 154.55275072439508 226
1739809030980 154.49128076364784 227
1739809030996 154.42983655961729 228
1739809031012 154.36841810125446 229
1739809031028 154.30702537751532 230
1739809031029 154.24565837736054 231
1739809031044 154.18431708975567 232
1739809031060 154.123001503671 233
1739809031076 154.06171160808154 234
1739809031092 154.0004473919672 235
1739809031108 153.9392088443127 236
1739809031124 153.8779959541074 237
1739809031124 153.81680871034558 238
1739809031139 153.75564710202622 239
1739809031155 153.69451111815306 240
1739809031171 153.63340074773475 241
1739809031187 153.57231597978452 242
1739809031202 153.5112568033206 243
1739809031219 153.45022320736572 244
1739809031235 153.38921518094764 245
1739809031235 153.32823271309869 246
1739809031251 153.2672757928561 247
1739809031267 153.2063444092618 248
1739809031283 153.1454385513624 249
1739809031299 153.08455820820944 250
1739809031299 153.02370336885906 251
1739809031315 152.96287402237226 252
1739809031331 152.90207015781468 253
1739809031347 152.84129176425685 254
1739809031363 152.78053883077396 255
1739809031379 152.7198113464459 256
1739809031395 152.65910930035747 257
1739809031410 152.59843268159798 258
1739809031410 152.53778147926167 259
1739809031426 152.47715568244743 260
1739809031442 152.41655528025888 261
1739809031458 152.3559802618044 262
1739809031474 152.2954306161971 263
1739809031490 152.2349063325548 264
1739809031490 152.1744074000001 265
1739809031506 152.11393380766023 266
1739809031522 152.05348554466718 267
1739809031538 151.99306260015774 268
1739809031554 151.93266496327328 269
1739809031570 151.87229262315998 270
1739809031570 151.81194556896872 271
1739809031586 151.75162378985505 272
1739809031601 151.6913272749793 273
1739809031618 151.6310560135064 274
1739809031633 151.57080999460618 275
1739809031649 151.5105892074529 276
1739809031666 151.4503936412258 277
1739809031681 151.39022328510856 278
1739809031681 151.33007812828978 279
1739809031703 151.2699581599626 280
1739809031713 151.20986336932498 281
1739809031730 151.14979374557942 282
1739809031746 151.08974927793324 283
1739809031761 151.0297299555984 284
1739809031778 150.96973576779152 285
1739809031793 150.90976670373394 286
1739809031793 150.8498227526517 287
1739809031810 150.78990390377547 288
1739809031826 150.73001014634056 289
1739809031842 150.67014146958704 290
1739809031858 150.61029786275964 291
1739809031874 150.55047931510774 292
1739809031874 150.49068581588534 293
1739809031890 150.43091735435124 294
1739809031906 150.37117391976875 295
1739809031922 150.31145550140593 296
1739809031938 150.25176208853551 297
1739809031954 150.19209367043484 298
1739809031954 150.13245023638595 299
1739809031970 150.07283177567547 300
1739809031986 150.01323827759475 301
1739809032002 149.95366973143976 302
1739809032018 149.8941261265111 303
1739809032035 149.8346074521141 304
1739809032049 149.77511369755865 305
1739809032065 149.71564485215924 306
1739809032065 149.6562009052352 307
1739809032081 149.59678184611022 308
1739809032097 149.53738766411286 309
1739809032113 149.47801834857617 310
1739809032129 149.41867388883793 311
1739809032145 149.35935427424047 312
1739809032145 149.30005949413078 313
1739809032161 149.24078953786054 314
1739809032178 149.18154439478593 315
1739809032194 149.12232405426784 316
1739809032210 149.06312850567178 317
1739809032226 149.00395773836777 318
1739809032241 148.9448117417306 319
1739809032241 148.88569050513962 320
1739809032258 148.8265940179787 321
1739809032274 148.7675222696364 322
1739809032290 148.70847524950594 323
1739809032306 148.64945294698504 324
1739809032322 148.59045535147612 325
1739809032338 148.5314824523861 326
1739809032338 148.47253423912656 327
1739809032353 148.4136107011137 328
1739809032369 148.35471182776826 329
1739809032386 148.2958376085156 330
1739809032401 148.23698803278563 331
1739809032417 148.17816309001302 332
1739809032433 148.11936276963675 333
1739809032433 148.06058706110065 334
1739809032449 148.00183595385292 335
1739809032465 147.94310943734644 336
1739809032481 147.88440750103877 337
1739809032497 147.82573013439185 338
1739809032512 147.76707732687237 339
1739809032528 147.7084490679514 340
1739809032544 147.6498453471048 341
1739809032560 147.59126615381282 342
1739809032576 147.53271147756044 343
1739809032591 147.47418130783709 344
1739809032607 147.41567563413676 345
1739809032623 147.35719444595804 346
1739809032639 147.29873773280406 347
1739809032655 147.2403054841826 348
1739809032671 147.18189768960585 349
1739809032686 147.1235143385906 350
1739809032702 147.06515542065824 351
1739809032718 147.00682092533472 352
1739809032738 146.94851084215045 353
1739809032753 146.89022516064048 354
1739809032767 146.83196387034434 355
1739809032780 146.7737269608061 356
1739809032792 146.7155144215744 357
1739809032807 146.65732624220237 358
1739809032807 146.59916241224784 359
1739809032823 146.54102292127288 360
1739809032839 146.4829077588444 361
1739809032855 146.42481691453366 362
1739809032871 146.36675037791645 363
1739809032887 146.30870813857317 364
1739809032887 146.2506901860886 365
1739809032903 146.19269651005223 366
1739809032927 146.13472710005803 367
1739809032941 146.07678194570428 368
1739809032950 146.01886103659407 369
1739809032966 145.96096436233483 370
1739809032966 145.90309191253854 371
1739809032981 145.84524367682167 372
1739809032998 145.78741964480517 373
1739809033013 145.7296198061146 374
1739809033029 145.67184415038002 375
1739809033047 145.61409266723587 376
1739809033062 145.55636534632114 377
1739809033068 145.4986621772794 378
1739809033089 145.44098314975864 379
1739809033101 145.38332825341132 380
1739809033108 145.32569747789444 381
1739809033126 145.26809081286953 382
1739809033140 145.21050824800253 383
1739809033157 145.15294977296386 384
1739809033157 145.09541537742854 385
1739809033172 145.0379050510759 386
1739809033188 144.98041878358993 387
1739809033204 144.92295656465896 388
1739809033223 144.86551838397588 389
1739809033236 144.80810423123802 390
1739809033236 144.75071409614714 391
1739809033252 144.69334796840954 392
1739809033268 144.636005837736 393
1739809033284 144.57868769384174 394
1739809033300 144.52139352644636 395
1739809033315 144.4641233252741 396
1739809033331 144.40687708005348 397
1739809033331 144.34965478051762 398
1739809033347 144.29245641640398 399
1739809033363 144.2352819774546 400
1739809033379 144.1781314534159 401
1739809033394 144.1210048340387 402
1739809033411 144.06390210907836 403
1739809033426 144.00682326829465 404
1739809033426 143.9497683014518 405
1739809033442 143.89273719831846 406
1739809033458 143.8357299486678 407
1739809033478 143.7787465422773 408
1739809033490 143.7217869689289 409
1739809033506 143.66485121840913 410
1739809033506 143.60793928050876 411
1739809033521 143.5510511450231 412
1739809033537 143.49418680175185 413
1739809033553 143.43734624049924 414
1739809033569 143.3805294510737 415
1739809033585 143.3237364232883 416
1739809033601 143.26696714696047 417
1739809033601 143.210221611912 418
1739809033617 143.15349980796918 419
1739809033632 143.0968017249627 420
1739809033648 143.04012735272755 421
1739809033664 142.98347668110327 422
1739809033680 142.92684969993383 423
1739809033680 142.8702463990675 424
1739809033697 142.81366676835697 425
1739809033713 142.75711079765944 426
1739809033729 142.70057847683637 427
1739809033744 142.64406979575375 428
1739809033760 142.58758474428186 429
1739809033776 142.53112331229548 430
1739809033776 142.47468548967367 431
1739809033792 142.41827126630002 432
1739809033808 142.3618806320624 433
1739809033824 142.30551357685312 434
1739809033839 142.2491700905688 435
1739809033855 142.19285016311062 436
1739809033871 142.13655378438395 437
1739809033887 142.08028094429866 438
1739809033887 142.024031632769 439
1739809033903 141.96780583971352 440
1739809033919 141.9116035550552 441
1739809033935 141.85542476872135 442
1739809033951 141.7992694706437 443
1739809033967 141.74313765075843 444
1739809033983 141.68702929900587 445
1739809033983 141.6309444053309 446
1739809033999 141.5748829596827 447
1739809034015 141.51884495201486 448
1739809034031 141.4628303722852 449
1739809034049 141.4068392104561 450
1739809034063 141.35087145649405 451
1739809034063 141.29492710037016 452
1739809034079 141.2390061320597 453
1739809034095 141.18310854154237 454
1739809034111 141.12723431880218 455
1739809034127 141.07138345382756 456
1739809034144 141.0155559366112 457
1739809034158 140.9597517571502 458
1739809034174 140.90397090544593 459
1739809034174 140.8482133715042 460
1739809034190 140.79247914533508 461
1739809034206 140.73676821695295 462
1739809034222 140.68108057637664 463
1739809034238 140.6254162136292 464
1739809034254 140.56977511873805 465
1739809034254 140.51415728173504 466
1739809034270 140.4585626926561 467
1739809034286 140.40299134154174 468
1739809034302 140.34744321843664 469
1739809034318 140.29191831338983 470
1739809034334 140.23641661645473 471
1739809034334 140.18093811768904 472
1739809034350 140.12548280715467 473
1739809034365 140.070050674918 474
1739809034381 140.01464171104965 475
1739809034397 139.95925590562456 476
1739809034414 139.90389324872191 477
1739809034430 139.8485537304253 478
1739809034445 139.7932373408226 479
1739809034445 139.73794407000594 480
1739809034461 139.68267390807173 481
1739809034477 139.6274268451208 482
1739809034493 139.57220287125816 483
1739809034509 139.51700197659315 484
1739809034525 139.4618241512394 485
1739809034541 139.40666938531487 486
1739809034557 139.35153766894175 487
1739809034557 139.29642899224655 488
1739809034573 139.24134334536006 489
1739809034589 139.18628071841732 490
1739809034605 139.13124110155775 491
1739809034621 139.07622448492492 492
1739809034637 139.02123085866677 493
1739809034637 138.96626021293548 494
1739809034653 138.9113125378875 495
1739809034669 138.8563878236836 496
1739809034684 138.80148606048874 497
1739809034700 138.74660723847222 498
1739809034716 138.69175134780755 499
