1739809109111 175.9657749337429 0
1739809109119 175.89536548340485 1
1739809109135 175.88834079831798 2
1739809109151 175.88130386325054 3
1739809109166 175.87426722634456 4
1739809109166 175.8672308851031 5
1739809109182 175.8601948395139 6
1739809109198 175.85315908956423 7
1739809109214 175.84612363524144 8
1739809109230 175.83908847653282 9
1739809109246 175.83205361342564 10
1739809109262 175.8250190459072 11
1739809109278 175.8179847739649 12
1739809109278 175.81095079758583 13
1739809109293 175.8039171167575 14
1739809109309 175.79688373146712 15
1739809109326 175.789850641702 16
1739809109341 175.78281784744945 17
1739809109357 175.7757853486968 18
1739809109373 175.7687531454313 19
1739809109389 175.76172123764033 20
1739809109404 175.7546896253111 21
1739809109420 175.74765830843103 22
1739809109436 175.74062728698732 23
1739809109436 175.73359656096736 24
1739809109465 175.72656613035835 25
1739809109478 175.71953599514774 26
1739809109484 175.71250615532276 27
1739809109500 175.70547661087073 28
1739809109516 175.69844736177893 29
1739809109532 175.6914184080347 30
1739809109532 175.6843897496254 31
1739809109548 175.67736138653828 32
1739809109563 175.6703333187606 33
1739809109580 175.66330554627982 34
1739809109602 175.65627806908316 35
1739809109615 175.64925088715796 36
1739809109627 175.64222400049147 37
1739809109627 175.6351974090711 38
1739809109642 175.62817111288416 39
1739809109658 175.62114511191785 40
1739809109675 175.61411940615963 41
1739809109690 175.60709399559673 42
1739809109707 175.6000688802165 43
1739809109707 175.59304406000626 44
1739809109723 175.58601953495332 45
1739809109739 175.578995305045 46
1739809109754 175.5719713702686 47
1739809109770 175.5649477306115 48
1739809109786 175.55792438606096 49
1739809109802 175.55090133660437 50
1739809109818 175.54387858222896 51
1739809109818 175.5368561229221 52
1739809109833 175.52983395867116 53
1739809109850 175.52281208946337 54
1739809109865 175.51579051528617 55
1739809109881 175.5087692361268 56
1739809109899 175.50174825197254 57
1739809109913 175.49472756281085 58
1739809109913 175.48770716862896 59
1739809109928 175.48068706941424 60
1739809109944 175.47366726515403 61
1739809109960 175.4666477558356 62
1739809109976 175.45962854144634 63
1739809109992 175.45260962197352 64
1739809110008 175.44559099740454 65
1739809110008 175.43857266772667 66
1739809110024 175.43155463292726 67
1739809110040 175.42453689299367 68
1739809110056 175.4175194479132 69
1739809110072 175.4105022976732 70
1739809110088 175.403485442261 71
1739809110104 175.3964688816639 72
1739809110120 175.3894526158693 73
1739809110120 175.38243664486447 74
1739809110136 175.3754209686368 75
1739809110152 175.36840558717358 76
1739809110168 175.3613905004622 77
1739809110184 175.35437570848995 78
1739809110184 175.34736121124422 79
1739809110200 175.34034700871226 80
1739809110216 175.33333310088148 81
1739809110232 175.32631948773923 82
1739809110248 175.3193061692728 83
1739809110264 175.31229314546957 84
1739809110280 175.30528041631683 85
1739809110295 175.29826798180198 86
1739809110295 175.29125584191232 87
1739809110311 175.28424399663524 88
1739809110327 175.27723244595805 89
1739809110343 175.27022118986807 90
1739809110359 175.2632102283527 91
1739809110376 175.25619956139928 92
1739809110392 175.24918918899508 93
1739809110401 175.24217911112757 94
1739809110408 175.23516932778395 95
1739809110423 175.22815983895168 96
1739809110439 175.22115064461812 97
1739809110455 175.21414174477047 98
1739809110471 175.20713313939626 99
1739809110487 175.20012482848279 100
1739809110503 175.19311681201728 101
1739809110503 175.18610908998727 102
1739809110519 175.17910166237996 103
1739809110535 175.1720945291828 104
1739809110551 175.1650876903831 105
1739809110567 175.15808114596817 106
1739809110583 175.1510748959255 107
1739809110599 175.1440689402423 108
1739809110615 175.137063278906 109
1739809110615 175.13005791190395 110
1739809110630 175.12305283922345 111
1739809110646 175.1160480608519 112
1739809110662 175.10904357677668 113
1739809110678 175.1020393869851 114
1739809110694 175.09503549146456 115
1739809110710 175.0880318902024 116
1739809110710 175.08102858318594 117
1739809110726 175.07402557040263 118
1739809110742 175.06702285183974 119
1739809110763 175.0600204274847 120
1739809110774 175.0530182973248 121
1739809110790 175.04601646134742 122
1739809110806 175.03901491954 123
1739809110822 175.0320136718898 124
1739809110838 175.02501271838426 125
1739809110838 175.0180120590107 126
1739809110853 175.01101169375647 127
1739809110870 175.004011622609 128
1739809110885 174.99701184555562 129
1739809110902 174.99001236258366 130
1739809110917 174.9830131736805 131
1739809110917 174.97601427883356 132
1739809110933 174.9690156780302 133
1739809110949 174.9620173712577 134
1739809110965 174.95501935850353 135
1739809110980 174.94802163975504 136
1739809110996 174.94102421499952 137
1739809111012 174.93402708422445 138
1739809111028 174.9270302474171 139
1739809111028 174.92003370456493 140
1739809111044 174.91303745565529 141
1739809111060 174.90604150067549 142
1739809111076 174.899045839613 143
1739809111092 174.8920504724551 144
1739809111108 174.88505539918924 145
1739809111124 174.87806061980277 146
1739809111124 174.871066134283 147
1739809111140 174.86407194261741 148
1739809111157 174.85707804479333 149
1739809111172 174.85008444079816 150
1739809111188 174.8430911306192 151
1739809111204 174.83609811424387 152
1739809111220 174.82910539165965 153
1739809111220 174.82211296285377 154
1739809111236 174.8151208278137 155
1739809111252 174.8081289865268 156
1739809111268 174.80113743898036 157
1739809111285 174.79414618516194 158
1739809111301 174.78715522505877 159
1739809111317 174.7801645586583 160
1739809111317 174.7731741859479 161
1739809111332 174.76618410691498 162
1739809111348 174.7591943215469 163
1739809111364 174.75220482983102 164
1739809111380 174.74521563175475 165
1739809111396 174.7382267273055 166
1739809111412 174.73123811647056 167
1739809111428 174.72424979923747 168
1739809111428 174.71726177559347 169
1739809111444 174.71027404552603 170
1739809111460 174.7032866090226 171
1739809111476 174.6962994660704 172
1739809111492 174.68931261665696 173
1739809111508 174.68232606076958 174
1739809111523 174.67533979839573 175
1739809111523 174.66835382952274 176
1739809111540 174.661368154138 177
1739809111556 174.65438277222896 178
1739809111572 174.647397683783 179
1739809111588 174.64041288878744 180
1739809111604 174.63342838722977 181
1739809111604 174.62644417909732 182
1739809111625 174.6194602643775 183
1739809111645 174.61247664305773 184
1739809111659 174.6054933151254 185
1739809111667 174.59851028056787 186
1739809111683 174.59152753937255 187
1739809111699 174.5845450915269 188
1739809111699 174.57756293701826 189
1739809111716 174.57058107583399 190
1739809111731 174.56359950796156 191
1739809111747 174.55661823338835 192
1739809111763 174.54963725210177 193
1739809111779 174.5426565640892 194
1739809111794 174.53567616933805 195
1739809111800 174.52869606783574 196
1739809111809 174.52171625956962 197
1739809111825 174.5147367445271 198
1739809111841 174.5077575226957 199
1739809111857 174.5007785940627 200
1739809111873 174.49379995861557 201
1739809111889 174.48682161634162 202
1739809111889 174.47984356722836 203
1739809111904 174.47286581126318 204
1739809111929 174.46588834843345 205
1739809111937 174.4589111787266 206
1739809111952 174.45193430212998 207
1739809111968 174.44495771863112 208
1739809111968 174.43798142821737 209
1739809111985 174.4310054308761 210
1739809112000 174.42402972659474 211
1739809112016 174.41705431536073 212
1739809112032 174.41007919716148 213
1739809112048 174.40310437198437 214
1739809112063 174.3961298398168 215
1739809112079 174.38915560064626 216
1739809112079 174.38218165446006 217
1739809112095 174.37520800124574 218
1739809112111 174.36823464099058 219
1739809112132 174.3612615736821 220
1739809112143 174.3542887993077 221
1739809112159 174.3473163178547 222
1739809112175 174.34034412931064 223
1739809112175 174.33337223366289 224
1739809112193 174.32640063089886 225
1739809112207 174.31942932100597 226
1739809112223 174.31245830397162 227
1739809112239 174.30548757978326 228
1739809112255 174.29851714842832 229
1739809112271 174.29154700989417 230
1739809112287 174.28457716416833 231
1739809112287 174.27760761123812 232
1739809112303 174.27063835109098 233
1739809112319 174.26366938371442 234
1739809112335 174.25670070909572 235
1739809112352 174.24973232722243 236
1739809112368 174.24276423808192 237
1739809112384 174.23579644166162 238
1739809112384 174.2288289379489 239
1739809112400 174.2218617269313 240
1739809112416 174.2148948085962 241
1739809112431 174.20792818293097 242
1739809112447 174.2009618499231 243
1739809112463 174.19399580956 244
1739809112479 174.18703006182912 245
1739809112479 174.18006460671785 246
1739809112495 174.17309944421365 247
1739809112511 174.16613457430395 248
1739809112527 174.15916999697617 249
1739809112542 174.15220571221778 250
1739809112558 174.14524172001612 251
1739809112574 174.13827802035868 252
1739809112590 174.13131461323292 253
1739809112590 174.12435149862625 254
1739809112606 174.11738867652608 255
1739809112622 174.11042614691988 256
1739809112638 174.10346390979507 257
1739809112654 174.09650196513914 258
1739809112670 174.0895403129394 259
1739809112670 174.08257895318337 260
1739809112686 174.0756178858585 261
1739809112702 174.06865711095224 262
1739809112718 174.06169662845195 263
1739809112734 174.05473643834515 264
1739809112754 174.04777654061925 265
1739809112766 174.04081693526166 266
1739809112782 174.0338576222599 267
1739809112782 174.0268986016013 268
1739809112798 174.0199398732734 269
1739809112813 174.01298143726353 270
1739809112829 174.00602329355928 271
1739809112845 173.99906544214804 272
1739809112862 173.99210788301718 273
1739809112877 173.98515061615421 274
1739809112893 173.97819364154665 275
1739809112893 173.97123695918174 276
1739809112909 173.9642805690471 277
1739809112925 173.95732447113014 278
1739809112941 173.95036866541827 279
1739809112957 173.943413151899 280
1739809112973 173.93645793055973 281
1739809112973 173.92950300138787 282
1739809112989 173.92254836437098 283
1739809113005 173.9155940194964 284
1739809113021 173.90863996675168 285
1739809113037 173.90168620612417 286
1739809113053 173.8947327376014 287
1739809113053 173.88777956117082 288
1739809113069 173.88082667681982 289
1739809113085 173.8738740845359 290
1739809113101 173.86692178430653 291
1739809113117 173.8599697761191 292
1739809113133 173.85301805996116 293
1739809113148 173.8460666358201 294
1739809113165 173.8391155036834 295
1739809113165 173.83216466353846 296
1739809113180 173.8252141153728 297
1739809113196 173.81826385917387 298
1739809113212 173.81131389492913 299
1739809113229 173.80436422262602 300
1739809113244 173.797414842252 301
1739809113244 173.79046575379456 302
1739809113261 173.7835169572411 303
1739809113276 173.77656845257914 304
1739809113292 173.76962023979615 305
1739809113308 173.7626723188795 306
1739809113324 173.7557246898168 307
1739809113340 173.74877735259537 308
1739809113340 173.74183030720275 309
1739809113356 173.73488355362642 310
1739809113372 173.72793709185373 311
1739809113388 173.72099092187233 312
1739809113403 173.71404504366956 313
1739809113420 173.70709945723286 314
1739809113435 173.7001541625498 315
1739809113435 173.69320915960776 316
1739809113451 173.6862644483943 317
1739809113467 173.67932002889683 318
1739809113489 173.67237590110273 319
1739809113499 173.66543206499966 320
1739809113515 173.658488520575 321
1739809113531 173.65154526781618 322
1739809113547 173.64460230671068 323
1739809113563 173.63765963724603 324
1739809113579 173.6307172594097 325
1739809113595 173.6237751731891 326
1739809113611 173.61683337857173 327
1739809113611 173.6098918755451 328
1739809113627 173.60295066409665 329
1739809113643 173.59600974421383 330
1739809113659 173.58906911588417 331
1739809113674 173.58212877909517 332
1739809113690 173.5751887338342 333
1739809113706 173.56824898008887 334
1739809113722 173.56130951784652 335
1739809113722 173.5543703470947 336
1739809113737 173.54743146782096 337
1739809113753 173.54049288001264 338
1739809113769 173.53355458365726 339
1739809113786 173.52661657874242 340
1739809113802 173.51967886525546 341
1739809113816 173.5127414431839 342
1739809113830 173.50580431251524 343
1739809113841 173.49886747323697 344
1739809113849 173.49193092533653 345
1739809113865 173.48499466880145 346
1739809113881 173.4780587036192 347
1739809113897 173.47112302977723 348
1739809113897 173.46418764726312 349
1739809113912 173.45725255606425 350
1739809113928 173.45031775616818 351
1739809113944 173.44338324756234 352
1739809113964 173.4364490302343 353
1739809113978 173.42951510417146 354
1739809113982 173.42258146936132 355
1739809113991 173.4156481257914 356
1739809114007 173.40871507344923 357
1739809114022 173.40178231232224 358
1739809114039 173.39484984239792 359
1739809114055 173.38791766366376 360
1739809114071 173.38098577610728 361
1739809114071 173.374054179716 362
1739809114087 173.36712287447733 363
1739809114106 173.36019186037885 364
1739809114119 173.353261137408 365
1739809114135 173.34633070555225 366
1739809114135 173.3394005647992 367
1739809114151 173.33247071513625 368
1739809114167 173.3255411565509 369
1739809114183 173.31861188903073 370
1739809114199 173.31168291256316 371
1739809114215 173.3047542271357 372
1739809114230 173.29782583273587 373
1739809114246 173.29089772935117 374
1739809114246 173.28396991696906 375
1739809114262 173.27704239557707 376
1739809114278 173.2701151651627 377
1739809114294 173.26318822571346 378
1739809114310 173.2562615772169 379
1739809114326 173.2493352196604 380
1739809114342 173.2424091530315 381
1739809114358 173.2354833773178 382
1739809114358 173.2285578925067 383
1739809114374 173.22163269858575 384
1739809114390 173.21470779554247 385
1739809114406 173.2077831833643 386
1739809114422 173.20085886203884 387
1739809114438 173.19393483155346 388
1739809114454 173.18701109189584 389
1739809114454 173.1800876430534 390
1739809114470 173.1731644850136 391
1739809114486 173.166241617764 392
1739809114502 173.15931904129215 393
1739809114518 173.1523967555855 394
1739809114534 173.14547476063157 395
1739809114534 173.13855305641792 396
1739809114550 173.13163164293198 397
1739809114565 173.1247105201613 398
1739809114581 173.11778968809344 399
1739809114597 173.11086914671583 400
1739809114613 173.10394889601605 401
1739809114632 173.09702893598157 402
1739809114645 173.0901092665999 403
1739809114645 173.08318988785868 404
1739809114661 173.07627079974526 405
1739809114677 173.0693520022472 406
1739809114693 173.06243349535205 407
1739809114709 173.05551527904737 408
1739809114725 173.04859735332062 409
1739809114741 173.04167971815926 410
1739809114741 173.03476237355093 411
1739809114757 173.02784531948305 412
1739809114773 173.02092855594321 413
1739809114789 173.0140120829189 414
1739809114805 173.00709590039767 415
1739809114820 173.00018000836698 416
1739809114820 172.99326440681443 417
1739809114836 172.98634909572752 418
1739809114858 172.97943407509374 419
1739809114868 172.97251934490063 420
1739809114885 172.96560490513573 421
1739809114900 172.9586907557865 422
1739809114916 172.95177689684058 423
1739809114932 172.94486332828544 424
1739809114948 172.93795005010858 425
1739809114964 172.93103706229752 426
1739809114964 172.92412436483986 427
1739809114980 172.91721195772308 428
1739809114996 172.91029984093473 429
1739809115012 172.9033880144623 430
1739809115028 172.89647647829335 431
1739809115044 172.8895652324154 432
1739809115044 172.88265427681603 433
1739809115059 172.8757436114827 434
1739809115076 172.868833236403 435
1739809115097 172.86192315156438 436
1739809115107 172.8550133569545 437
1739809115123 172.84810385256077 438
1739809115139 172.84119463837078 439
1739809115139 172.83428571437207 440
1739809115155 172.8273770805522 441
1739809115171 172.82046873689862 442
1739809115187 172.81356068339895 443
1739809115203 172.80665292004076 444
1739809115219 172.79974544681147 445
1739809115235 172.79283826369863 446
1739809115251 172.78593137068987 447
1739809115251 172.77902476777268 448
1739809115266 172.77211845493463 449
1739809115282 172.76521243216322 450
1739809115298 172.75830669944597 451
1739809115314 172.7514012567705 452
1739809115330 172.7444961041243 453
1739809115346 172.7375912414949 454
1739809115362 172.73068666886985 455
1739809115362 172.72378238623676 456
1739809115378 172.7168783935831 457
1739809115393 172.70997469089644 458
1739809115409 172.70307127816432 459
1739809115425 172.69616815537427 460
1739809115441 172.6892653225139 461
1739809115457 172.68236277957067 462
1739809115457 172.6754605265322 463
1739809115473 172.66855856338597 464
1739809115489 172.66165689011962 465
1739809115505 172.65475550672065 466
1739809115521 172.64785441317656 467
1739809115537 172.64095360947496 468
1739809115553 172.63405309560338 469
1739809115553 172.62715287154938 470
1739809115569 172.62025293730056 471
1739809115585 172.61335329284435 472
1739809115602 172.6064539381684 473
1739809115617 172.59955487326025 474
1739809115633 172.59265609810743 475
1739809115649 172.58575761269753 476
1739809115665 172.57885941701807 477
1739809115665 172.57196151105663 478
1739809115681 172.56506389480077 479
1739809115696 172.558166568238 480
1739809115713 172.5512695313559 481
1739809115728 172.54437278414207 482
1739809115745 172.53747632658403 483
1739809115761 172.5305801586693 484
1739809115761 172.52368428038554 485
1739809115777 172.51678869172022 486
1739809115793 172.50989339266096 487
1739809115809 172.50299838319526 488
1739809115825 172.49610366331075 489
1739809115841 172.48920923299494 490
1739809115841 172.48231509223544 491
1739809115856 172.47542124101972 492
1739809115872 172.4685276793355 493
1739809115888 172.4616344071702 494
1739809115904 172.4547414245114 495
1739809115923 172.44784873134677 496
1739809115937 172.4409563276638 497
1739809115947 172.43406421345006 498
1739809115963 172.42717238869312 499
