1739808835277 169.34901212942756 0
1739808835292 162.65594969454128 1
1739808835306 156.24073591123064 2
1739808835322 150.09157471502064 3
1739808835322 144.1971768855922 4
1739808835348 138.5467381324819 5
1739808835363 133.12991813134173 6
1739808835377 127.93682046945969 7
1739808835395 122.95797346103669 8
1739808835409 118.18431179443387 9
1739808835423 113.60715897524713 10
1739808835436 109.21821053063758 11
1739808835450 105.0095179418491 12
1739808835463 100.97347327328316 13
1739808835475 97.1027944678749 14
1739808835488 93.39051127983144 15
1739808835500 89.82995181705014 16
1739808835505 86.4147296667391 17
1739808835529 83.13873157891311 18
1739808835542 79.99610568353863 19
1739808835555 76.98125021815555 20
1739808835556 74.0888027438101 21
1739808835579 71.31362982809748 22
1739808835588 68.65081717503335 23
1739808835606 66.09566018235631 24
1739808835620 63.64365490770545 25
1739808835632 61.29048942592417 26
1739808835636 59.0320355605131 27
1739808835652 56.86434097299205 28
1739808835668 54.783621594637765 29
1739808835686 52.78625438573849 30
1739808835699 50.868770408152706 31
1739808835711 49.02784819757652 32
1739808835725 47.260307422515666 33
1739808835738 45.563102817522356 34
1739808835750 43.9333183787986 35
1739808835763 42.36816181078392 36
1739808835776 40.86495921284045 37
1739808835789 39.421149995621136 38
1739808835802 38.03428201715924 39
1739808835815 36.70200692915049 40
1739808835829 35.422075724312585 41
1739808835843 34.19233447610335 42
1739808835857 33.01072026245706 43
1739808835871 31.87525726556131 44
1739808835885 30.78405304004263 45
1739808835898 29.73529494226126 46
1739808835911 28.727246713731986 47
1739808835925 27.758245211991433 48
1739808835937 26.826697282522414 49
1739808835945 25.931076765623118 50
1739808835964 25.069921632374633 51
1739808835978 24.241831244113865 52
1739808835992 23.44546373006215 53
1739808836003 22.67953347799165 54
1739808836011 21.942808733034298 55
1739808836030 21.234109299950156 56
1739808836045 20.552304344375663 57
1739808836059 19.896310288766532 58
1739808836073 19.265088798936123 59
1739808836078 18.65764485726785 60
1739808836104 18.07302491885083 61
1739808836120 17.510315146950166 62
1739808836135 16.96863972437941 63
1739808836148 16.44715923749156 64
1739808836160 15.945069129647363 65
1739808836176 15.461598221156061 66
1739808836190 14.996007292814035 67
1739808836203 14.547587730291507 68
1739808836218 14.115660226736777 69
1739808836230 13.699573541081481 70
1739808836244 13.29870330963962 71
1739808836259 12.912450908697311 72
1739808836270 12.540242365890366 73
1739808836283 12.181527318261995 74
1739808836298 11.835778014984637 75
1739808836312 11.502488362816969 76
1739808836325 11.181173012451161 77
1739808836337 10.871366483984984 78
1739808836340 10.57262232983029 79
1739808836363 10.284512333442292 80
1739808836376 10.006625742324154 81
1739808836391 9.7385685338284 82
1739808836404 9.479962712340685 83
1739808836418 9.230445636492696 84
1739808836432 8.989669375109706 85
1739808836447 8.757300090654141 86
1739808836463 8.533017448980385 87
1739808836474 8.316514054267275 88
1739808836496 8.107494908043698 89
1739808836510 7.905676891269864 90
1739808836524 7.710788268481549 91
1739808836539 7.522568213047718 92
1739808836547 7.340766352632937 93
1739808836564 7.165142333995258 94
1739808836581 6.995465406288039 95
1739808836594 6.831514022069983 96
1739808836607 6.673075455262119 97
1739808836621 6.5199454353234465 98
1739808836634 6.371927796948402 99
1739808836646 6.228834144619375 100
1739808836660 6.09048353137649 101
1739808836673 5.95670215119424 102
1739808836687 5.827323044381111 103
1739808836699 5.702185815443447 104
1739808836705 5.5811363628790085 105
1739808836726 5.464026620388671 106
1739808836741 5.350714309017014 107
1739808836756 5.241062699753413 108
1739808836769 5.134940386145628 109
1739808836783 5.032221066497229 110
1739808836796 4.93278333523862 111
1739808836809 4.836510483079161 112
1739808836824 4.743290305564834 113
1739808836836 4.653014919682055 114
1739808836849 4.565580588163842 115
1739808836862 4.480887551169157 116
1739808836873 4.398839865020739 117
1739808836889 4.319345247699954 118
1739808836889 4.2423149308104895 119
1739808836915 4.167663517734942 120
1739808836929 4.095308847720324 121
1739808836943 4.025171865639809 122
1739808836957 3.9571764971889993 123
1739808836964 3.8912495292853304 124
1739808836980 3.827320495449217 125
1739808836996 3.765321565955069 126
1739808837008 3.7051874425494162 127
1739808837024 3.6468552575420565 128
1739808837041 3.5902644770845775 129
1739808837065 3.5353568084585016 130
1739808837089 3.482076111202921 131
1739808837104 3.4303683119188975 132
1739808837113 3.380181322594837 133
1739808837130 3.3314649623036283 134
1739808837147 3.2841708821289686 135
1739808837164 3.238252493184194 136
1739808837176 3.19366489759291 137
1739808837190 3.1503648223062957 138
1739808837206 3.1083105556373276 139
1739808837218 3.0674618863972705 140
1739808837228 3.0277800455246933 141
1739808837245 2.9892276501020367 142
1739808837259 2.951768649659161 143
1739808837272 2.9153682746676024 144
1739808837285 2.879992987133546 145
1739808837299 2.845610433201173 146
1739808837313 2.812189397682109 147
1739808837327 2.7796997604300673 148
1739808837340 2.748112454483422 149
1739808837353 2.717399425901558 150
1739808837367 2.687533595224204 151
1739808837379 2.6584888204857644 152
1739808837390 2.630239861719795 153
1739808837405 2.6027623468913066 154
1739808837405 2.5760327391973887 155
1739808837432 2.5500283056791107 156
1739808837443 2.5247270870901155 157
1739808837453 2.5001078689695904 158
1739808837469 2.476150153869602 159
1739808837485 2.452834134688855 160
1739808837501 2.4301406690669305 161
1739808837513 2.4080512547951334 162
1739808837517 2.3865480062018154 163
1739808837540 2.365613631471875 164
1739808837549 2.3452314108618517 165
1739808837567 2.3253851757736763 166
1739808837581 2.306059288651636 167
1739808837585 2.287238623668699 168
1739808837597 2.2689085481697044 169
1739808837619 2.251054904840336 170
1739808837628 2.2336639945721064 171
1739808837644 2.2167225599948086 172
1739808837660 2.20021776964912 173
1739808837671 2.1841372027731794 174
1739808837687 2.1684688346781065 175
1739808837699 2.153201022688362 176
1739808837708 2.1383224926240514 177
1739808837725 2.1238223258030375 178
1739808837739 2.1096899465418066 179
1739808837752 2.095915110134844 180
1739808837755 2.0824878912931157 181
1739808837780 2.0693986730231213 182
1739808837796 2.0566381359286985 183
1739808837809 2.0441972479185475 184
1739808837814 2.032067254303125 185
1739808837830 2.0202396682652752 186
1739808837848 2.008706261689568 187
1739808837865 1.9974590563359698 188
1739808837874 1.9864903153441145 189
1739808837891 1.9757925350548917 190
1739808837910 1.9653584371367674 191
1739808837926 1.9551809610046702 192
1739808837930 1.9452532565198108 193
1739808837952 1.9355686769592977 194
1739808837961 1.9261207722448759 195
1739808837980 1.9169032824205232 196
1739808837994 1.9079101313690867 197
1739808838009 1.8991354207585607 198
1739808838010 1.8905734242089713 199
1739808838034 1.8822185816711887 200
1739808838049 1.8740654940093966 201
1739808838062 1.8661089177792538 202
1739808838073 1.8583437601941035 203
1739808838089 1.8507650742719135 204
1739808838089 1.8433680541559425 205
1739808838120 1.836148030602371 206
1739808838134 1.8291004666284596 207
1739808838146 1.8222209533150273 208
1739808838158 1.8155052057573335 209
1739808838174 1.8089490591585993 210
1739808838174 1.8025484650607737 211
1739808838199 1.7962994877072376 212
1739808838206 1.7901983005324555 213
1739808838222 1.7842411827736848 214
1739808838238 1.778424516200179 215
1739808838254 1.7727447819553661 216
1739808838265 1.7671985575077558 217
1739808838274 1.7617825137065135 218
1739808838297 1.7564934119376927 219
1739808838310 1.751328101377405 220
1739808838317 1.7462835163382908 221
1739808838333 1.741356673705773 222
1739808838349 1.7365446704608074 223
1739808838360 1.7318446812858797 224
1739808838365 1.7272539562511722 225
1739808838385 1.7227698185779439 226
1739808838397 1.7183896624763 227
1739808838413 1.7141109510545771 228
1739808838413 1.709931214297774 229
1739808838438 1.705848047112449 230
1739808838445 1.7018591074357212 231
1739808838464 1.697962114406003 232
1739808838476 1.6941548465932572 233
1739808838490 1.690435140286629 234
1739808838492 1.686800887837368 235
1739808838517 1.6832500360550775 236
1739808838524 1.6797805846553784 237
1739808838544 1.6763905847571545 238
1739808838556 1.6730781374276178 239
1739808838570 1.6698413922734934 240
1739808838571 1.666678546076704 241
1739808838597 1.6635878414729939 242
1739808838603 1.6605675656719467 243
1739808838620 1.6576160492170287 244
1739808838638 1.654731664784155 245
1739808838650 1.6519128260175406 246
1739808838652 1.649157986401495 247
1739808838668 1.646465638166901 248
1739808838692 1.643834311231252 249
1739808838703 1.6412625721710192 250
1739808838716 1.6387490232253037 251
1739808838728 1.6362923013296855 252
1739808838732 1.633891077179227 253
1739808838754 1.6315440543196982 254
1739808838763 1.6292499682659969 255
1739808838779 1.6270075856469328 256
1739808838779 1.62481570337542 257
1739808838805 1.6226731478432839 258
1739808838811 1.6205787741398505 259
1739808838832 1.618531465293506 260
1739808838843 1.6165301315355038 261
1739808838858 1.6145737095852652 262
1739808838858 1.6126611619564895 263
1739808838883 1.610791476283368 264
1739808838895 1.608963664666288 265
1739808838910 1.607176763036337 266
1739808838922 1.605429830538076 267
1739808838937 1.6037219489299037 268
1739808838937 1.6020522220015605 269
1739808838962 1.6004197750081135 270
1739808838969 1.598823754119972 271
1739808838988 1.5972633258883904 272
1739808839001 1.595737676725995 273
1739808839012 1.5942460124018514 274
1739808839017 1.5927875575505892 275
1739808839037 1.5913615551952103 276
1739808839049 1.5899672662830824 277
1739808839065 1.5886039692347669 278
1739808839065 1.5872709595052499 279
1739808839090 1.5859675491572134 280
1739808839097 1.5846930664459695 281
1739808839117 1.5834468554157084 282
1739808839129 1.5822282755067054 283
1739808839145 1.5810367011731719 284
1739808839145 1.579871521511411 285
1739808839170 1.5787321398979792 286
1739808839176 1.5776179736375473 287
1739808839196 1.576528453620203 288
1739808839208 1.5754630239878429 289
1739808839222 1.5744211418094627 290
1739808839223 1.5734022767650377 291
1739808839247 1.5724059108377577 292
1739808839256 1.571431538014373 293
1739808839272 1.5704786639933839 294
1739808839287 1.5695468059009001 295
1739808839299 1.5686354920139056 296
1739808839303 1.56774426149073 297
1739808839319 1.566872664108511 298
1739808839335 1.566020260007472 299
1739808839353 1.5651866194417698 300
1739808839367 1.5643713225368048 301
1739808839379 1.5635739590527151 302
1739808839394 1.5627941281539635 303
1739808839405 1.5620314381847864 304
1739808839415 1.5612855064503859 305
1739808839431 1.5605559590036593 306
1739808839448 1.559842430437368 307
1739808839459 1.5591445636815198 308
1739808839464 1.558462009805897 309
1739808839485 1.5577944278275435 310
1739808839496 1.5571414845230716 311
1739808839512 1.5565028542456978 312
1739808839512 1.5558782187468159 313
1739808839539 1.5552672670020464 314
1739808839544 1.5546696950415992 315
1739808839565 1.5540852057848498 316
1739808839576 1.5535135088790142 317
1739808839592 1.5529543205417986 318
1739808839592 1.5524073634079452 319
1739808839608 1.55187236637954 320
1739808839624 1.5513490644800032 321
1739808839640 1.5508371987116585 322
1739808839656 1.550336515916777 323
1739808839672 1.5498467686420145 324
1739808839672 1.549367715006168 325
1739808839688 1.548899118571112 326
1739808839703 1.5484407482159004 327
1739808839719 1.5479923780138962 328
1739808839735 1.5475537871128822 329
1739808839751 1.547124759618054 330
1739808839751 1.546705084477847 331
1739808839767 1.5462945553724894 332
1739808839784 1.5458929706052489 333
1739808839800 1.545500132996257 334
1739808839816 1.545115849778916 335
1739808839816 1.5447399324987359 336
1739808839831 1.5443721969146136 337
1739808839847 1.544012462902441 338
1739808839863 1.5436605543610278 339
1739808839879 1.5433162991202203 340
1739808839895 1.5429795288512436 341
1739808839895 1.5426500789791235 342
1739808839911 1.5423277885971995 343
1739808839927 1.5420125003836456 344
1739808839943 1.5417040605199646 345
1739808839959 1.541402318611394 346
1739808839975 1.5411071276091772 347
1739808839975 1.540818343734672 348
1739808839996 1.540535826405221 349
1739808840006 1.5402594381617654 350
1739808840025 1.5399890445981508 351
1739808840039 1.5397245142920752 352
1739808840039 1.5394657187376548 353
1739808840055 1.5392125322795542 354
1739808840071 1.5389648320486438 355
1739808840087 1.5387224978991703 356
1739808840102 1.5384854123473626 357
1739808840118 1.5382534605114668 358
1739808840118 1.5380265300531752 359
1739808840135 1.5378045111204024 360
1739808840151 1.5375872962913884 361
1739808840167 1.537374780520085 362
1739808840182 1.537166861082811 363
1739808840198 1.5369634375261185 364
1739808840214 1.536764411615873 365
1739808840214 1.5365696872874997 366
1739808840231 1.536379170597371 367
1739808840246 1.5361927696753022 368
1739808840262 1.5360103946781478 369
1739808840278 1.5358319577444495 370
1739808840278 1.535657372950135 371
1739808840294 1.5354865562652054 372
1739808840310 1.5353194255114335 373
1739808840326 1.5351559003210178 374
1739808840341 1.534995902096179 375
1739808840357 1.5348393539696814 376
1739808840373 1.534686180766239 377
1739808840373 1.5345363089648234 378
1739808840389 1.5343896666617916 379
1739808840405 1.534246183534898 380
1739808840421 1.5341057908080717 381
1739808840437 1.5339684212170372 382
1739808840453 1.5338340089756848 383
1739808840477 1.5337024897432125 384
1739808840492 1.5335738005920048 385
1739808840507 1.5334478799762572 386
1739808840515 1.5333246677012793 387
1739808840531 1.5332041048935126 388
1739808840531 1.533086133971218 389
1739808840547 1.5329706986158294 390
1739808840563 1.5328577437439415 391
1739808840579 1.5327472154799369 392
1739808840595 1.5326390611292215 393
1739808840611 1.5325332291520748 394
1739808840611 1.5324296691380848 395
1739808840632 1.5323283317811365 396
1739808840643 1.5322291688549874 397
1739808840658 1.532132133189386 398
1739808840674 1.5320371786467215 399
1739808840690 1.531944260099184 400
1739808840690 1.531853333406465 401
1739808840707 1.5317643553939368 402
1739808840723 1.5316772838313155 403
1739808840738 1.531592077411832 404
1739808840754 1.5315086957318265 405
1739808840770 1.5314270992708345 406
1739808840770 1.531347249372099 407
1739808840786 1.5312691082235201 408
1739808840802 1.5311926388390285 409
1739808840818 1.5311178050403957 410
1739808840840 1.53104457143941 411
1739808840850 1.5309729034204882 412
1739808840866 1.5309027671236453 413
1739808840881 1.5308341294278718 414
1739808840897 1.5307669579348508 415
1739808840897 1.5307012209530715 416
1739808840913 1.5306368874822496 417
1739808840930 1.5305739271981524 418
1739808840945 1.530512310437707 419
1739808840961 1.5304520081844781 420
1739808840961 1.5303929920544375 421
1739808840977 1.5303352342820902 422
1739808840993 1.5302787077068567 423
1739808841009 1.530223385759801 424
1739808841025 1.5301692424506308 425
1739808841025 1.5301162523549932 426
1739808841041 1.5300643906020515 427
1739808841057 1.5300136328623315 428
1739808841073 1.5299639553358444 429
1739808841089 1.5299153347404708 430
1739808841104 1.529867748300605 431
1739808841104 1.5298211737360385 432
1739808841127 1.529775589251102 433
1739808841136 1.529730973524044 434
1739808841163 1.5296873056966402 435
1739808841178 1.529644565364046 436
1739808841190 1.5296027325648465 437
1739808841206 1.5295617877713628 438
1739808841215 1.5295217118801303 439
1739808841231 1.5294824862026328 440
1739808841247 1.5294440924562025 441
1739808841247 1.5294065127551426 442
1739808841263 1.5293697296020423 443
1739808841279 1.52933372587927 444
1739808841295 1.5292984848406743 445
1739808841311 1.5292639901034557 446
1739808841311 1.5292302256402266 447
1739808841327 1.529197175771227 448
1739808841342 1.5291648251567385 449
1739808841359 1.5291331587896468 450
1739808841374 1.5291021619881644 451
1739808841390 1.5290718203887324 452
1739808841406 1.5290421199390725 453
1739808841406 1.5290130468913705 454
1739808841422 1.5289845877956478 455
1739808841437 1.5289567294932405 456
1739808841460 1.5289294591104505 457
1739808841469 1.5289027640523198 458
1739808841485 1.528876631996548 459
1739808841485 1.528851050887544 460
1739808841501 1.5288260089306032 461
1739808841517 1.5288014945862247 462
1739808841533 1.528777496564539 463
1739808841549 1.5287540038198655 464
1739808841565 1.5287310055453849 465
1739808841565 1.5287084911679345 466
1739808841581 1.5286864503429236 467
1739808841597 1.528664872949337 468
1739808841613 1.5286437490848723 469
1739808841629 1.5286230690611742 470
1739808841645 1.5286028233991729 471
1739808841660 1.5285830028245273 472
1739808841660 1.5285635982631633 473
1739808841677 1.5285446008369201 474
1739808841692 1.5285260018592788 475
1739808841708 1.5285077928311916 476
1739808841726 1.5284899654370045 477
1739808841740 1.5284725115404685 478
1739808841740 1.5284554231808338 479
1739808841757 1.528438692569027 480
1739808841773 1.528422312083929 481
1739808841789 1.5284062742687103 482
1739808841805 1.528390571827271 483
1739808841821 1.5283751976207365 484
1739808841821 1.5283601446640456 485
