1739808675756 169.4281063198635 0
1739808675767 162.7301603943555 1
1739808675779 156.31030050726403 2
1739808675795 150.15671985903919 3
1739808675811 144.25811896149239 4
1739808675817 138.60368370365563 5
1739808675830 133.18306436902907 6
1739808675846 127.98635556288187 7
1739808675866 123.00407701007173 8
1739808675880 118.22715518556339 9
1739808675893 113.64690574147468 10
1739808675907 109.25501669604876 11
1739808675915 105.04353235145683 12
1739808675931 101.0048379087746 13
1739808675939 97.13164474985108 14
1739808675947 93.41697635710624 15
1739808675965 89.85415484355201 16
1739808675979 86.43678806653635 17
1739808675994 83.15875729986178 18
1739808676011 80.01420544003167 19
1739808676018 76.99752572343223 20
1739808676041 74.10335093226519 21
1739808676055 71.32654306801157 22
1739808676069 68.66218347212892 23
1739808676081 66.10556337456606 24
1739808676095 63.65217485152466 25
1739808676107 61.29770217470258 26
1739808676120 59.03801353502716 27
1739808676133 56.86915312462463 28
1739808676139 54.787333561478206 29
1739808676153 52.78892864190321 30
1739808676168 50.87046640661401 31
1739808676189 49.02862250677525 32
1739808676203 47.26021385702171 33
1739808676217 45.56219256299624 34
1739808676223 43.93164011149657 35
1739808676243 42.36576181183893 36
1739808676259 40.861881477541786 37
1739808676273 39.41743633790591 38
1739808676284 38.0299721695203 39
1739808676302 36.69713863815637 40
1739808676317 35.41668484192741 41
1739808676323 34.18645504698626 42
1739808676334 33.00438460741337 43
1739808676350 31.868496061310488 44
1739808676367 30.77689539546104 45
1739808676385 29.72776847125117 46
1739808676400 28.71937760486168 47
1739808676401 27.750058295045587 48
1739808676418 26.81821609209555 49
1739808676434 25.922323601883786 50
1739808676451 25.060917619122176 51
1739808676467 24.232596384244932 52
1739808676472 23.436016958558703 53
1739808676493 22.669892712537834 54
1739808676507 21.93299092236477 55
1739808676519 21.22413047002831 56
1739808676533 20.542179642495913 57
1739808676546 19.88605402567075 58
1739808676558 19.254714489030654 59
1739808676569 18.647165257023843 60
1739808676585 18.062452063466907 61
1739808676600 17.499660385353366 62
1739808676616 16.95791375263693 63
1739808676630 16.436372130702807 64
1739808676644 15.934230372382713 65
1739808676659 15.450716736506205 66
1739808676677 14.985091470110671 67
1739808676696 14.53664545155792 68
1739808676704 14.104698891924006 69
1739808676724 13.688600092143613 70
1739808676732 13.287724253499361 71
1739808676748 12.901472339150867 72
1739808676773 12.529269984498447 73
1739808676786 12.170566454271833 74
1739808676801 11.824833644325912 75
1739808676817 11.491565126212832 76
1739808676832 11.170275232683528 77
1739808676849 10.86049818235184 78
1739808676867 10.561787241830938 79
1739808676882 10.273713923725001 80
1739808676897 9.995867218929126 81
1739808676913 9.727852861757677 82
1739808676932 9.469292626485034 83
1739808676948 9.219823653944449 84
1739808676962 8.979097806888998 85
1739808676977 8.746781052875118 86
1739808676991 8.52255287348251 87
1739808677008 8.306105698735921 88
1739808677023 8.097144365643135 89
1739808677052 7.895385599810733 90
1739808677121 7.700557519143966 91
1739808677136 7.51239915868013 92
1739808677149 7.330660015646135 93
1739808677161 7.155099613869978 94
1739808677165 6.9854870867138334 95
1739808677186 6.821600777732217 96
1739808677197 6.663227858293255 97
1739808677213 6.510163961434036 98
1739808677213 6.362212831252532 99
1739808677240 6.219185987168698 100
1739808677254 6.080902402416265 101
1739808677267 5.947188196154311 102
1739808677270 5.8178763386141075 103
1739808677287 5.692806368721972 104
1739808677302 5.571824123663034 105
1739808677322 5.454781479873939 106
1739808677335 5.341536104974637 107
1739808677350 5.23195122017052 108
1739808677366 5.125895372676398 109
1739808677373 5.0232422177333 110
1739808677388 4.92387030980734 111
1739808677410 4.8276629025779405 112
1739808677418 4.734507757339302 113
1739808677434 4.644296959455542 114
1739808677451 4.5569267425252535 115
1739808677466 4.472297319926033 116
1739808677472 4.390312723423971 117
1739808677493 4.310880648546377 118
1739808677506 4.233912306429244 119
1739808677515 4.1593222818632185 120
1739808677530 4.087028397273887 121
1739808677546 4.016951582383461 122
1739808677546 3.9490157493118563 123
1739808677562 3.883147672885579 124
1739808677585 3.8192768759328524 125
1739808677599 3.7573355193528273 126
1739808677611 3.697258296756002 127
1739808677615 3.638982333481509 128
1739808677631 3.5824470898055 129
1739808677653 3.5275942681626278 130
1739808677666 3.4743677242104383 131
1739808677680 3.422713381573708 132
1739808677692 3.3725791501127764 133
1739808677706 3.323914847566604 134
1739808677718 3.2766721244277797 135
1739808677731 3.23080439191265 136
1739808677738 3.186266752895802 137
1739808677759 3.143015935683623 138
1739808677772 3.1010102305070366 139
1739808677786 3.0602094286186934 140
1739808677799 3.02057476388482 141
1739808677812 2.9820688567665004 142
1739808677824 2.9446556605898913 143
1739808677837 2.9083004100089402 144
1739808677850 2.872969571568473 145
1739808677862 2.838630796279326 146
1739808677875 2.805252874121098 147
1739808677887 2.7728056903916287 148
1739808677902 2.7412601838256903 149
1739808677918 2.710588306408924 150
1739808677918 2.680762984815899 151
1739808677938 2.651758083404497 152
1739808677952 2.6235483687014756 153
1739808677968 2.5961094753170033 154
1739808677986 2.569417873228561 155
1739808678000 2.543450836377071 156
1739808678012 2.5181864125206532 157
1739808678026 2.493603394293691 158
1739808678032 2.469681291421038 159
1739808678047 2.446400304039494 160
1739808678063 2.4237412970805066 161
1739808678082 2.4016857756702117 162
1739808678095 2.3802158615046034 163
1739808678098 2.359314270159557 164
1739808678121 2.3389642892970754 165
1739808678134 2.3191497577307283 166
1739808678144 2.299855045314895 167
1739808678154 2.2810650336238854 168
1739808678173 2.2627650973884004 169
1739808678183 2.244941086658288 170
1739808678203 2.227579309661711 171
1739808678217 2.21066651633222 172
1739808678227 2.194189882476399 173
1739808678239 2.1781369945558327 174
1739808678256 2.1624958350583654 175
1739808678272 2.1472547684345757 176
1739808678286 2.1324025275764753 177
1739808678301 2.1179282008163542 178
1739808678315 2.1038212194246135 179
1739808678322 2.090071345586422 180
1739808678339 2.076668660837701 181
1739808678357 2.063603554941947 182
1739808678370 2.050866715189998 183
1739808678382 2.0384491161057503 184
1739808678390 2.026342009541447 185
1739808678404 2.01453691514688 186
1739808678423 2.0030256111974607 187
1739808678437 1.991800125766843 188
1739808678451 1.9808527282302282 189
1739808678461 1.970175921085193 190
1739808678477 1.9597624320773563 191
1739808678490 1.9496052066187441 192
1739808678503 1.939697400487202 193
1739808678509 1.9300323727957411 194
1739808678524 1.9206036792210819 195
1739808678540 1.9114050654811525 196
1739808678556 1.9024304610517606 197
1739808678562 1.8936739731129453 198
1739808678579 1.8851298807160097 199
1739808678593 1.8767926291626067 200
1739808678603 1.868656824587507 201
1739808678620 1.8607172287371345 202
1739808678638 1.8529687539362028 203
1739808678655 1.8454064582351402 204
1739808678669 1.838025540731295 205
1739808678683 1.8308213370571318 206
1739808678689 1.8237893150290396 207
1739808678705 1.8169250704504443 208
1739808678725 1.8102243230633803 209
1739808678738 1.803682912642767 210
1739808678752 1.7972967952278947 211
1739808678766 1.7910620394859484 212
1739808678772 1.784974823202413 213
1739808678790 1.7790314298936472 214
1739808678807 1.7732282455369095 215
1739808678821 1.7675617554133933 216
1739808678834 1.7620285410600265 217
1739808678848 1.756625277325898 218
1739808678863 1.7513487295294101 219
1739808678875 1.74619575071234 220
1739808678887 1.7411632789872156 221
1739808678902 1.7362483349745015 222
1739808678904 1.7314480193262565 223
1739808678929 1.7267595103330469 224
1739808678939 1.722180061611042 225
1739808678956 1.7177069998663335 226
1739808678970 1.7133377227335929 227
1739808678984 1.709069696686423 228
1739808678990 1.704900455016665 229
1739808679013 1.7008275958802401 230
1739808679025 1.6968487804070407 231
1739808679033 1.6929617308725926 232
1739808679050 1.6891642289291955 233
1739808679066 1.6854541138944492 234
1739808679081 1.6818292810950697 235
1739808679088 1.678287680264023 236
1739808679109 1.674827313989051 237
1739808679121 1.67144623621079 238
1739808679142 1.6681425507686767 239
1739808679155 1.664914409993001 240
1739808679173 1.661760013341417 241
1739808679187 1.658677606078388 242
1739808679200 1.6556654779960391 243
1739808679207 1.6527219621749907 244
1739808679223 1.649845433783736 245
1739808679240 1.6470343089152826 246
1739808679257 1.6442870434596988 247
1739808679271 1.6416021320113963 248
1739808679283 1.6389781068098845 249
1739808679298 1.636413536712915 250
1739808679298 1.633907026200847 251
1739808679314 1.6314572144112285 252
1739808679330 1.629062774202512 253
1739808679352 1.6267224112459624 254
1739808679363 1.6244348631448038 255
1739808679378 1.6221988985796372 256
1739808679391 1.620013316479347 257
1739808679406 1.6178769452165287 258
1739808679418 1.6157886418267347 259
1739808679431 1.6137472912506838 260
1739808679444 1.611751805598667 261
1739808679459 1.6098011234364884 262
1739808679465 1.607894209092159 263
1739808679481 1.6060300519827158 264
1739808679497 1.6042076659604887 265
1739808679513 1.6024260886782054 266
1739808679513 1.6006843809722944 267
1739808679528 1.5989816262638334 268
1739808679545 1.5973169299765688 269
1739808679561 1.5956894189714401 270
1739808679577 1.5940982409971185 271
1739808679593 1.592542564156028 272
1739808679593 1.5910215763853661 273
1739808679608 1.5895344849526605 274
1739808679624 1.5880805159653881 275
1739808679640 1.5866589138942564 276
1739808679656 1.5852689411096534 277
1739808679672 1.5839098774309412 278
1739808679688 1.5825810196881345 279
1739808679688 1.5812816812956028 280
1739808679704 1.5800111918374518 281
1739808679720 1.5787688966641773 282
1739808679736 1.5775541565002984 283
1739808679752 1.5763663470626026 284
1739808679767 1.5752048586887064 285
1739808679767 1.574069095975619 286
1739808679783 1.5729584774279755 287
1739808679799 1.5718724351156992 288
1739808679815 1.5708104143407937 289
1739808679831 1.5697718733129666 290
1739808679847 1.5687562828338923 291
1739808679862 1.5677631259897573 292
1739808679862 1.5667918978519728 293
1739808679878 1.5658421051856921 294
1739808679902 1.5649132661659915 295
1739808679910 1.564004910101464 296
1739808679932 1.56311657716499 297
1739808679937 1.5622478181315214 298
1739808679967 1.56139819412265 299
1739808679969 1.5605672763577634 300
1739808679986 1.5597546459116298 301
1739808680002 1.558959893478187 302
1739808680019 1.5581826191404016 303
1739808680036 1.5574224321459942 304
1739808680037 1.556678950688896 305
1739808680063 1.5559518016962475 306
1739808680076 1.5552406206208085 307
1739808680083 1.5545450512386083 308
1739808680097 1.5538647454517094 309
1739808680113 1.5531993630959426 310
1739808680129 1.5525485717534548 311
1739808680129 1.5519120465699605 312
1739808680145 1.5512894700765616 313
1739808680161 1.5506805320160113 314
1739808680177 1.5500849291732908 315
1739808680193 1.5495023652104103 316
1739808680209 1.5489325505052842 317
1739808680225 1.5483752019945984 318
1739808680225 1.5478300430205472 319
1739808680241 1.5472968031813474 320
1739808680256 1.546775218185418 321
1739808680272 1.546265029709142 322
1739808680288 1.545765985258099 323
1739808680304 1.545277838031687 324
1739808680304 1.5448003467910398 325
1739808680321 1.5443332757301753 326
1739808680337 1.543876394350237 327
1739808680352 1.5434294773368122 328
1739808680368 1.5429923044401965 329
1739808680384 1.5425646603585659 330
1739808680384 1.5421463346239448 331
1739808680400 1.5417371214909275 332
1739808680416 1.5413368198280764 333
1739808680432 1.5409452330119064 334
1739808680448 1.5405621688234148 335
1739808680464 1.5401874393470925 336
1739808680480 1.5398208608723278 337
1739808680480 1.5394622537971627 338
1739808680495 1.539111442534342 339
1739808680517 1.5387682554195865 340
1739808680527 1.538432524622048 341
1739808680543 1.5381040860568667 342
1739808680559 1.5377827792998198 343
1739808680559 1.537468447503957 344
1739808680576 1.5371609373182222 345
1739808680591 1.536860098807976 346
1739808680614 1.5365657853773942 347
1739808680629 1.53627785369368 348
1739808680639 1.5359961636130635 349
1739808680654 1.5357205781085104 350
1739808680663 1.535450963199147 351
1739808680682 1.5351871878813184 352
1739808680695 1.534929124061251 353
1739808680702 1.5346766464892998 354
1739808680718 1.5344296326956963 355
1739808680733 1.5341879629278232 356
1739808680750 1.5339515200889178 357
1739808680750 1.53372018967821 358
1739808680765 1.5334938597324377 359
1739808680781 1.533272420768724 360
1739808680797 1.5330557657287698 361
1739808680813 1.5328437899243235 362
1739808680829 1.532636390983932 363
1739808680829 1.532433468800892 364
1739808680845 1.5322349254824228 365
1739808680861 1.5320406652999823 366
1739808680877 1.5318505946407461 367
1739808680893 1.5316646219601842 368
1739808680909 1.5314826577357414 369
1739808680925 1.5313046144215525 370
1739808680925 1.5311304064042186 371
1739808680941 1.530959949959585 372
1739808680957 1.5307931632105072 373
1739808680973 1.5306299660855665 374
1739808680989 1.530470280278756 375
1739808680989 1.530314029210059 376
1739808681005 1.530161137986935 377
1739808681021 1.530011533366683 378
1739808681043 1.5298651437196624 379
1739808681053 1.5297218989933368 380
1739808681069 1.529581730677146 381
1739808681085 1.5294445717681695 382
1739808681101 1.529310356737573 383
1739808681101 1.5291790214978076 384
1739808681117 1.5290505033705541 385
1739808681133 1.5289247410553952 386
1739808681153 1.5288016745991966 387
1739808681164 1.5286812453661645 388
1739808681186 1.5285633960086036 389
1739808681196 1.5284480704383172 390
1739808681212 1.5283352137986563 391
1739808681228 1.528224772437194 392
1739808681228 1.528116693879033 393
1739808681244 1.5280109268006856 394
1739808681260 1.5279074210045682 395
1739808681275 1.5278061273940495 396
1739808681291 1.52770699794907 397
1739808681291 1.5276099857023024 398
1739808681307 1.5275150447158603 399
1739808681323 1.5274221300585047 400
1739808681339 1.527331197783392 401
1739808681355 1.527242204906294 402
1739808681371 1.5271551093843145 403
1739808681371 1.5270698700950966 404
1739808681387 1.5269864468164722 405
1739808681403 1.5269048002065781 406
1739808681419 1.5268248917844252 407
1739808681435 1.5267466839108756 408
1739808681451 1.5266701397700853 409
1739808681467 1.5265952233513116 410
1739808681467 1.5265218994311704 411
1739808681483 1.526450133556265 412
1739808681498 1.526379892026203 413
1739808681514 1.5263111418770112 414
1739808681530 1.5262438508648921 415
1739808681546 1.5261779874503592 416
1739808681546 1.5261135207827263 417
1739808681562 1.5260504206849375 418
1739808681578 1.525988657638732 419
1739808681594 1.5259282027701402 420
1739808681612 1.5258690278353084 421
1739808681625 1.525811105206631 422
1739808681641 1.5257544078591965 423
1739808681641 1.5256989093575308 424
1739808681657 1.5256445838426331 425
1739808681673 1.525591406019304 426
1739808681688 1.5255393511437574 427
1739808681704 1.5254883950114926 428
1739808681723 1.5254385139454563 429
1739808681737 1.5253896847844464 430
1739808681737 1.5253418848717872 431
1739808681753 1.5252950920442503 432
1739808681768 1.5252492846212329 433
1739808681784 1.5252044413941328 434
1739808681800 1.5251605416160208 435
1739808681816 1.5251175649914999 436
1739808681832 1.5250754916667972 437
1739808681832 1.5250343022200814 438
1739808681848 1.5249939776519827 439
1739808681870 1.5249544993763389 440
1739808681880 1.5249158492111345 441
1739808681896 1.524878009369639 442
1739808681912 1.524840962451748 443
1739808681912 1.5248046914355164 444
1739808681928 1.5247691796688532 445
1739808681944 1.5247344108614498 446
1739808681960 1.524700369076834 447
1739808681976 1.5246670387246426 448
1739808681992 1.524634404553021 449
1739808682007 1.5246024516412306 450
1739808682007 1.524571165392401 451
1739808682023 1.524540531526431 452
1739808682039 1.5245105360730757 453
1739808682055 1.5244811653651553 454
1739808682071 1.5244524060319344 455
1739808682086 1.5244242449926326 456
1739808682102 1.5243966694500901 457
1739808682102 1.5243696668845659 458
1739808682118 1.5243432250476763 459
1739808682134 1.5243173319564634 460
1739808682150 1.5242919758875904 461
1739808682166 1.524267145371676 462
1739808682182 1.5242428291877452 463
1739808682197 1.5242190163578044 464
1739808682197 1.5241956961415355 465
1739808682213 1.524172858031106 466
1739808682229 1.5241504917460922 467
1739808682245 1.5241285872285162 468
1739808682261 1.5241071346379917 469
1739808682277 1.52408612434698 470
1739808682277 1.524065546936135 471
1739808682293 1.5240453931897802 472
1739808682309 1.524025654091441 473
1739808682324 1.5240063208195285 474
1739808682340 1.523987384743069 475
1739808682356 1.5239688374175557 476
1739808682364 1.5239506705808894 477
1739808682384 1.5239328761493895 478
1739808682397 1.5239154462139222 479
1739808682411 1.523898373036084 480
1739808682423 1.5238816490444902 481
1739808682436 1.5238652668311294 482
1739808682449 1.5238492191478181 483
1739808682454 1.5238334989027054 484
1739808682475 1.5238180991568846 485
1739808682489 1.5238030131210476 486
1739808682500 1.5237882341522382 487
1739808682515 1.5237737557506668 488
