1739810266181 169.4281063198635 0
1739810266196 169.360457444978 1
1739810266223 169.29338103215332 2
1739810266237 169.2263294056596 3
1739810266248 169.15930640289608 4
1739810266266 169.0923100891413 5
1739810266282 169.02534045374372 6
1739810266297 168.9583955621391 7
1739810266311 168.89147925159074 8
1739810266319 168.82458958747054 9
1739810266339 168.75772655914386 10
1739810266348 168.69088823214085 11
1739810266365 168.6240784435876 12
1739810266380 168.55729525894995 13
1739810266396 168.4905386676104 14
1739810266412 168.42380673519327 15
1739810266428 168.35710329868704 16
1739810266435 168.29042642365184 17
1739810266456 168.22377609948697 18
1739810266465 168.1571503919117 19
1739810266485 168.09055313777588 20
1739810266501 168.02398240273425 21
1739810266516 167.95743817620306 22
1739810266531 167.89091852399665 23
1739810266544 167.82442728282564 24
1739810266549 167.75796251843957 25
1739810266571 167.69152422027176 26
1739810266582 167.62511045423196 27
1739810266598 167.55872505689067 28
1739810266615 167.49236609409277 29
1739810266630 167.4260316320206 30
1739810266635 167.35972550673765 31
1739810266656 167.2934457843612 32
1739810266666 167.22719245435405 33
1739810266684 167.1609635829945 34
1739810266699 167.0947630062048 35
1739810266716 167.02858879019803 36
1739810266729 166.96244092445377 37
1739810266734 166.8963174753467 38
1739810266749 166.83022227865706 39
1739810266765 166.76415340069403 40
1739810266781 166.69811083095394 41
1739810266798 166.63209263590838 42
1739810266814 166.56610265119454 43
1739810266820 166.50013894321816 44
1739810266835 166.4342015014924 45
1739810266849 166.36828839258587 46
1739810266867 166.30240345199206 47
1739810266881 166.2365447462137 48
1739810266897 166.17071226478063 49
1739810266917 166.10490407435893 50
1739810266931 166.03912401029763 51
1739810266936 165.9733701391966 52
1739810266948 165.90764245060248 53
1739810266965 165.84193901127915 54
1739810266981 165.77626365643036 55
1739810267001 165.71061445275356 56
1739810267014 165.64498946728688 57
1739810267029 165.57939253472327 58
1739810267041 165.51382172203432 59
1739810267049 165.4482770187959 60
1739810267066 165.38275649214432 61
1739810267081 165.31726397662618 62
1739810267098 165.2517975393112 63
1739810267117 165.18635716979188 64
1739810267131 165.1209409353032 65
1739810267147 165.05555267024454 66
1739810267147 164.99019044178402 67
1739810267164 164.9248542395308 68
1739810267181 164.85954213081894 69
1739810267199 164.79425794989967 70
1739810267217 164.7289997640401 71
1739810267232 164.66376756286587 72
1739810267233 164.5985594138105 73
1739810267252 164.53337915097637 74
1739810267264 164.46822484172972 75
1739810267282 164.40309647571286 76
1739810267297 164.33799212045898 77
1739810267316 164.2729156099208 78
1739810267331 164.20786501156422 79
1739810267348 164.14283839319805 80
1739810267363 164.0778395882611 81
1739810267380 164.01286666449462 82
1739810267399 163.94791961156997 83
1739810267415 163.88299649739614 84
1739810267430 163.8181011552612 85
1739810267436 163.75323165300654 86
1739810267452 163.6883879803198 87
1739810267466 163.6235682052108 88
1739810267482 163.5587761608159 89
1739810267509 163.494009915077 90
1739810267525 163.42926945769818 91
1739810267532 163.36455285679017 92
1739810267549 163.29986394533708 93
1739810267565 163.23520079138143 94
1739810267582 163.17056338464383 95
1739810267598 163.10594979333632 96
1739810267615 163.04136385028988 97
1739810267630 162.97680362364815 98
1739810267645 162.9122691031482 99
1739810267649 162.84775835710354 100
1739810267665 162.78327521819148 101
1739810267681 162.71881775465695 102
1739810267697 162.6543859562535 103
1739810267717 162.58997789139664 104
1739810267731 162.525597392609 105
1739810267743 162.46124252823728 106
1739810267750 162.39691136697465 107
1739810267767 162.3326077408256 108
1739810267782 162.2683297184144 109
1739810267798 162.204077289523 110
1739810267815 162.139848522947 111
1739810267830 162.0756472505351 112
1739810267831 162.01147154101395 113
1739810267849 161.94732138418172 114
1739810267865 161.8831948489369 115
1739810267883 161.81909576697163 116
1739810267898 161.7550222071151 117
1739810267904 161.69097415918193 118
1739810267928 161.6269496921737 119
1739810267939 161.56295263762527 120
1739810267950 161.4989810644688 121
1739810267966 161.43503496253518 122
1739810267981 161.37111240092946 123
1739810268000 161.3072172110285 124
1739810268014 161.24334746186764 125
1739810268030 161.17950314329426 126
1739810268031 161.11568232451705 127
1739810268053 161.05188883675416 128
1739810268066 160.9881207491445 129
1739810268085 160.924376131176 130
1739810268100 160.86065881354546 131
1739810268123 160.79696686567075 132
1739810268133 160.73330027742736 133
1739810268150 160.66965711840737 134
1739810268167 160.60604121914778 135
1739810268182 160.54245064917055 136
1739810268183 160.47888539836737 137
1739810268202 160.41534353643505 138
1739810268224 160.3518288937498 139
1739810268238 160.28833953993805 140
1739810268257 160.2248754649077 141
1739810268265 160.1614347384606 142
1739810268282 160.0980211908114 143
1739810268298 160.03463289169153 144
1739810268299 159.9712698310248 145
1739810268326 159.90793007871866 146
1739810268338 159.84461746482535 147
1739810268349 159.78133005918144 148
1739810268365 159.71806785172708 149
1739810268385 159.65482891247515 150
1739810268401 159.5916170713151 151
1739810268416 159.52843039818896 152
1739810268430 159.4652688830529 153
1739810268436 159.40213059602596 154
1739810268449 159.3390193668337 155
1739810268466 159.2759332655241 156
1739810268483 159.21287036249666 157
1739810268501 159.1498344869522 158
1739810268516 159.08682370921906 159
1739810268532 159.0238380192815 160
1739810268549 158.9608754876455 161
1739810268565 158.897939943347 162
1739810268565 158.8350294568207 163
1739810268583 158.77214401806683 164
1739810268599 158.70928169769832 165
1739810268615 158.64644632458547 166
1739810268631 158.58363596926966 167
1739810268649 158.52085062176698 168
1739810268665 158.4580883527979 169
1739810268680 158.39535299106595 170
1739810268681 158.33264260721978 171
1739810268698 158.26995719129138 172
1739810268715 158.20729481410868 173
1739810268731 158.14465930420826 174
1739810268751 158.08204873234595 175
1739810268766 158.01946308856984 176
1739810268783 157.95690044381567 177
1739810268798 157.89436462645213 178
1739810268814 157.83185370734276 179
1739810268829 157.7693657577052 180
1739810268845 157.70690460538037 181
1739810268866 157.6444683215135 182
1739810268883 157.5820568961804 183
1739810268899 157.51966840070725 184
1739810268919 157.4573066627657 185
1739810268936 157.3949697536093 186
1739810268950 157.33265766332983 187
1739810268966 157.27036846336196 188
1739810268981 157.20810598120772 189
1739810268995 157.14586828822928 190
1739810269010 157.08365537453406 191
1739810269025 157.021465311666 192
1739810269039 156.95930192695644 193
1739810269054 156.89716329187652 194
1739810269069 156.83504939654944 195
1739810269084 156.77295831262853 196
1739810269101 156.71089386727397 197
1739810269117 156.6488541320659 198
1739810269133 156.58683909714352 199
1739810269149 156.52484683426982 200
1739810269164 156.4628811704329 201
1739810269170 156.4009401773226 202
1739810269187 156.33902384509372 203
1739810269199 156.2771302456194 204
1739810269217 156.215263205715 205
1739810269233 156.1534207971802 206
1739810269250 156.09160109217152 207
1739810269266 156.029807916973 208
1739810269266 155.9680393436676 209
1739810269285 155.90629536243765 210
1739810269298 155.8445740455503 211
1739810269315 155.78287921911567 212
1739810269331 155.72120895532717 213
1739810269348 155.65956324438267 214
1739810269365 155.59794015866032 215
1739810269370 155.53634352409554 216
1739810269383 155.4747714129925 217
1739810269398 155.4132238155648 218
1739810269414 155.35169880430172 219
1739810269431 155.29020020496344 220
1739810269452 155.22872608996502 221
1739810269465 155.16727644953585 222
1739810269483 155.10584935627668 223
1739810269498 155.04444863577154 224
1739810269513 154.98307236054706 225
1739810269519 154.92172052084806 226
1739810269531 154.86039118938723 227
1739810269548 154.79908819157188 228
1739810269564 154.73780960004018 229
1739810269581 154.6765534877896 230
1739810269599 154.615323679693 231
1739810269614 154.55411824867338 232
1739810269614 154.49293718500272 233
1739810269631 154.43177856179088 234
1739810269648 154.37064620373292 235
1739810269664 154.30953818386382 236
1739810269681 154.24845449247132 237
1739810269698 154.1873932027778 238
1739810269713 154.1263581392998 239
1739810269718 154.0653473751848 240
1739810269731 154.004360900736 241
1739810269748 153.9433967892888 242
1739810269765 153.88245886518044 243
1739810269781 153.82154520167114 244
1739810269797 153.7606557890797 245
1739810269802 153.69978870085484 246
1739810269817 153.63894776115362 247
1739810269831 153.57813104334957 248
1739810269848 153.51733853777677 249
1739810269866 153.45656831799775 250
1739810269882 153.39582420798877 251
1739810269898 153.33510428123677 252
1739810269898 153.27440661159036 253
1739810269917 153.21373502248832 254
1739810269931 153.15308758770377 255
1739810269950 153.0924642975977 256
1739810269967 153.03186322613288 257
1739810269981 152.97128819656635 258
1739810269996 152.91073728278505 259
1739810270004 152.8502104751654 260
1739810270020 152.7897058477846 261
1739810270042 152.7292272237172 262
1739810270059 152.66877267696427 263
1739810270066 152.60834219791772 264
1739810270089 152.54793386076952 265
1739810270111 152.48755148841082 266
1739810270127 152.42719315495737 267
1739810270144 152.36685885081644 268
1739810270159 152.30654665029502 269
1739810270166 152.24626037610028 270
1739810270183 152.1859981024629 271
1739810270199 152.1257598198055 272
1739810270222 152.06554360255043 273
1739810270242 152.00535327322015 274
1739810270258 151.9451869061606 275
1739810270275 151.8850444918096 276
1739810270282 151.82492410470536 277
1739810270299 151.76482956718488 278
1739810270328 151.7047589537096 279
1739810270344 151.64471033910533 280
1739810270361 151.58468754516824 281
1739810270367 151.52468864664732 282
1739810270382 151.46471363400715 283
1739810270398 151.40476058218982 284
1739810270413 151.34483331280484 285
1739810270429 151.2849299007173 286
1739810270445 151.22505033640704 287
1739810270466 151.16519269493264 288
1739810270477 151.1053607977164 289
1739810270493 151.04555271973973 290
1739810270514 150.98576845149773 291
1739810270519 150.9260060681657 292
1739810270543 150.86626939097818 293
1739810270560 150.8065564950332 294
1739810270575 150.7468673708409 295
1739810270592 150.68720009369397 296
1739810270605 150.62755848463814 297
1739810270617 150.5679406188884 298
1739810270634 150.50834648697017 299
1739810270651 150.44877416429355 300
1739810270666 150.3892274717149 301
1739810270682 150.32970448456663 302
1739810270700 150.27020327854777 303
1739810270716 150.21072767397092 304
1739810270731 150.15127574645726 305
1739810270737 150.09184748655875 306
1739810270750 150.03244097009224 307
1739810270768 149.97306001718 308
1739810270790 149.913702703561 309
1739810270803 149.85436901980214 310
1739810270820 149.79505704183867 311
1739810270833 149.73577058960174 312
1739810270850 149.67650773894837 313
1739810270867 149.61726848046055 314
1739810270882 149.5580508901921 315
1739810270887 149.49885878788228 316
1739810270900 149.43969024950664 317
1739810270917 149.38054526566208 318
1739810270933 149.32142191252143 319
1739810270950 149.26232400963139 320
1739810270967 149.20324963308613 321
1739810270983 149.14419877349775 322
1739810270983 149.08516950715807 323
1739810271002 149.0261656534208 324
1739810271014 148.967185288499 325
1739810271030 148.9082264889749 326
1739810271050 148.84929307365536 327
1739810271067 148.7903831190438 328
1739810271068 148.73149661577838 329
1739810271086 148.67263164056098 330
1739810271100 148.6137920120042 331
1739810271116 148.5549758067309 332
1739810271134 148.4961830153943 333
1739810271149 148.43741171481616 334
1739810271165 148.3786657234142 335
1739810271170 148.31994311793105 336
1739810271183 148.26124388903477 337
1739810271200 148.20256611366753 338
1739810271216 148.1439136100513 339
1739810271234 148.0852844550489 340
1739810271250 148.02667863934326 341
1739810271265 147.96809423999713 342
1739810271266 147.9095350750362 343
1739810271283 147.8509992214436 344
1739810271299 147.7924866699173 345
1739810271317 147.7339954976408 346
1739810271333 147.67552952244284 347
1739810271350 147.61708682142728 348
1739810271350 147.5586654720692 349
1739810271367 147.50026929164778 350
1739810271382 147.44189635755836 351
1739810271399 147.3835466605248 352
1739810271415 147.3252182781434 353
1739810271431 147.2669150274955 354
1739810271447 147.20863498609745 355
1739810271463 147.15037814468798 356
1739810271463 147.09214258098518 357
1739810271479 147.03393211187142 358
1739810271495 146.97574481498478 359
1739810271510 146.9175806810786 360
1739810271526 146.85943778799296 361
1739810271542 146.80131995241092 362
1739810271558 146.74322525209217 363
1739810271573 146.68515367780492 364
1739810271585 146.62710330751165 365
1739810271603 146.5690779576951 366
1739810271616 146.51107570623714 367
1739810271632 146.45309654392082 368
1739810271648 146.395138548831 369
1739810271654 146.3372055372498 370
1739810271667 146.27929558718142 371
1739810271683 146.2214067770036 372
1739810271699 146.16354292244606 373
1739810271716 146.10570210180566 374
1739810271733 146.0478843058912 375
1739810271748 145.9900876132034 376
1739810271752 145.9323158392702 377
1739810271766 145.8745670625113 378
1739810271783 145.8168412737502 379
1739810271799 145.7591365516109 380
1739810271817 145.70145671141893 381
1739810271833 145.64379983171713 382
1739810271848 145.5861659033436 383
1739810271853 145.52855300504604 384
1739810271867 145.47096495194668 385
1739810271884 145.413399822712 386
1739810271900 145.35585760819464 387
1739810271916 145.29833638726626 388
1739810271932 145.24083997484527 389
1739810271948 145.18336644972183 390
1739810271948 145.1259158027633 391
1739810271967 145.0684861129655 392
1739810271984 145.01108119504235 393
1739810272000 144.9536991279081 394
1739810272015 144.8963379908526 395
1739810272021 144.83900159803463 396
1739810272034 144.78168802866227 397
1739810272050 144.7243972736285 398
1739810272068 144.6671274123478 399
1739810272084 144.60988225877344 400
1739810272100 144.55265989223798 401
1739810272116 144.4954603036489 402
1739810272116 144.43828157254575 403
1739810272140 144.38112751267553 404
1739810272149 144.32399620349577 405
1739810272168 144.2668876359283 406
1739810272184 144.20979988963802 407
1739810272202 144.15273677816506 408
1739810272217 144.095696381092 409
1739810272232 144.0386786893553 410
1739810272248 143.98168178274534 411
1739810272248 143.92470947459475 412
1739810272268 143.86775984461153 413
1739810272291 143.81083288374654 414
1739810272305 143.75392667191622 415
1739810272311 143.6970450222448 416
1739810272326 143.64018601456604 417
1739810272347 143.58334772909163 418
1739810272358 143.5265339783879 419
1739810272375 143.46974284258383 420
1739810272391 143.41297431265556 421
1739810272408 143.35622646894097 422
1739810272424 143.29950312379734 423
1739810272440 143.2428023574797 424
1739810272456 143.18612416097858 425
1739810272472 143.1294666147586 426
1739810272488 143.07283353096707 427
1739810272504 143.01622298998558 428
1739810272521 142.95963498281895 429
1739810272541 142.90306759005873 430
1739810272559 142.8465246236417 431
1739810272579 142.79000416407615 432
1739810272598 142.7335062023814 433
1739810272618 142.67702881927607 434
1739810272636 142.6205758264859 435
1739810272652 142.56414530464608 436
1739810272668 142.50773724479032 437
1739810272683 142.4513497277648 438
1739810272699 142.39498656508326 439
1739810272715 142.3386458375084 440
1739810272721 142.28232562618282 441
1739810272746 142.2260297420597 442
1739810272750 142.16975626619796 443
1739810272778 142.1135051896564 444
1739810272794 142.05727459370559 445
1739810272800 142.0010682890858 446
1739810272814 141.9448843569838 447
1739810272830 141.88872278847265 448
1739810272855 141.8325816649511 449
1739810272871 141.776464796946 450
1739810272886 141.72037026577212 451
1739810272901 141.66429806251682 452
1739810272918 141.6082462687074 453
1739810272932 141.55221869465643 454
1739810272937 141.49621342180725 455
1739810272952 141.44023044126126 456
1739810272976 141.38426783467472 457
1739810272990 141.32832941214528 458
1739810273005 141.272413255245 459
1739810273016 141.21651744592742 460
1739810273032 141.16064579372753 461
1739810273050 141.1047963805145 462
1739810273065 141.04896919741475 463
1739810273071 140.99316232651117 464
1739810273081 140.93737957712287 465
1739810273100 140.88161903124822 466
1739810273123 140.82588068002764 467
1739810273139 140.77016260567373 468
1739810273155 140.71446861728901 469
1739810273166 140.65879679700137 470
1739810273184 140.60314713596534 471
1739810273200 140.54751771652332 472
1739810273200 140.49191234756074 473
1739810273219 140.4363291113351 474
1739810273243 140.38076799901523 475
1739810273258 140.3252270930734 476
1739810273272 140.2697102021776 477
1739810273287 140.21421540871515 478
1739810273299 140.15874270386885 479
1739810273317 140.10329017024165 480
1739810273319 140.04786161628294 481
1739810273335 139.99245512451034 482
1739810273349 139.93706877782535 483
1739810273364 139.88170638411177 484
1739810273380 139.82636602618592 485
1739810273399 139.77104769525528 486
1739810273415 139.7157494743521 487
1739810273431 139.66047517114097 488
1739810273431 139.60522286856875 489
1739810273460 139.54999255785697 490
1739810273474 139.49478232216913 491
1739810273482 139.43959596894976 492
1739810273497 139.3844315812766 493
1739810273516 139.3292891503853 494
1739810273531 139.27416675957073 495
1739810273536 139.21906821605674 496
1739810273547 139.16399160305244 497
1739810273565 139.10893691180738 498
1739810273584 139.05390222574815 499
