1739810219539 169.34901212942756 0
1739810219555 162.65594969454128 1
1739810219570 156.28019038523894 2
1739810219583 150.15574253824724 3
1739810219598 144.27267715177885 4
1739810219613 138.62145797437242 5
1739810219627 133.19292595975276 6
1739810219641 127.97828433716836 7
1739810219654 122.96908427283302 8
1739810219669 118.15721109906478 9
1739810219684 113.53487108864142 10
1739810219702 109.0945787527824 11
1739810219717 104.82914464202231 12
1739810219718 100.73166363006214 13
1739810219748 96.79550366147244 14
1739810219764 93.01429494488124 15
1739810219778 89.38161854748547 16
1739810219793 85.89221681105316 17
1739810219808 82.54012792727107 18
1739810219822 79.31993144014032 19
1739810219837 76.22642121059714 20
1739810219855 73.25459693574003 21
1739810219869 70.39965600379507 22
1739810219883 67.6569856715249 23
1739810219896 65.02190526073309 24
1739810219911 62.490673225174696 25
1739810219927 60.05893841215268 26
1739810219942 57.72277537285272 27
1739810219956 55.478413819607404 28
1739810219971 53.32201069106305 29
1739810219986 51.25054281317448 30
1739810220002 49.260435720595794 31
1739810220016 47.3484807928442 32
1739810220032 45.51139570640741 33
1739810220035 43.74663151981551 34
1739810220058 42.051134015754684 35
1739810220066 40.42217249210685 36
1739810220088 38.85694241733558 37
1739810220098 37.353296978154816 38
1739810220118 35.90862537432087 39
1739810220130 34.52060356681934 40
1739810220147 33.186834106328654 41
1739810220161 31.905511242200273 42
1739810220177 30.674402076007944 43
1739810220193 29.49137635570819 44
1739810220210 28.354845795256598 45
1739810220210 27.26282579041493 46
1739810220227 26.21356357922172 47
1739810220241 25.205236303276102 48
1739810220266 24.236511724986812 49
1739810220275 23.305690730138767 50
1739810220295 22.411152646783393 51
1739810220305 21.551727635977194 52
1739810220325 20.725904595112 53
1739810220337 19.93224222183789 54
1739810220352 19.16971406823886 55
1739810220368 18.4368651191364 56
1739810220381 17.732749788636212 57
1739810220398 17.056127152878275 58
1739810220413 16.405813510870157 59
1739810220427 15.780980053054137 60
1739810220443 15.18052245166288 61
1739810220456 14.60338719617737 62
1739810220471 14.048848671280998 63
1739810220486 13.515923726198345 64
1739810220501 13.003674298024071 65
1739810220515 12.511465998120462 66
1739810220530 12.038340671946216 67
1739810220544 11.583713513933157 68
1739810220551 11.146776355386775 69
1739810220571 10.72675771449566 70
1739810220583 10.323147341596203 71
1739810220599 9.935153574365723 72
1739810220615 9.562305760173327 73
1739810220631 9.203939265318594 74
1739810220646 8.85941914467811 75
1739810220662 8.52833583670566 76
1739810220678 8.210034517715842 77
1739810220696 7.904137160775938 78
1739810220712 7.610039753408405 79
1739810220726 7.327393111477926 80
1739810220741 7.055692804548803 81
1739810220756 6.794456107991822 82
1739810220772 6.543380443288797 83
1739810220788 6.301965436508471 84
1739810220803 6.06993137962263 85
1739810220818 5.846817107793956 86
1739810220834 5.63236381146068 87
1739810220850 5.4261885464717015 88
1739810220868 5.2279238661015075 89
1739810220884 5.037346873471388 90
1739810220899 4.85407463145523 91
1739810220915 4.677900722549035 92
1739810220930 4.508472534147291 93
1739810220945 4.345598690499631 94
1739810220961 4.188954713483977 95
1739810220975 4.038362955494494 96
1739810220990 3.8935250403310526 97
1739810221005 3.7542758486488452 98
1739810221021 3.6203688447148132 99
1739810221035 3.4915657542360417 100
1739810221051 3.3677261265645972 101
1739810221066 3.2486010683435222 102
1739810221081 3.134059901534273 103
1739810221096 3.0238739929278555 104
1739810221110 2.9179215707706594 105
1739810221124 2.8159928017949385 106
1739810221138 2.7179740308625844 107
1739810221152 2.6236728682791886 108
1739810221168 2.5329830560430824 109
1739810221182 2.4457283879588316 110
1739810221197 2.3618093479337707 111
1739810221210 2.2810647425070787 112
1739810221226 2.2034012010646307 113
1739810221239 2.1286714549614283 114
1739810221254 2.056787736419245 115
1739810221268 1.987615690551103 116
1739810221284 1.9210726589605986 117
1739810221298 1.8570362607808992 118
1739810221313 1.7954284985098732 119
1739810221326 1.7361471930901224 120
1739810221340 1.6790902075016445 121
1739810221354 1.6241936854711403 122
1739810221370 1.5713536830965713 123
1739810221384 1.520509862439148 124
1739810221399 1.4715676467028584 125
1739810221413 1.424469901838577 126
1739810221428 1.3791307359739553 127
1739810221441 1.3354959342445145 128
1739810221456 1.2934876550571077 129
1739810221471 1.2530543451432834 130
1739810221485 1.2141256227087938 131
1739810221485 1.1766523632044468 132
1739810221515 1.1405710951916896 133
1739810221530 1.1058349124723201 134
1739810221544 1.0723867426585252 135
1739810221552 1.0401817080249032 136
1739810221568 1.0091686593799747 137
1739810221584 0.9793045762345297 138
1739810221599 0.9505437896972231 139
1739810221615 0.9228449822277366 140
1739810221629 0.8961675529853004 141
1739810221643 0.8704717484916684 142
1739810221658 0.8457216522094786 143
1739810221671 0.821878949819219 144
1739810221688 0.7989120518527713 145
1739810221702 0.7767839709335181 146
1739810221717 0.7554671120954416 147
1739810221731 0.7349257141916652 148
1739810221751 0.7151358671448287 149
1739810221766 0.6960629457445868 150
1739810221782 0.6776864365521337 151
1739810221797 0.6599727694312804 152
1739810221812 0.6429045592184284 153
1739810221826 0.6264492185168963 154
1739810221840 0.6105922405905561 155
1739810221855 0.5953019561510596 156
1739810221872 0.5805665042840991 157
1739810221889 0.5663550761300719 158
1739810221904 0.552658240049902 159
1739810221922 0.539445996199169 160
1739810221938 0.5267111406272768 161
1739810221952 0.5144244367327621 162
1739810221967 0.5025807206050585 163
1739810221982 0.4911514781858239 164
1739810221998 0.48013341094484274 165
1739810222013 0.4694986912216102 166
1739810222029 0.4592457233125641 167
1739810222045 0.44935629494149326 168
1739810222060 0.43980389398568004 169
1739810222075 0.43059710402620766 170
1739810222091 0.4217018748335842 171
1739810222106 0.4131279404262784 172
1739810222122 0.40484203087703485 173
1739810222136 0.3968549095296127 174
1739810222152 0.38913406078287854 175
1739810222167 0.38169116488913746 176
1739810222184 0.3744944371809433 177
1739810222198 0.3675563705082647 178
1739810222216 0.36084589004877154 179
1739810222231 0.35437620449641066 180
1739810222247 0.3481169298358345 181
1739810222261 0.3420819008977337 182
1739810222277 0.33624140725671636 183
1739810222291 0.3306098267438773 184
1739810222308 0.3251581069205378 185
1739810222324 0.3199010916098656 186
1739810222339 0.3148103721832377 187
1739810222354 0.30990118716301557 188
1739810222371 0.3051457588117066 189
1739810222386 0.3005596543890632 190
1739810222401 0.2961157152354052 191
1739810222417 0.29182977635897633 192
1739810222431 0.2876752873333282 193
1739810222445 0.2836682945653279 194
1739810222461 0.27978284586297225 195
1739810222474 0.2760351470096597 196
1739810222489 0.2723998347845414 197
1739810222503 0.2688932263629994 198
1739810222519 0.2654905388687674 199
1739810222533 0.2622081566515161 200
1739810222547 0.25902186910142816 201
1739810222562 0.2559480870390956 202
1739810222577 0.2529631645126854 203
1739810222591 0.2500835013890586 204
1739810222605 0.24729787690549135 205
1739810222619 0.24458728787543058 206
1739810222634 0.24197595903364097 207
1739810222649 0.23943381857593907 208
1739810222664 0.23698480598247842 209
1739810222677 0.23459958124525798 210
1739810222692 0.232301776167688 211
1739810222707 0.2300627711941805 212
1739810222721 0.22790587028564654 213
1739810222735 0.225803163305502 214
1739810222751 0.22377760830519672 215
1739810222766 0.22180199380511786 216
1739810222780 0.21989891583199234 217
1739810222794 0.2180418510381703 218
1739810222808 0.2162530191248101 219
1739810222822 0.21450657455806582 220
1739810222836 0.21282434809892511 221
1739810222849 0.2111811618896274 222
1739810222864 0.20959844670296604 223
1739810222878 0.20805168237697505 224
1739810222892 0.20656189010305634 225
1739810222906 0.20510519757221737 226
1739810222920 0.2037022081517456 227
1739810222934 0.20232968766305126 228
1739810222949 0.20100781465957368 229
1739810222962 0.19971398347605337 230
1739810222977 0.198467942024294 231
1739810222988 0.19724770362822677 232
1739810223001 0.19607258080712336 233
1739810223017 0.19492119643230868 234
1739810223034 0.19381242387704456 235
1739810223047 0.1927254861917588 236
1739810223061 0.19167881477340307 237
1739810223075 0.19065222354944159 238
1739810223088 0.1896636999640127 239
1739810223104 0.18870488023121118 240
1739810223120 0.18775978452579214 241
1739810223134 0.18685363698582808 242
1739810223147 0.18595988153340479 243
1739810223160 0.18510310307599562 244
1739810223177 0.18425749533374933 245
1739810223190 0.18344700967539831 246
1739810223204 0.18264657546886093 247
1739810223217 0.18187951668821972 248
1739810223231 0.18112148438515663 249
1739810223245 0.1803951816915629 250
1739810223262 0.1796769675605538 251
1739810223275 0.1789889312018045 252
1739810223290 0.17830812586528602 253
1739810223304 0.17765603408792546 254
1739810223322 0.17701038998639176 255
1739810223336 0.1763920769684453 256
1739810223351 0.1757794967589196 257
1739810223366 0.17519294144117264 258
1739810223380 0.17461146725894677 259
1739810223394 0.17405478300652658 260
1739810223409 0.17350258652463388 261
1739810223423 0.17297401155589767 262
1739810223438 0.17244938478180147 263
1739810223454 0.17194727330636336 264
1739810223471 0.17144862005999364 265
1739810223486 0.17097143407218265 266
1739810223500 0.17049726209373095 267
1739810223514 0.1700435637718903 268
1739810223528 0.1695924774117286 269
1739810223543 0.16916092207755823 270
1739810223559 0.168731615524291 271
1739810223571 0.16832094511995094 272
1739810223587 0.1679121961259856 273
1739810223601 0.1675212331699071 274
1739810223616 0.1671318972370275 275
1739810223631 0.1667595392223602 276
1739810223646 0.16638854421265642 277
1739810223659 0.1660337584150475 278
1739810223673 0.16568941893430217 279
1739810223688 0.16534212047385677 280
1739810223705 0.1650138737380693 281
1739810223719 0.16468256729230812 282
1739810223734 0.16436953618495853 283
1739810223749 0.16405336470189807 284
1739810223765 0.16375472646392844 285
1739810223778 0.1634528854819625 286
1739810223793 0.16316786801584812 287
1739810223806 0.16287960210413877 288
1739810223821 0.16260748054445176 289
1739810223835 0.1623320799995261 290
1739810223850 0.162072173530112 291
1739810223865 0.16180897130955554 292
1739810223881 0.16156064020894942 293
1739810223894 0.16130900908455645 294
1739810223908 0.16107165198267123 295
1739810223922 0.16083100189673757 296
1739810223939 0.16060405322713375 297
1739810223955 0.1603738288368242 298
1739810223972 0.16015675647006675 299
1739810223988 0.15993643486592682 300
1739810224005 0.15972873791063016 301
1739810224020 0.15951782649636775 302
1739810224036 0.1593190332555434 303
1739810224051 0.15911706777718246 304
1739810224066 0.1589267338484405 305
1739810224081 0.15873327656184325 306
1739810224097 0.1585509830708641 307
1739810224111 0.158365621037452 308
1739810224126 0.15819097299494392 309
1739810224140 0.15801331649621234 310
1739810224155 0.15784594126930243 311
1739810224171 0.15767562233143895 312
1739810224186 0.15751516822113684 313
1739810224202 0.15735183924169288 314
1739810224217 0.1571979741586804 315
1739810224231 0.15704130662787044 316
1739810224246 0.1568937168594691 317
1739810224260 0.15674340016920757 318
1739810224276 0.15660178923089252 319
1739810224291 0.15645752956521422 320
1739810224305 0.1563216171305624 321
1739810224319 0.15618313643153378 322
1739810224333 0.15605265733492726 323
1739810224347 0.1559196923386046 324
1739810224362 0.1557943956454545 325
1739810224376 0.15566669698284635 326
1739810224393 0.15554634512247817 327
1739810224408 0.15543043573713952 328
1739810224423 0.1553082748343543 329
1739810224440 0.15519692629911847 330
1739810224455 0.1550795102961242 331
1739810224471 0.15497251637342327 332
1739810224485 0.15485963703210726 333
1739810224501 0.15475680220723745 334
1739810224517 0.1546482618596022 335
1739810224532 0.1545494007059076 336
1739810224548 0.15444501163719804 337
1739810224562 0.15434994822293055 338
1739810224578 0.15424953209497658 339
1739810224592 0.1541580994288962 340
1739810224607 0.15406148674084869 341
1739810224620 0.15397352625384586 342
1739810224635 0.15388055583768465 343
1739810224649 0.15379591689789648 344
1739810224663 0.15370643544628765 345
1739810224677 0.15362497490537866 346
1739810224692 0.1535388365296298 347
1739810224707 0.15346041829807075 348
1739810224721 0.15337748411410018 349
1739810224734 0.15330197876343285 350
1739810224749 0.15322211650382314 351
1739810224762 0.15314940089405518 352
1739810224776 0.15307248454439595 353
1739810224791 0.15300244147479858 354
1739810224805 0.1529283509326589 355
1739810224818 0.1528608688143643 356
1739810224832 0.1527894895693521 357
1739810224844 0.152724462118266 358
1739810224859 0.15265568495174459 359
1739810224873 0.152593010900399 360
1739810224888 0.1525267316035323 361
1739810224901 0.15246631443059605 362
1739810224914 0.1524024335394929 363
1739810224928 0.15234418121575255 364
1739810224941 0.15228260376256178 365
1739810224955 0.15222642851227333 366
1739810224971 0.15216706379117276 367
1739810224984 0.1521128818677571 368
1739810224998 0.15205564321484452 369
1739810225011 0.1520033746899791 370
1739810225023 0.15194817927615203 371
1739810225036 0.15189774784137103 372
1739810225051 0.15184451647734282 373
1739810225066 0.15179584925732875 374
1739810225080 0.15174450620998767 375
1739810225096 0.15169753358678684 376
1739810225111 0.15164800640616255 377
1739810225125 0.15160266185361954 378
1739810225140 0.1515548812097731 379
1739810225154 0.15151110113752053 380
1739810225169 0.15146500066672097 381
1739810225184 0.1514227242731092 382
1739810225199 0.1513782404327028 383
1739810225213 0.15133740956610336 384
1739810225228 0.1512944814975237 385
1739810225243 0.1512550405254693 386
1739810225258 0.15121360992487715 387
1739810225272 0.15117550561054566 388
1739810225286 0.15113551660661667 389
1739810225300 0.15109869799219722 390
1739810225314 0.15106009703061546 391
1739810225328 0.15102451532712588 392
1739810225338 0.15098725106136537 393
1739810225355 0.15095285954452206 394
1739810225370 0.15091688273252923 395
1739810225383 0.15088363664429516 396
1739810225397 0.15084890005071377 397
1739810225411 0.15081675650617649 398
1739810225426 0.15078321480977613 399
1739810225439 0.1507521327090307 400
1739810225452 0.1507197424150228 401
1739810225466 0.15068968235975808 402
1739810225479 0.15065840171671277 403
1739810225492 0.150629325931216 404
1739810225506 0.1505991148522987 405
1739810225520 0.15057098710861488 406
1739810225534 0.15054180709689036 407
1739810225539 0.15051459264389264 408
1739810225563 0.15048640672145835 409
1739810225576 0.1504600722175931 410
1739810225589 0.15043284485831668 411
1739810225604 0.15040735830781318 412
1739810225618 0.15038105537346513 413
1739810225633 0.15035638606580545 414
1739810225646 0.15033097474539295 415
1739810225661 0.15030709319785482 416
1739810225675 0.15028254194997345 417
1739810225688 0.15025941985306793 418
1739810225704 0.15023569835109885 419
1739810225717 0.1502133085167396 420
1739810225731 0.15019038759673375 421
1739810225744 0.15016870390898443 422
1739810225759 0.15014655552008283 423
1739810225772 0.1501255528883325 424
1739810225787 0.15010415004558006 425
1739810225800 0.1500838043600165 426
1739810225813 0.15006312109944162 427
1739810225813 0.1500434091886932 428
1739810225845 0.15002342052452497 429
1739810225858 0.1500043201153502 430
1739810225873 0.1499850019992599 431
1739810225887 0.14996649167817525 432
1739810225901 0.1499478209604314 433
1739810225914 0.1499298801371701 434
1739810225929 0.14991433746909216 435
1739810225938 0.1498947380164679 436
1739810225957 0.14987968158643092 437
1739810225971 0.1498607190506409 438
1739810225986 0.14984613161891405 439
1739810225999 0.1498277845558028 440
1739810226013 0.1498136495528359 441
1739810226027 0.14979589729611878 442
1739810226040 0.14978219879407106 443
1739810226055 0.1497650214243416 444
1739810226069 0.14975174410994258 445
1739810226082 0.1497351224250658 446
1739810226096 0.14972225157374203 447
1739810226108 0.14970616706055317 448
1739810226114 0.14969368851175582 449
1739810226137 0.14967812331900823 450
1739810226151 0.14966602345267513 451
1739810226164 0.1496509603651697 452
1739810226181 0.1496392260792673 453
1739810226196 0.1496246484931059 454
1739810226216 0.14961326718219614 455
1739810226235 0.14959915908110627 456
1739810226261 0.14958811861588314 457
1739810226285 0.1495744645485583 458
1739810226315 0.14956375325630852 459
1739810226340 0.14955053831471601 460
1739810226352 0.149540144960657 461
1739810226363 0.14952735475926945 462
1739810226381 0.14951726852871902 463
1739810226404 0.14950488918461957 464
1739810226411 0.14949509966595906 465
1739810226435 0.1494831177797865 466
1739810226443 0.14947361494817485 467
1739810226467 0.14946201758586086 468
1739810226477 0.14945279178766857 469
1739810226499 0.1494415664629368 470
1739810226506 0.14943260840085704 471
1739810226529 0.14942174305844483 472
1739810226537 0.14941304377725684 473
1739810226559 0.14940252677682658 474
1739810226573 0.14939407764977508 475
1739810226585 0.14938389775048608 476
1739810226601 0.14937569046624757 477
1739810226617 0.14936583681195345 478
1739810226633 0.14935786336216622 479
1739810226649 0.14934832546721472 480
1739810226664 0.14934057813453874 481
1739810226677 0.14933134587014343 482
1739810226688 0.14932381721683172 483
1739810226706 0.1493148807979902 484
1739810226723 0.14930756365494408 485
1739810226738 0.14929891362788178 486
1739810226744 0.14929180108416903 487
1739810226765 0.14928342831427924 488
1739810226775 0.1492765137070939 489
1739810226795 0.14926840936735808 490
1739810226807 0.14926168627240038 491
1739810226823 0.14925384183226348 492
1739810226838 0.1492473040545222 493
1739810226854 0.14923971126920701 494
1739810226870 0.14923335283412464 495
1739810226886 0.14922600373436154 496
1739810226902 0.14921981887936675 497
1739810226914 0.14921270576152618 498
1739810226923 0.14920668892791603 499
