1739809277717 167.5821726512159 0
1739809277733 162.25267685916052 1
1739809277749 157.1512911074599 2
1739809277765 155.697182636061 3
1739809277781 154.24202455804203 4
1739809277786 145.23338691259576 5
1739809277801 140.6716165244298 6
1739809277824 139.06785506162262 7
1739809277830 129.44118651071147 8
1739809277846 128.52870318846462 9
1739809277859 129.5189329608491 10
1739809277875 124.04880168669958 11
1739809277891 118.32650507378732 12
1739809277913 118.7810925579145 13
1739809277929 111.17431748884849 14
1739809277943 105.54116687473916 15
1739809277954 105.2929959267051 16
1739809277973 101.43794259993896 17
1739809277989 99.12211155772178 18
1739809278001 94.36219232482382 19
1739809278016 94.15118843837446 20
1739809278032 89.95409939028525 21
1739809278049 89.16201655446741 22
1739809278065 83.52496086774498 23
1739809278080 79.81033367699979 24
1739809278096 79.83646656665316 25
1739809278115 78.45851000891699 26
1739809278128 73.260541123565 27
1739809278144 77.2330392459202 28
1739809278150 72.2799821374505 29
1739809278164 68.55655278859267 30
1739809278179 69.49595758280421 31
1739809278198 67.47215719260355 32
1739809278210 61.83897212197503 33
1739809278224 61.06855234206204 34
1739809278240 61.067224180483755 35
1739809278256 55.97509947961483 36
1739809278271 58.815292013223804 37
1739809278287 58.32011571857712 38
1739809278303 54.36128294996648 39
1739809278319 53.68655192559459 40
1739809278341 51.00524915663973 41
1739809278351 52.578194185961436 42
1739809278367 50.69365115763861 43
1739809278383 49.138426018708316 44
1739809278399 45.778807559282335 45
1739809278415 45.0032719208154 46
1739809278431 43.30872494017399 47
1739809278447 39.53299677827084 48
1739809278453 40.433230259055186 49
1739809278463 42.59359957581604 50
1739809278482 39.39240876190909 51
1739809278497 37.331737692966776 52
1739809278511 40.82366715429372 53
1739809278527 34.35999212552431 54
1739809278543 37.261069520842085 55
1739809278559 36.49935214678366 56
1739809278575 35.42577949966308 57
1739809278591 33.663895477106415 58
1739809278607 32.456941678741735 59
1739809278622 31.914703168387533 60
1739809278638 31.416056199222744 61
1739809278654 30.338462969942537 62
1739809278670 30.091620568007624 63
1739809278686 27.904164245829808 64
1739809278692 28.897353774369513 65
1739809278706 27.898567943574296 66
1739809278721 26.717435585115762 67
1739809278736 24.8680127556471 68
1739809278752 24.359997263018634 69
1739809278765 23.52026687746373 70
1739809278781 24.43642477368983 71
1739809278796 23.317123024212215 72
1739809278812 22.605222276065014 73
1739809278827 20.752823095266077 74
1739809278843 21.20520655972743 75
1739809278859 22.035995280456522 76
1739809278876 20.868705884810552 77
1739809278891 20.405975445423636 78
1739809278910 20.246469011893122 79
1739809278923 18.35590968914322 80
1739809278941 18.677957106753627 81
1739809278955 18.99641150667464 82
1739809278971 16.865572080712987 83
1739809278987 17.47721976316301 84
1739809279001 16.908622587919602 85
1739809279005 16.42370803020596 86
1739809279019 15.771935507832724 87
1739809279044 16.548378412208955 88
1739809279051 14.538837622580163 89
1739809279069 14.059436397439477 90
1739809279085 15.536231270213648 91
1739809279099 14.133348900993523 92
1739809279115 15.257464182875545 93
1739809279131 13.651492818343414 94
1739809279154 12.276370992690481 95
1739809279162 13.749996827146429 96
1739809279178 13.584291254676598 97
1739809279194 13.028637676889403 98
1739809279211 12.107828909067969 99
1739809279226 11.834406079990938 100
1739809279243 12.831436636571947 101
1739809279258 11.248357000627694 102
1739809279265 11.100475470575496 103
1739809279279 11.064401412993373 104
1739809279295 10.864778943338711 105
1739809279309 10.849907476202441 106
1739809279324 9.70948093668666 107
1739809279338 10.234408567938576 108
1739809279354 9.535598137767945 109
1739809279370 9.61056153429163 110
1739809279386 11.223890590813983 111
1739809279402 9.003088850246117 112
1739809279417 9.212905141893158 113
1739809279433 9.35541924545372 114
1739809279449 9.401339548620667 115
1739809279466 8.134335255747965 116
1739809279482 8.256446805646199 117
1739809279498 8.313278598012813 118
1739809279513 8.271265770920916 119
1739809279518 8.621540525957164 120
1739809279541 7.950377935946944 121
1739809279545 8.527994860338081 122
1739809279561 7.27120687922677 123
1739809279577 7.1720120807613945 124
1739809279593 7.127911957351105 125
1739809279609 7.855622170809319 126
1739809279625 7.083105571376841 127
1739809279641 7.284526910124322 128
1739809279657 6.750645070926945 129
1739809279673 7.650005008142087 130
1739809279688 6.625767483260364 131
1739809279704 6.333175099133506 132
1739809279720 6.619602368901595 133
1739809279736 6.338013469582087 134
1739809279742 5.700794604101633 135
1739809279759 5.709621297828606 136
1739809279771 5.802917501394698 137
1739809279786 6.22469856536232 138
1739809279816 5.6463034002893195 139
1739809279832 5.814356722795908 140
1739809279837 5.738602192856971 141
1739809279851 5.232286478270269 142
1739809279866 5.505242449633622 143
1739809279881 5.390685135704847 144
1739809279897 5.629610435402588 145
1739809279911 4.989670193610668 146
1739809279927 4.922033984095329 147
1739809279943 4.679092470283117 148
1739809279958 4.61422663008127 149
1739809279974 4.878054988521459 150
1739809279990 4.654940310865067 151
1739809280006 4.925105258911802 152
1739809280022 4.185025162960162 153
1739809280038 4.574494990862766 154
1739809280056 4.4992603490157865 155
1739809280070 4.268397967560577 156
1739809280086 4.472314708607429 157
1739809280098 4.412059242127759 158
1739809280116 4.111633739174121 159
1739809280126 4.5601794471158135 160
1739809280136 4.027518526894747 161
1739809280160 4.3599405500459145 162
1739809280171 4.070786532240424 163
1739809280180 4.214265719983909 164
1739809280195 3.6952959024653955 165
1739809280211 3.768541814176088 166
1739809280228 3.7623068735420695 167
1739809280244 3.9259449498164445 168
1739809280259 3.9719833933961617 169
1739809280275 3.694065464648789 170
1739809280292 3.6665855720904803 171
1739809280308 3.7974268071797153 172
1739809280325 3.5824233621628725 173
1739809280339 4.163212225243586 174
1739809280355 3.7819548478283425 175
1739809280371 3.650975047737691 176
1739809280375 3.631129808847419 177
1739809280390 3.577469995404682 178
1739809280405 2.9731749138040273 179
1739809280421 3.698310884573825 180
1739809280434 2.990444916685054 181
1739809280450 3.1647932854222205 182
1739809280466 3.124539471076013 183
1739809280482 3.1403399868220445 184
1739809280498 3.1202600959804925 185
1739809280514 3.088250936547618 186
1739809280530 3.5808188955160016 187
1739809280546 3.065456415848693 188
1739809280562 3.2041023402732036 189
1739809280578 2.6696358557763706 190
1739809280594 3.207502338282521 191
1739809280610 2.759307993036604 192
1739809280615 2.739322122095417 193
1739809280630 3.0574022187881744 194
1739809280645 3.408182501483958 195
1739809280659 2.9999496428748356 196
1739809280675 2.976020813507953 197
1739809280689 3.0345328819787056 198
1739809280705 2.927321345498843 199
1739809280721 2.812052548949634 200
1739809280741 2.4912802925431436 201
1739809280752 2.7511381284101897 202
1739809280769 2.550736028256716 203
1739809280784 2.6509858511832864 204
1739809280791 2.4595232189596032 205
1739809280805 2.4516643901694875 206
1739809280820 2.702032593079057 207
1739809280835 2.346166016421171 208
1739809280848 2.4016256019607125 209
1739809280863 2.6352109245808277 210
1739809280879 2.6052199205304944 211
1739809280895 2.4387557402461817 212
1739809280911 2.568020800421925 213
1739809280927 2.327615689747671 214
1739809280942 2.6195868788930157 215
1739809280958 2.6689709025826462 216
1739809280974 2.31819123039553 217
1739809280990 2.7326408774502275 218
1739809281006 2.237407167037052 219
1739809281021 2.1482088703119753 220
1739809281037 2.4093527908558126 221
1739809281043 2.2443642932798933 222
1739809281057 2.6246678710391316 223
1739809281071 2.7353231422636393 224
1739809281084 2.298828578327249 225
1739809281100 2.217574765851061 226
1739809281125 2.2260157728329557 227
1739809281132 2.319339348432054 228
1739809281148 2.312100597254989 229
1739809281164 2.264337289452716 230
1739809281180 2.308327859753536 231
1739809281204 2.219736029806495 232
1739809281232 2.212514786136089 233
1739809281246 1.8876303360510434 234
1739809281263 2.2171365639644884 235
1739809281274 2.217801321270406 236
1739809281290 2.4801402893404996 237
1739809281306 2.0176794384134045 238
1739809281322 2.21950831020793 239
1739809281340 2.1616814482097815 240
1739809281354 2.0937529773829944 241
1739809281359 2.210990544777691 242
1739809281378 2.1937104743759104 243
1739809281389 2.043751207504769 244
1739809281404 2.1583990569976974 245
1739809281419 1.8991664931385008 246
1739809281443 2.1713665454713147 247
1739809281449 1.8737648326686205 248
1739809281465 1.9771319791210593 249
1739809281481 1.8819324201757084 250
1739809281496 1.9655328361035587 251
1739809281512 2.1342795963328878 252
1739809281528 2.1896409485968085 253
1739809281544 1.985181237792788 254
1739809281560 1.8991799250465866 255
1739809281576 2.0313978105280377 256
1739809281592 2.131650703324173 257
1739809281608 2.0406833841202974 258
1739809281608 1.9957125425160311 259
1739809281629 1.6922989657295615 260
1739809281644 1.8442901168344377 261
1739809281656 1.932749085355472 262
1739809281674 1.8999331473345562 263
1739809281687 1.9643462533379255 264
1739809281703 1.7502995216701402 265
1739809281726 2.236811871427134 266
1739809281735 2.1060153566261928 267
1739809281751 1.534149024438095 268
1739809281767 1.820500669401013 269
1739809281783 1.6671273061195875 270
1739809281799 2.2381321228394544 271
1739809281815 1.8994941735083608 272
1739809281830 1.8842111197151366 273
1739809281846 1.7157043566888286 274
1739809281851 2.1352769550240276 275
1739809281875 1.977153646170776 276
1739809281878 1.6026359471697773 277
1739809281896 1.6563602969318085 278
1739809281912 1.9182179300810989 279
1739809281936 1.5331560974165566 280
1739809281941 1.8941545756618934 281
1739809281957 1.670914128871882 282
1739809281979 1.8474327954049858 283
1739809281989 1.8180217130062746 284
1739809282005 1.8140729269982072 285
1739809282020 1.6787914384742948 286
1739809282036 1.708247147549541 287
1739809282057 1.6816065801734392 288
1739809282068 1.691402764574633 289
1739809282084 1.7670520578729572 290
1739809282099 1.7328124606923305 291
1739809282115 1.9925094143328466 292
1739809282122 1.8519159654293091 293
1739809282136 1.7934887719344104 294
1739809282150 1.7110926958679367 295
1739809282165 1.881391028635792 296
1739809282179 1.7952294378038987 297
1739809282194 1.6895060009369633 298
1739809282213 2.028922041866019 299
1739809282225 1.7321650000059758 300
1739809282241 1.7343304536268842 301
1739809282257 1.336900480920138 302
1739809282273 1.623422685060247 303
1739809282293 2.0188394369868536 304
1739809282309 1.722878510742285 305
1739809282320 1.5880536207461409 306
1739809282338 1.6672211686439595 307
1739809282354 1.7479903106636259 308
1739809282368 1.7251326420209119 309
1739809282383 1.8407215379060466 310
1739809282388 1.6994075415805876 311
1739809282402 1.8163212591979916 312
1739809282415 1.5517274231605473 313
1739809282431 1.6477699703200004 314
1739809282446 1.9924775632347853 315
1739809282462 1.4143728168214014 316
1739809282478 1.8060164750113639 317
1739809282494 1.7301285818383512 318
1739809282510 1.7959258708582237 319
1739809282531 2.254892470238226 320
1739809282541 1.649423903466672 321
1739809282557 1.7158292644039397 322
1739809282573 1.506474406689139 323
1739809282589 1.618584374323271 324
1739809282605 1.866147737567169 325
1739809282625 1.4147133228003093 326
1739809282637 1.7840131398584185 327
1739809282653 1.6945101001971141 328
1739809282660 1.7814292453065246 329
1739809282674 1.6782534983834725 330
1739809282688 1.7797854686194723 331
1739809282702 1.6383193230310689 332
1739809282716 1.4946909631601868 333
1739809282732 1.326103695425193 334
1739809282748 1.6867066016663428 335
1739809282764 1.6152777402590401 336
1739809282780 1.474824444912599 337
1739809282796 1.7025940411006035 338
1739809282812 1.5700950723777642 339
1739809282828 1.4858276428783832 340
1739809282842 1.4422352607605426 341
1739809282848 1.614588846714777 342
1739809282863 1.575387281002435 343
1739809282877 1.5639832359605326 344
1739809282891 1.7019221197555445 345
1739809282907 1.5914473567323213 346
1739809282922 1.6946107361286902 347
1739809282938 1.5344172045267717 348
1739809282954 1.6446271959506646 349
1739809282970 1.6854879644163692 350
1739809282986 1.4509956268457844 351
1739809283002 1.682923890870048 352
1739809283017 1.5895174109416426 353
1739809283033 1.5634561040767976 354
1739809283039 1.6969497672997333 355
1739809283053 1.41549451471637 356
1739809283068 1.4948122908971482 357
1739809283083 1.5798191581035055 358
1739809283099 1.6838939359235598 359
1739809283112 1.5323921823420878 360
1739809283128 1.5007800905920887 361
1739809283144 1.5351719505039148 362
1739809283164 1.625942551572723 363
1739809283176 1.5891305895644912 364
1739809283192 1.6225441202412163 365
1739809283208 1.754833298992437 366
1739809283224 1.868550704029775 367
1739809283240 1.6723632698802995 368
1739809283256 1.6290027765520683 369
1739809283272 1.6525279797371124 370
1739809283288 1.5889449011550472 371
1739809283304 1.6443456819839448 372
1739809283310 1.544486887641465 373
1739809283324 1.4372698996969593 374
1739809283341 1.6913122412823203 375
1739809283355 1.6695760622717064 376
1739809283371 1.47340334650659 377
1739809283386 1.3823612526032258 378
1739809283408 1.4878617916093508 379
1739809283415 1.4952738123911016 380
1739809283431 1.468279833047041 381
1739809283447 1.5955160043406182 382
1739809283463 1.51263680847646 383
1739809283479 1.5216928514514318 384
1739809283495 1.763451134125223 385
1739809283511 1.6607389709817555 386
1739809283527 1.7350451877231867 387
1739809283532 1.5730012160759101 388
1739809283547 1.6224095313344298 389
1739809283561 1.5758098864994219 390
1739809283577 1.5877596671978906 391
1739809283590 1.4065814260008416 392
1739809283606 1.5129480692689992 393
1739809283622 1.4568288252497748 394
1739809283638 1.376431659321526 395
1739809283654 1.5406480406287846 396
1739809283669 1.6157863254420426 397
1739809283685 1.6291197640332984 398
1739809283701 1.7548306049982654 399
1739809283717 1.5466228753703826 400
1739809283733 1.2148134304338456 401
1739809283748 1.6112010376154924 402
1739809283755 1.638674388054455 403
1739809283769 1.370595737360158 404
1739809283784 1.6156926672049623 405
1739809283796 1.7401215357801256 406
1739809283814 1.4092528166875182 407
1739809283828 1.5729595339098918 408
1739809283844 1.412575103367298 409
1739809283860 1.6298354425062351 410
1739809283876 1.5136602065098796 411
1739809283897 1.6962228352697761 412
1739809283907 1.6599406439067474 413
1739809283924 1.497723427898552 414
1739809283939 1.5503806550050285 415
1739809283955 1.7368765466466454 416
1739809283971 1.4742959406559673 417
1739809283987 1.455315485849141 418
1739809284003 1.6870845021807448 419
1739809284019 1.66228687864424 420
1739809284035 1.966094436228695 421
1739809284051 1.5664936847891695 422
1739809284056 1.3798574031529123 423
1739809284082 1.883990896463423 424
1739809284098 1.6264905965793288 425
1739809284114 1.7692652474407868 426
1739809284130 1.6576627826935393 427
1739809284146 1.3753721801993064 428
1739809284151 1.4935897241426677 429
1739809284166 1.4998617270714443 430
1739809284181 1.5832070029537078 431
1739809284194 1.4772621274677697 432
1739809284210 1.588607776106741 433
1739809284226 1.742452924096149 434
1739809284242 1.3335938565821062 435
1739809284257 1.7100867416087822 436
1739809284281 1.420440950876132 437
1739809284289 1.492719996822281 438
1739809284305 1.6110185048322645 439
1739809284321 2.007720645055089 440
1739809284336 1.4996422799685865 441
1739809284353 1.7866312233746326 442
1739809284368 1.3160621692838945 443
1739809284384 1.4009414047798288 444
1739809284400 1.4356677142741807 445
1739809284416 1.6585129535320149 446
1739809284432 1.5809626092528328 447
1739809284448 1.5531410705981543 448
1739809284460 1.3822791979247158 449
1739809284468 1.365989969372848 450
1739809284491 1.5919786580117938 451
1739809284506 1.3312474549969002 452
1739809284518 1.5318083734957157 453
1739809284537 1.3815122135216125 454
1739809284549 1.5111626952166537 455
1739809284558 1.6928589169420782 456
1739809284573 1.5374288422106113 457
1739809284589 1.9618744722074124 458
1739809284606 1.553170133822867 459
1739809284622 1.483583899702481 460
1739809284638 1.4588906526191459 461
1739809284654 1.6433173109585533 462
1739809284654 1.535927487176916 463
1739809284675 1.5245220126980765 464
1739809284690 1.5614277234191345 465
1739809284707 1.5540450649765332 466
1739809284720 1.382757263560429 467
1739809284735 1.6580921330074958 468
1739809284749 1.572410384302027 469
1739809284765 1.4737115481276777 470
1739809284780 1.3667912408548708 471
1739809284796 1.6856711993256777 472
1739809284812 1.4982559806886722 473
1739809284828 1.7503410284139498 474
1739809284844 1.6226897017405022 475
1739809284860 1.467811600472967 476
1739809284875 1.3870022669208029 477
1739809284891 1.561297511149732 478
1739809284897 1.3715666978819303 479
1739809284910 1.6129702436388051 480
1739809284934 1.299903641456983 481
1739809284939 1.5668254269612438 482
1739809284955 1.642095800316954 483
1739809284971 1.6357243194227333 484
1739809284987 1.512208683255679 485
1739809285009 1.5504370562061482 486
1739809285018 1.5853910246470724 487
1739809285034 1.6320831757105219 488
1739809285050 1.6474241122860598 489
1739809285066 1.6972826176075906 490
1739809285082 1.7058509547329592 491
1739809285098 1.6946923675176309 492
1739809285103 1.596741654223095 493
1739809285117 1.478235029677659 494
1739809285132 1.371216230581374 495
1739809285154 1.583635219036216 496
1739809285162 1.4917655469474866 497
1739809285177 1.6731672150462586 498
1739809285193 1.3966458772002157 499
