1739809431305 1.4809337701918333 0
1739809431368 5.693713402731576 1
1739809431432 1.247791696046608 2
1739809431495 2.4155727520067987 3
1739809431576 0.9484364040288848 4
1739809431640 1.534140123797906 5
1739809431703 0.9072794226453209 6
1739809431767 1.8474211337986606 7
1739809431830 1.4900758595843786 8
1739809431894 3.1216237762887715 9
1739809431974 1.773104672385167 10
1739809432038 0.6435262935374535 11
1739809432101 0.8106746938962831 12
1739809432165 0.7885451673657385 13
1739809432228 2.229584041846894 14
1739809432308 2.7618266569218473 15
1739809432372 1.3136943884025953 16
1739809432435 1.9432473505767893 17
1739809432499 2.3743474030301983 18
1739809432562 2.9826719153196395 19
1739809432642 1.9196678747276195 20
1739809432706 0.5807741978779722 21
1739809432770 0.5229267972371408 22
1739809432833 1.959014058161698 23
1739809432912 0.7012715160417337 24
1739809432976 1.1244257434896583 25
1739809433039 0.7155874209927551 26
1739809433103 1.3575899584932374 27
1739809433166 0.5880733587060799 28
1739809433245 2.3590300478975985 29
1739809433309 1.621149927729369 30
1739809433372 1.5713331590404664 31
1739809433437 0.7456424218276146 32
1739809433500 2.4712624374614665 33
1739809433563 0.41351038841934856 34
1739809433643 2.8916932164358906 35
1739809433706 2.42185415851145 36
1739809433769 1.9240658180540793 37
1739809433838 2.2793429735109516 38
1739809433897 1.786445719392953 39
1739809433964 2.71865966883793 40
1739809434041 4.031731582091813 41
1739809434107 0.6183221109597873 42
1739809434172 0.687054394995679 43
1739809434234 1.0314844094575204 44
1739809434313 1.5530730113070277 45
1739809434376 3.2809031942755924 46
1739809434440 1.1504232979373443 47
1739809434504 2.7224182413214293 48
1739809434569 3.137707745850399 49
1739809434646 0.8626146965665704 50
1739809434711 1.3564301096782065 51
1739809434774 1.224230215443486 52
1739809434839 1.3082973624099572 53
1739809434902 0.7793319309062424 54
1739809434965 1.303974391634076 55
1739809435045 1.0709903342964409 56
1739809435110 0.9043222511075882 57
1739809435173 3.5159619406931926 58
1739809435238 0.7361586263689699 59
1739809435312 1.151040355882265 60
1739809435382 0.8446863379601829 61
1739809435446 3.77713459576751 62
1739809435520 3.35764763505101 63
1739809435574 1.3270022263203636 64
1739809435637 0.4356943263304792 65
1739809435716 0.7521730564925263 66
1739809435780 2.027942875212396 67
1739809435844 0.3434561396470466 68
1739809435908 1.846439288918509 69
1739809435987 2.804748629073846 70
1739809436051 0.9862505239509414 71
1739809436115 2.822827839442401 72
1739809436178 2.3844330817768773 73
1739809436242 0.27685137701722773 74
1739809436321 2.9331981492598054 75
1739809436384 1.643854909663814 76
1739809436448 0.5308923853455907 77
1739809436511 1.6996817261635355 78
1739809436575 1.3427873164506943 79
1739809436655 0.40543888404596845 80
1739809436719 1.618760831506215 81
1739809436782 1.3991248696736456 82
1739809436849 1.7870100772459174 83
1739809436910 0.9570630477632179 84
1739809436989 2.805090330148852 85
1739809437053 4.273782723909886 86
1739809437116 1.3887916552578883 87
1739809437180 3.159733606847996 88
1739809437244 1.4395921022072018 89
1739809437324 1.821916192150185 90
1739809437387 1.140988104489226 91
1739809437451 2.0464936322779077 92
1739809437521 2.184979629424522 93
1739809437579 2.6501914438663072 94
1739809437644 1.7174876775045407 95
1739809437723 1.6466577649233114 96
1739809437786 1.5192027467738054 97
1739809437857 1.8510044660889924 98
1739809437918 1.7939859350576046 99
1739809437976 2.4348026193569905 100
1739809438056 2.7094969270372644 101
1739809438123 2.104395379037745 102
1739809438182 1.5583852090896928 103
1739809438246 0.8792023377389657 104
1739809438312 0.980393147056933 105
1739809438391 0.03964048071148476 106
1739809438453 1.0586955850228423 107
1739809438516 2.2918389626889915 108
1739809438579 2.640591963316124 109
1739809438658 0.9984653143546982 110
1739809438722 1.7655995660303012 111
1739809438786 1.0757997110002702 112
1739809438849 0.3391001535383983 113
1739809438912 0.6242437385309846 114
1739809438976 1.6629369909823237 115
1739809439055 1.1833652992741195 116
1739809439118 2.014938788649648 117
1739809439182 3.0451003149105156 118
1739809439246 1.0831244048588629 119
1739809439309 2.378929637985992 120
1739809439373 1.8986645302602534 121
1739809439453 2.8029936146637415 122
1739809439516 2.5363169061961433 123
1739809439580 0.28271932072288697 124
1739809439644 1.3565819784678317 125
1739809439716 1.406987754192906 126
1739809439786 1.3868533620481243 127
1739809439849 0.9957447743886886 128
1739809439912 5.126177277706068 129
1739809439976 1.0301949967969024 130
1739809440056 0.9037673999591548 131
1739809440117 2.058323926739097 132
1739809440181 3.52257364738024 133
1739809440258 1.2414233338796388 134
1739809440324 0.05907340776836838 135
1739809440387 1.2409585116671416 136
1739809440451 0.3944464615972968 137
1739809440514 2.7755895329834925 138
1739809440577 0.3543233535028539 139
1739809440657 1.3195668030658232 140
1739809440721 1.3651641460829873 141
1739809440784 1.1557454307210284 142
1739809440847 1.6884549462599543 143
1739809440911 1.880762518150249 144
1739809440990 2.2185811039505903 145
1739809441054 0.8634008044427239 146
1739809441117 0.8263511203618561 147
1739809441181 2.3551881166771467 148
1739809441244 0.527302966514149 149
1739809441324 0.6566652419081681 150
1739809441388 2.143322999059972 151
1739809441451 0.6926826305996105 152
1739809441514 1.0540839054369584 153
1739809441578 0.4122086765219996 154
1739809441643 0.9343242473975484 155
1739809441722 2.1615324053484644 156
1739809441786 0.045398948008923135 157
1739809441850 1.1545840833436007 158
1739809441912 2.9512122522832542 159
1739809441992 2.959696170533272 160
1739809442055 1.6497514095510695 161
1739809442119 0.6239061275569184 162
1739809442182 1.1744924848028706 163
1739809442246 1.1066782051132853 164
1739809442325 2.023224847426594 165
1739809442389 1.9133538485465498 166
1739809442453 1.5730602923426706 167
1739809442516 0.8172019638735059 168
1739809442580 2.4915667535679353 169
1739809442644 2.220899750892887 170
1739809442723 2.3756494363655416 171
1739809442787 1.6421417505901956 172
1739809442850 1.3939728993924316 173
1739809442914 1.2780871683505393 174
1739809442977 1.5139620423453517 175
1739809443041 1.0227146319066573 176
1739809443120 3.004309907751832 177
1739809443189 2.596938138304915 178
1739809443247 1.1677007683587002 179
1739809443311 2.060353222859649 180
1739809443391 1.216812026753254 181
1739809443454 1.2688156627081646 182
1739809443523 0.8900886130912874 183
1739809443581 1.9582741469104923 184
1739809443645 0.9835310332634517 185
1739809443724 2.88713768282993 186
1739809443787 1.6373328488370382 187
1739809443850 0.5335999741902359 188
1739809443913 1.617536482053266 189
1739809443977 1.6688612955524855 190
1739809444057 2.1274690591373377 191
1739809444120 2.57710438857942 192
1739809444183 1.9738302620038355 193
1739809444251 1.6186330923920158 194
1739809444311 1.4893755740384944 195
1739809444393 2.7602383438752915 196
1739809444455 1.9445093754268075 197
1739809444518 1.1513740521972702 198
1739809444581 1.3766110123406632 199
1739809444645 2.0027937245544347 200
1739809444724 2.299080954065457 201
1739809444788 1.514208445807845 202
1739809444851 1.8683070252697898 203
1739809444915 1.4784913896585032 204
1739809444979 2.6343449017289067 205
1739809445058 1.0600552853625997 206
1739809445121 1.0835280501815185 207
1739809445185 1.5248555833885697 208
1739809445261 1.0229682424836941 209
1739809445331 0.27315088859462705 210
1739809445390 0.800275230073136 211
1739809445469 0.7489224125705202 212
1739809445540 0.08498502855499716 213
1739809445612 1.5784689992801755 214
1739809445676 1.0800108796310304 215
1739809445739 1.268949716900772 216
1739809445802 1.0421759338888656 217
1739809445866 1.1511441393561732 218
1739809445945 1.5478516576810017 219
1739809446009 3.9067991282715724 220
1739809446073 1.0772769561980466 221
1739809446152 1.9754696072776103 222
1739809446216 2.001517086373748 223
1739809446288 0.05777933064093153 224
1739809446342 0.984619504397821 225
1739809446421 2.766604457938108 226
1739809446484 2.2082626772385967 227
1739809446548 1.8440967476496097 228
1739809446627 1.2994587884949593 229
1739809446690 3.4961209966137163 230
1739809446754 1.0712004318305652 231
1739809446817 3.278442110671402 232
1739809446881 1.7589819555916235 233
1739809446944 1.0579737466956334 234
1739809447024 0.03044935336428738 235
1739809447087 2.110196942713319 236
1739809447150 0.6174172992813785 237
1739809447213 0.9640050506896215 238
1739809447277 1.6152862295255543 239
1739809447356 0.029678136782297623 240
1739809447420 1.664720176185641 241
1739809447483 0.44991614237986016 242
1739809447547 0.13983188020716125 243
1739809447610 1.7678074209945973 244
1739809447675 0.8022281601707558 245
1739809447754 1.7177708453975404 246
1739809447817 1.0291382774946933 247
1739809447881 4.008912974205225 248
1739809447945 1.7425955751813824 249
1739809448009 2.0562409872520293 250
1739809448088 1.4667467689022635 251
1739809448151 1.0339172090075526 252
1739809448215 0.7913904603707923 253
1739809448279 1.1968378894697493 254
1739809448343 3.0936832700198518 255
1739809448422 0.26242565070856566 256
1739809448485 5.875465108472614 257
1739809448549 1.5232919188159297 258
1739809448612 2.149672742470646 259
1739809448675 1.3948581211037778 260
1739809448755 1.169421961500023 261
1739809448824 0.7732400551036286 262
1739809448883 1.9406369970585007 263
1739809448946 2.7151985895573447 264
1739809449010 3.186924605386467 265
1739809449074 1.6894820412372782 266
1739809449154 0.5037417121011116 267
1739809449217 1.7615742621299075 268
1739809449281 0.4794254777026219 269
1739809449345 0.3925229302167341 270
1739809449408 0.9107969206954165 271
1739809449489 0.6235756652150002 272
1739809449550 1.9260580229028155 273
1739809449614 1.9485879793126122 274
1739809449677 2.1897427660745294 275
1739809449741 0.9122027528473389 276
1739809449819 1.514925484004796 277
1739809449883 1.4421352919025399 278
1739809449954 2.1088792849792783 279
1739809450009 2.1603207258851636 280
1739809450073 1.54762748351859 281
1739809450153 0.8594799631673615 282
1739809450216 1.6515989279712233 283
1739809450280 0.9718891616955214 284
1739809450354 0.7466254053186555 285
1739809450408 4.592909419708226 286
1739809450488 1.5093567605624718 287
1739809450551 0.525704897871974 288
1739809450614 1.2021345363294371 289
1739809450677 1.9140536183327101 290
1739809450742 0.81037772483698 291
1739809450820 1.2427142256222181 292
1739809450884 0.4416710148717886 293
1739809450947 1.9852932221562918 294
1739809451011 2.639526628240893 295
1739809451075 1.029677447527516 296
1739809451154 1.5216523167532157 297
1739809451221 1.0598120024677764 298
1739809451281 0.8194555289512301 299
1739809451345 1.7074505690627693 300
1739809451408 0.8176237239350853 301
1739809451487 2.935535024183578 302
1739809451555 1.9791615746521025 303
1739809451614 2.114672956201797 304
1739809451679 3.528993612859001 305
1739809451742 2.9095895636104343 306
1739809451806 1.484363382427216 307
1739809451885 0.8907631121462546 308
1739809451949 0.8438477328211791 309
1739809452012 0.6617463079481499 310
1739809452076 0.1456635808521654 311
1739809452140 1.8017091681315718 312
1739809452219 0.0055723430723989414 313
1739809452283 1.7059281829383273 314
1739809452346 1.8200458589817734 315
1739809452410 2.0385106533380055 316
1739809452474 1.3058868352850195 317
1739809452538 2.7526802455005193 318
1739809452617 0.7481302601508157 319
1739809452681 1.985034192211807 320
1739809452745 1.4262966506084345 321
1739809452808 1.503990692420288 322
1739809452889 0.3144210493473726 323
1739809452950 0.4761046593506568 324
1739809453014 1.2041440639157257 325
1739809453079 1.7177765263659783 326
1739809453142 0.5309112607460019 327
1739809453222 1.2813784804882336 328
1739809453285 2.776269578470552 329
1739809453348 0.8498366116621553 330
1739809453411 1.0211275604050158 331
1739809453475 0.15277775990358516 332
1739809453556 2.9490516241272586 333
1739809453618 1.1295951121860612 334
1739809453682 1.0765470938819712 335
1739809453746 1.8833496479599408 336
1739809453809 2.5286618503233376 337
1739809453873 1.640908795877069 338
1739809453952 1.8346927641003337 339
1739809454016 2.102988902465547 340
1739809454079 2.953028588482027 341
1739809454143 1.3454969706341104 342
1739809454223 1.7846171829534547 343
1739809454289 4.610885094603664 344
1739809454349 1.4536923131242292 345
1739809454413 1.7995798429409207 346
1739809454478 3.101054404093597 347
1739809454540 0.7023238168602518 348
1739809454620 0.5408657905169453 349
1739809454685 2.089594727294578 350
1739809454748 2.426711477998687 351
1739809454812 2.195843866078981 352
1739809454876 1.4634912307174548 353
1739809454940 1.340417377105546 354
1739809455020 0.6982933133414995 355
1739809455083 1.4202112927087918 356
1739809455147 0.39864649435006944 357
1739809455209 0.8411501067870386 358
1739809455272 2.1525972405380647 359
1739809455351 0.5912679202623433 360
1739809455416 0.3496320440681254 361
1739809455479 0.8648177718034554 362
1739809455543 1.3032824999729804 363
1739809455622 1.7126628584239862 364
1739809455685 1.3990518263677956 365
1739809455749 4.233324552598363 366
1739809455812 0.8950929517436016 367
1739809455876 1.0798651949923286 368
1739809455939 1.2678370895448416 369
1739809456019 1.0439052092628958 370
1739809456082 1.5599942772647448 371
1739809456146 3.032732845472636 372
1739809456210 1.5280475950893881 373
1739809456273 0.6759018132917284 374
1739809456353 1.1528871056926144 375
1739809456420 2.634556699188996 376
1739809456480 1.2971572353603642 377
1739809456543 1.854175231647793 378
1739809456607 0.873398896879773 379
1739809456686 1.5969483178715373 380
1739809456749 0.8002567937377899 381
1739809456812 0.5114464813309271 382
1739809456878 3.739290533329151 383
1739809456940 1.1487138684687956 384
1739809457019 0.34585094123671806 385
1739809457083 2.3090528975066382 386
1739809457146 1.408709178366443 387
1739809457217 1.6051695171064357 388
1739809457274 1.8267389251807495 389
1739809457353 1.2627795089198381 390
1739809457422 4.451537390154117 391
1739809457480 0.35096357837375625 392
1739809457544 1.0537889573523012 393
1739809457608 0.653704634238876 394
1739809457687 1.8343241166979218 395
1739809457751 0.5616060207127824 396
1739809457815 0.9076525796048747 397
1739809457878 1.9878561369811962 398
1739809457958 0.3117455852615736 399
1739809458022 1.8034518683819736 400
1739809458085 1.1911746324927133 401
1739809458148 0.7112642678282649 402
1739809458211 0.8385076886454239 403
1739809458291 0.33339994583292276 404
1739809458354 1.064344626383685 405
1739809458418 1.3465711251381949 406
1739809458498 1.625534726401696 407
1739809458561 0.6754576592775874 408
1739809458625 1.711986211742747 409
1739809458688 1.1644799500368432 410
1739809458752 2.8502545886281534 411
1739809458832 0.6189517467376563 412
1739809458895 1.0506300537126707 413
1739809458958 1.1918954666239294 414
1739809459022 0.9154020465204353 415
1739809459086 1.1031940630287158 416
1739809459165 0.9389841368377135 417
1739809459229 1.922024138593496 418
1739809459294 0.162560224460341 419
1739809459359 1.0982033032674305 420
1739809459423 2.4483551426773436 421
1739809459486 1.0135726523613857 422
1739809459567 0.811876189072555 423
1739809459636 0.46418258595196754 424
1739809459692 1.8616408862290703 425
1739809459755 1.041770483975095 426
1739809459834 2.5865633297109514 427
1739809459898 1.8344515224659446 428
1739809459962 1.8821034141060569 429
1739809460025 1.258221479587114 430
1739809460105 3.667481410491445 431
1739809460169 2.2899599007257385 432
1739809460233 1.6872925573148516 433
1739809460297 1.836818955307459 434
1739809460361 1.2966584626823756 435
1739809460425 5.003635868571198 436
1739809460505 3.229350866141043 437
1739809460569 0.20763299697164 438
1739809460632 0.7274905149965334 439
1739809460696 1.7120916835649258 440
1739809460759 1.9339675715612534 441
1739809460838 1.6481940026774673 442
1739809460902 2.1503107738061953 443
1739809460966 1.35656850175154 444
1739809461030 1.374729301831992 445
1739809461100 0.4802685747320918 446
1739809461158 2.737354100004329 447
1739809461237 2.1471051973998883 448
1739809461301 1.8212880033072867 449
1739809461364 1.2143785751301264 450
1739809461429 3.2582181127196517 451
1739809461492 0.5117613060420629 452
1739809461575 1.4118046052209454 453
1739809461641 1.882877584419907 454
1739809461714 4.961441591326538 455
1739809461778 2.331499833161387 456
1739809461841 0.8524035019123959 457
1739809461905 1.2413724540803568 458
1739809461985 0.029612533499225116 459
1739809462050 0.6357772777630419 460
1739809462113 2.1822681074944015 461
1739809462176 1.6652752376505502 462
1739809462240 2.7087829524902065 463
1739809462303 1.2868273779062203 464
1739809462382 2.9896701307485865 465
1739809462446 1.3407332448078946 466
1739809462509 4.736397434612904 467
1739809462588 2.023316641458496 468
1739809462653 0.06482619325594983 469
1739809462718 1.1111468866633016 470
1739809462781 1.3249171080234194 471
1739809462845 2.0643666208967977 472
1739809462924 1.6955688855767959 473
1739809462988 0.7261733948858352 474
1739809463051 3.046102927936634 475
1739809463115 0.5326523902155468 476
1739809463179 0.9880862026785661 477
1739809463243 1.8822595317750486 478
1739809463322 1.2034251297019085 479
1739809463385 2.4564597204039544 480
1739809463449 0.054699426135906795 481
1739809463512 1.114213780394159 482
1739809463577 1.8861435668185982 483
1739809463658 1.8929247696726703 484
1739809463721 1.5503288135848523 485
1739809463785 2.06378983377228 486
1739809463847 5.062422082496658 487
1739809463911 3.8395287195238317 488
1739809463994 0.3802437342188746 489
1739809464055 1.40324046880265 490
1739809464126 2.2846257555765157 491
1739809464181 1.0671547518329056 492
1739809464260 2.476279459653539 493
1739809464328 1.2521933781100767 494
1739809464387 2.583308843676138 495
1739809464451 0.5892355014562984 496
1739809464515 1.936782059762706 497
1739809464579 2.2596240912444885 498
1739809464658 2.009515957344576 499
