1739809222027 164.1121003222779 0
1739809222043 167.7308870187254 1
1739809222059 167.56532266944896 2
1739809222073 165.89416494717557 3
1739809222091 166.67538007633925 4
1739809222105 164.25044116757743 5
1739809222123 165.1325108663279 6
1739809222139 163.9586589604032 7
1739809222155 162.2905488591309 8
1739809222169 169.58159199482014 9
1739809222185 160.8185990392726 10
1739809222201 159.8551796266294 11
1739809222217 164.03012239385274 12
1739809222233 166.43537175461935 13
1739809222249 159.90459442500836 14
1739809222265 162.6351404377318 15
1739809222281 162.64682562120473 16
1739809222297 158.45994157717539 17
1739809222312 162.46755612993414 18
1739809222312 155.5701818274767 19
1739809222344 163.28740250478498 20
1739809222360 161.43098554951524 21
1739809222379 158.33026004325137 22
1739809222395 153.53005735715067 23
1739809222411 156.91588395260015 24
1739809222425 159.19693105506963 25
1739809222440 156.49397803833992 26
1739809222457 152.64328110239947 27
1739809222473 153.31628727228275 28
1739809222488 155.8178417368545 29
1739809222504 154.11222846395233 30
1739809222510 153.68949322774642 31
1739809222532 152.84222697671143 32
1739809222536 155.5543669909211 33
1739809222564 154.51568190904226 34
1739809222568 150.93901781598703 35
1739809222595 152.247801426529 36
1739809222599 152.79797540471668 37
1739809222626 149.24862884102785 38
1739809222631 147.2373821650195 39
1739809222656 142.4550296327351 40
1739809222663 146.18635514452112 41
1739809222685 149.08173827576 42
1739809222695 150.26317877736284 43
1739809222716 144.29588848602833 44
1739809222726 149.1365895825148 45
1739809222747 144.27600508277382 46
1739809222759 147.54005580881608 47
1739809222779 147.8041364515143 48
1739809222790 146.58287202736315 49
1739809222806 145.39499346804485 50
1739809222822 144.14783732561446 51
1739809222842 141.051189345145 52
1739809222854 141.34593457023567 53
1739809222869 150.2167670011558 54
1739809222885 142.13419892488108 55
1739809222903 144.25693772593084 56
1739809222917 141.73803063808796 57
1739809222933 144.00533039278528 58
1739809222949 136.30241037844218 59
1739809222965 140.3264658361873 60
1739809222981 143.43837400326584 61
1739809222997 138.35433093901307 62
1739809223013 144.50301587892088 63
1739809223029 136.09108604518386 64
1739809223044 137.2829777783224 65
1739809223060 135.45617073855354 66
1739809223076 138.6717483322286 67
1739809223092 138.8953870724503 68
1739809223107 134.50304719605057 69
1739809223118 140.2334005762472 70
1739809223126 131.34760461534304 71
1739809223148 134.01919446362518 72
1739809223158 137.22830290181525 73
1739809223180 134.54026443019606 74
1739809223198 136.31987545809832 75
1739809223214 132.48205972443395 76
1739809223228 136.23507606525789 77
1739809223241 132.4012762298365 78
1739809223249 130.19213627735044 79
1739809223271 137.82307353831268 80
1739809223281 129.2340105951269 81
1739809223301 128.07703785923576 82
1739809223313 131.33808786293176 83
1739809223332 131.47449749558118 84
1739809223345 125.18714983887105 85
1739809223363 129.49491587351582 86
1739809223376 128.87791516869183 87
1739809223392 130.91665884569602 88
1739809223410 131.47654908915908 89
1739809223424 130.78620884579368 90
1739809223440 127.63798890509958 91
1739809223456 128.3436370404158 92
1739809223471 122.48190089088178 93
1739809223487 129.60805619155013 94
1739809223503 125.58534335715245 95
1739809223519 126.79974805092631 96
1739809223535 130.23299451970865 97
1739809223551 127.08324491054846 98
1739809223561 120.4669716714675 99
1739809223578 127.31720433453788 100
1739809223583 125.9620563600258 101
1739809223610 131.53019652619778 102
1739809223615 121.88745584267254 103
1739809223640 121.75046868559552 104
1739809223647 120.12668237937228 105
1739809223670 125.2306431795728 106
1739809223679 123.57121834708221 107
1739809223699 119.84614286506232 108
1739809223711 120.01273424964842 109
1739809223727 117.5600477713086 110
1739809223743 122.76575956564763 111
1739809223760 120.20171220626676 112
1739809223775 121.45877711695266 113
1739809223791 119.58332224943857 114
1739809223807 121.62381312397056 115
1739809223822 119.15973482938702 116
1739809223839 117.24543839142054 117
1739809223854 123.48130892636753 118
1739809223871 117.77258692646161 119
1739809223886 117.92417264607984 120
1739809223886 117.15793340285373 121
1739809223918 117.18940804190359 122
1739809223934 116.64611833429701 123
1739809223949 118.21513838876358 124
1739809223965 114.6328082139662 125
1739809223981 114.8935120176473 126
1739809223997 112.07333632547444 127
1739809224013 114.23888169340215 128
1739809224013 118.25825188844259 129
1739809224045 117.52346748883629 130
1739809224045 117.35030483665469 131
1739809224071 115.22828122946456 132
1739809224076 111.7012643654422 133
1739809224101 112.95265109660068 134
1739809224109 113.6424861367457 135
1739809224131 111.1090327888735 136
1739809224141 108.69233923666475 137
1739809224163 112.1954897525029 138
1739809224173 108.85824795510037 139
1739809224195 112.79670826504393 140
1739809224214 110.24041789174997 141
1739809224229 110.82960598236662 142
1739809224247 109.78456349978498 143
1739809224265 107.45696540497929 144
1739809224280 107.97914325454049 145
1739809224295 112.12106914201956 146
1739809224311 114.1160173412766 147
1739809224328 106.49763738571401 148
1739809224344 104.83783557404196 149
1739809224361 110.30877162386336 150
1739809224377 104.5865708763096 151
1739809224391 105.73596045980976 152
1739809224407 105.9000860771199 153
1739809224422 105.19006370033317 154
1739809224439 105.13589553419398 155
1739809224451 102.93744235516306 156
1739809224459 106.26143949352365 157
1739809224483 106.08615258275422 158
1739809224492 106.12545714814007 159
1739809224516 106.50426547063849 160
1739809224526 107.45312374143548 161
1739809224549 103.59710666036473 162
1739809224567 104.32321000601739 163
1739809224584 100.99191620565004 164
1739809224594 103.93904540730337 165
1739809224611 103.34012580372874 166
1739809224628 104.10825517550401 167
1739809224643 101.37890865714371 168
1739809224659 103.4721436777408 169
1739809224675 101.43089140724165 170
1739809224678 105.5618448984938 171
1739809224703 102.70706987723275 172
1739809224710 99.47691203902873 173
1739809224733 100.57077232889432 174
1739809224743 100.00313946913411 175
1739809224766 102.39457638662468 176
1739809224776 99.49728339727623 177
1739809224796 103.79787853998344 178
1739809224811 96.79164449346277 179
1739809224826 99.3523964679064 180
1739809224843 96.16100726719323 181
1739809224860 100.22343858988793 182
1739809224876 100.70309491211927 183
1739809224893 95.46284787866414 184
1739809224910 96.64902732090675 185
1739809224927 95.16362059829382 186
1739809224942 92.93799487118689 187
1739809224958 98.5094965178675 188
1739809224973 98.35865669415162 189
1739809224988 93.73336789144109 190
1739809225002 100.80979717877877 191
1739809225016 95.14148124948235 192
1739809225025 92.33259170507992 193
1739809225047 97.20175821709198 194
1739809225057 95.48600834448652 195
1739809225078 97.49796958319921 196
1739809225099 89.95287573209787 197
1739809225219 92.8092019555842 198
1739809225289 98.5277403617757 199
1739809225324 95.75842808754736 200
1739809225348 92.6472826727797 201
1739809225364 93.23575438189462 202
1739809225381 95.83094468152755 203
1739809225399 91.87520089991298 204
1739809225415 89.02981998409125 205
1739809225430 92.32714175391766 206
1739809225443 94.46736517288815 207
1739809225460 89.99016416494105 208
1739809225476 92.86241751159508 209
1739809225493 94.20765902944407 210
1739809225508 92.59536978792086 211
1739809225527 91.90267154907704 212
1739809225545 90.36647247010458 213
1739809225561 92.9047210176072 214
1739809225576 88.49961623060281 215
1739809225592 89.437473536394 216
1739809225608 92.9232095937964 217
1739809225625 85.00479229392175 218
1739809225640 87.29860947441205 219
1739809225653 88.00137608994095 220
1739809225660 88.05470706015679 221
1739809225690 83.73723224521483 222
1739809225704 91.36592535137537 223
1739809225717 85.6696798110519 224
1739809225727 83.70918200019592 225
1739809225752 89.57442250586362 226
1739809225766 90.29696972553839 227
1739809225780 87.25320879453953 228
1739809225796 87.91144774363029 229
1739809225815 87.46173609939012 230
1739809225829 84.85803301695213 231
1739809225841 86.57821335657997 232
1739809225860 82.69911652074735 233
1739809225877 85.28950986301524 234
1739809225892 84.56812048017694 235
1739809225907 83.98318047642547 236
1739809225908 83.32770793228342 237
1739809225935 84.76519328013693 238
1739809225953 83.1326879766753 239
1739809225968 83.06884240029689 240
1739809225974 82.82305700058805 241
1739809225997 83.1747230360422 242
1739809226015 81.05085197866337 243
1739809226030 81.46093493256362 244
1739809226041 84.9000392095689 245
1739809226060 83.20519118084502 246
1739809226077 80.04470872463544 247
1739809226093 81.34719962764983 248
1739809226107 81.24235016108285 249
1739809226119 78.41247703256654 250
1739809226127 81.68369221728831 251
1739809226155 79.32740358574083 252
1739809226169 80.66305427451952 253
1739809226176 80.20623758179686 254
1739809226191 76.86263636210715 255
1739809226213 77.8894637612797 256
1739809226229 85.62826458561138 257
1739809226243 79.69799482140272 258
1739809226259 77.64806014147851 259
1739809226277 80.06142691500182 260
1739809226293 80.16403719340107 261
1739809226313 80.6491375584189 262
1739809226329 79.24571353065484 263
1739809226343 76.48711022037276 264
1739809226359 79.58743243384141 265
1739809226372 77.32102791963682 266
1739809226391 79.15978439511733 267
1739809226407 76.4145892417571 268
1739809226424 77.08728894709688 269
1739809226446 78.36131643107345 270
1739809226456 76.54441136812149 271
1739809226480 78.94896282243863 272
1739809226496 77.74612769805293 273
1739809226514 76.93674918738564 274
1739809226547 76.04957314366717 275
1739809226567 76.8362124771513 276
1739809226587 74.74025833614364 277
1739809226604 73.66151620431789 278
1739809226620 72.8592306351966 279
1739809226641 73.42213819155164 280
1739809226661 73.86993970674519 281
1739809226680 74.90845890641472 282
1739809226697 75.4749539568245 283
1739809226711 72.21016997753749 284
1739809226728 71.34280415320386 285
1739809226746 71.85714890483196 286
1739809226762 71.62046805381338 287
1739809226779 69.5811532017329 288
1739809226796 75.88759990550602 289
1739809226816 71.10467017481388 290
1739809226835 72.90142450949159 291
1739809226855 74.21796119068203 292
1739809226878 72.6891832227363 293
1739809226897 69.18093480660144 294
1739809226919 71.18599568242233 295
1739809226937 72.61564312217334 296
1739809226954 71.21992570188625 297
1739809226970 68.6623588115339 298
1739809226988 72.71266507354584 299
1739809227005 70.38652940243165 300
1739809227023 73.46306817874637 301
1739809227043 70.23140173879737 302
1739809227062 69.87871446628739 303
1739809227077 68.86641003323021 304
1739809227094 70.2477157262042 305
1739809227108 68.06785551046936 306
1739809227125 70.41598594864527 307
1739809227139 69.02611785365517 308
1739809227152 66.8078847184296 309
1739809227169 71.3338210009749 310
1739809227185 66.69877546050502 311
1739809227199 67.50536965947641 312
1739809227209 66.37964440310768 313
1739809227228 70.56632983243274 314
1739809227241 67.53572720522482 315
1739809227257 68.38541126519407 316
1739809227275 66.74120846601069 317
1739809227289 65.82742623251862 318
1739809227305 70.66936806558996 319
1739809227321 65.16830595947332 320
1739809227337 63.61798551195502 321
1739809227353 67.42166639680956 322
1739809227369 65.04334779055407 323
1739809227385 64.27245199085166 324
1739809227401 66.76802089575374 325
1739809227417 64.04658401418267 326
1739809227433 65.37110642907423 327
1739809227449 66.42415948241705 328
1739809227464 64.86744653310753 329
1739809227482 66.3017871308287 330
1739809227492 63.356293785408205 331
1739809227517 64.08180050596359 332
1739809227533 64.4842726935816 333
1739809227551 63.777563372081005 334
1739809227568 65.64845536290824 335
1739809227589 63.82166165630418 336
1739809227614 63.62025670263192 337
1739809227654 62.81351355275853 338
1739809227680 61.18754395179148 339
1739809227692 63.27496247995855 340
1739809227723 61.7828142655841 341
1739809227743 63.61208104288847 342
1739809227762 62.83197412364004 343
1739809227805 61.35549941337791 344
1739809227826 60.38252859425545 345
1739809227841 61.316672569192335 346
1739809227858 62.01154144195 347
1739809227875 62.12878139903538 348
1739809227892 61.417578778747504 349
1739809227907 61.91509406913436 350
1739809227913 59.19089406765852 351
1739809227926 65.75512876857866 352
1739809227941 59.061075508642546 353
1739809227957 61.85435344800322 354
1739809227982 58.57921643282144 355
1739809228010 62.572607303554776 356
1739809228032 61.26693912959865 357
1739809228065 59.444394422431465 358
1739809228086 60.64875406982803 359
1739809228098 59.55616711684293 360
1739809228124 60.786012781337696 361
1739809228151 60.34780170874882 362
1739809228170 56.645237342330596 363
1739809228187 59.64094613994628 364
1739809228203 59.069314988972735 365
1739809228220 57.353224834703745 366
1739809228236 58.5111801676469 367
1739809228253 58.40292700987162 368
1739809228277 58.90646947326016 369
1739809228294 58.524137141699455 370
1739809228309 58.34594038179593 371
1739809228324 56.60319979444339 372
1739809228340 60.11609977907856 373
1739809228360 56.1035388832028 374
1739809228375 57.287945271682794 375
1739809228393 56.7576927961732 376
1739809228407 56.7987643754275 377
1739809228440 56.16971609254235 378
1739809228460 54.92735548469816 379
1739809228478 56.010748475345274 380
1739809228502 58.699193313754975 381
1739809228518 55.76252686207595 382
1739809228532 55.674118014678754 383
1739809228559 54.975002992868795 384
1739809228595 54.939230797928396 385
1739809228614 54.111848964735934 386
1739809228642 57.58346493687594 387
1739809228663 54.310731866194494 388
1739809228693 55.38821904549784 389
1739809228710 57.34718227881594 390
1739809228727 54.47083463946882 391
1739809228743 54.11922166776076 392
1739809228759 52.99279038562155 393
1739809228776 53.46633319514914 394
1739809228795 53.268912922432975 395
1739809228819 52.32806061094187 396
1739809228839 53.20023608728615 397
1739809228858 52.14945414952244 398
1739809228880 55.36115464010535 399
1739809228896 52.85226483212741 400
1739809228918 54.06560769877233 401
1739809228935 52.030904491222245 402
1739809228962 50.38133654241306 403
1739809228980 54.98481735225881 404
1739809229004 54.03066904855786 405
1739809229021 54.0080454034748 406
1739809229039 52.55830868260784 407
1739809229049 53.119371236453695 408
1739809229070 51.480150508740984 409
1739809229091 52.84278169867719 410
1739809229110 50.42830672263338 411
1739809229127 52.192644546461175 412
1739809229146 51.76746857254092 413
1739809229164 51.65583494465325 414
1739809229180 49.24296583552649 415
1739809229198 50.2632855364039 416
1739809229214 48.999409563655824 417
1739809229232 51.06148652857079 418
1739809229249 50.094737418991066 419
1739809229264 51.80632150362197 420
1739809229281 51.36857537975731 421
1739809229296 49.22833895610618 422
1739809229316 51.21997634549235 423
1739809229335 47.80943192790717 424
1739809229352 47.4462200324445 425
1739809229371 51.2462218801437 426
1739809229389 49.098573855123306 427
1739809229410 48.24874415617715 428
1739809229428 49.96373383315091 429
1739809229445 48.33115454043541 430
1739809229463 47.91596861081803 431
1739809229497 46.240973584202365 432
1739809229514 48.473070239102206 433
1739809229531 49.643139548891895 434
1739809229545 49.200000056535174 435
1739809229560 47.80012387375341 436
1739809229582 48.542007094731034 437
1739809229606 47.02126875775563 438
1739809229622 48.310946008395646 439
1739809229630 47.66381982618178 440
1739809229654 47.31641432190514 441
1739809229670 46.00344836663566 442
1739809229676 46.39334564227326 443
1739809229702 49.17057794908182 444
1739809229717 48.10581305179392 445
1739809229740 45.46104121270271 446
1739809229760 45.85202639089542 447
1739809229777 48.7603770038131 448
1739809229792 44.27556132261289 449
1739809229801 46.75005162462811 450
1739809229826 46.132850408988745 451
1739809229843 47.681444929475795 452
1739809229861 45.62158997258769 453
1739809229875 47.11569457246164 454
1739809229889 45.85369431768555 455
1739809229893 46.191711114147346 456
1739809229916 42.59097098552662 457
1739809229928 47.58092516750589 458
1739809229952 45.16270231810018 459
1739809229964 43.30111438263384 460
1739809229982 40.747078655468144 461
1739809229998 47.96473693215662 462
1739809230016 46.049726040715484 463
1739809230034 45.07517146460416 464
1739809230052 43.70883426100211 465
1739809230067 44.564302881416936 466
1739809230083 44.728494543689656 467
1739809230095 44.81551554837944 468
1739809230110 44.53425472666505 469
1739809230124 44.32099516803788 470
1739809230142 43.92437132424663 471
1739809230158 42.26160135731686 472
1739809230187 42.51263636583042 473
1739809230206 44.08684333002287 474
1739809230221 43.8726365663341 475
1739809230233 44.81021156797629 476
1739809230249 41.328776360076205 477
1739809230266 44.639878295388655 478
1739809230281 43.6296931704493 479
1739809230296 43.64445653635837 480
1739809230305 43.4604870117699 481
1739809230326 41.82812028884191 482
1739809230337 43.38541051151465 483
1739809230353 41.97673348548294 484
1739809230369 40.60378647928989 485
1739809230389 43.23721686449227 486
1739809230404 40.11857792468787 487
1739809230417 42.972609018860695 488
1739809230430 41.410215484466576 489
1739809230447 40.61841205752586 490
1739809230462 40.85146875768398 491
1739809230481 42.26923348234663 492
1739809230496 41.75711827945264 493
1739809230510 40.933504995799396 494
1739809230526 42.27140517992826 495
1739809230542 38.39889881771513 496
1739809230554 41.795628998032754 497
1739809230568 39.90652612889626 498
1739809230581 39.93764410249475 499
