1739810312052 169.089027582395 0
1739810312067 168.41495087770787 1
1739810312083 168.3543741052206 2
1739810312093 168.28782654469236 3
1739810312110 168.2213596292582 4
1739810312126 168.15487544108103 5
1739810312130 168.08846131788897 6
1739810312151 168.02202995012334 7
1739810312158 167.95566859581993 8
1739810312181 167.88929000636986 9
1739810312200 167.82298137892533 10
1739810312214 167.7566783831477 11
1739810312221 167.69040179446802 12
1739810312243 167.62415153895492 13
1739810312258 167.5579047608306 14
1739810312275 167.49172777579065 15
1739810312290 167.42555639541726 16
1739810312306 167.3594113696491 17
1739810312312 167.293269803112 18
1739810312329 167.22719794227575 19
1739810312344 167.16113166587496 20
1739810312362 167.09509170215915 21
1739810312377 167.02907797736862 22
1739810312392 166.96306768750298 23
1739810312409 166.89712699808334 24
1739810312424 166.8311918660626 25
1739810312438 166.76528299442248 26
1739810312451 166.69940030949726 27
1739810312466 166.6335210351 28
1739810312481 166.56771125608347 29
1739810312495 166.50190700749286 30
1739810312509 166.43612896708262 31
1739810312520 166.37035431917516 32
1739810312528 166.30464907969062 33
1739810312549 166.23894935054273 34
1739810312560 166.1732757878881 35
1739810312577 166.10762831823178 36
1739810312593 166.04198421693675 37
1739810312609 165.97640941934102 38
1739810312610 165.9108401052221 39
1739810312635 165.8452969055831 40
1739810312647 165.77975705636484 41
1739810312664 165.71428642416112 42
1739810312677 165.6488212554352 43
1739810312694 165.58338215965148 44
1739810312709 165.5179690634853 45
1739810312721 165.45255929370305 46
1739810312727 165.38721863655266 47
1739810312750 165.3218834161328 48
1739810312761 165.2565742168282 49
1739810312775 165.1912909654076 50
1739810312791 165.12601101624313 51
1739810312807 165.06080007551606 52
1739810312823 164.99559454483526 53
1739810312835 164.9304149835458 54
1739810312844 164.86523870670305 55
1739810312864 164.8001313520355 56
1739810312876 164.73502938755524 57
1739810312895 164.66995335115973 58
1739810312910 164.6049031697875 59
1739810312922 164.53985624898752 60
1739810312930 164.47487814650734 61
1739810312950 164.40990540764204 62
1739810312961 164.34495854532287 63
1739810312977 164.28001492585028 64
1739810312992 164.21514003870612 65
1739810313008 164.1502704954073 66
1739810313008 164.08542678749592 67
1739810313034 164.02060884207964 68
1739810313045 163.95579411573905 69
1739810313063 163.89104801820986 70
1739810313077 163.82630723806489 71
1739810313094 163.76159224195334 72
1739810313110 163.69690295707574 73
1739810313125 163.63221686741215 74
1739810313139 163.56759930322968 75
1739810313152 163.50298703003247 76
1739810313171 163.43840048961698 77
1739810313192 163.37381712681926 78
1739810313209 163.30930220393057 79
1739810313224 163.24479255239612 80
1739810313244 163.18030859271366 81
1739810313256 163.1158502522523 82
1739810313277 163.0513950657985 83
1739810313294 162.98700821625985 84
1739810313310 162.92262661178708 85
1739810313330 162.85827064809814 86
1739810313346 162.7939178209032 87
1739810313359 162.72963324532023 88
1739810313379 162.6653538952605 89
1739810313397 162.60110014520146 90
1739810313415 162.53687192268023 91
1739810313433 162.47264681314505 92
1739810313453 162.4084898525638 93
1739810313463 162.34433809132744 94
1739810313479 162.28021187920652 95
1739810313495 162.2160887626402 96
1739810313511 162.15203370999285 97
1739810313528 162.08798383723567 98
1739810313543 162.02395947295676 99
1739810313560 161.959960544861 100
1739810313576 161.8959646889137 101
1739810313593 161.83203679456204 102
1739810313610 161.76811405403183 103
1739810313628 161.70421677127692 104
1739810313645 161.64032254332085 105
1739810313659 161.5764961921929 106
1739810313661 161.51267497551905 107
1739810313677 161.448879176129 108
1739810313695 161.38510872189462 109
1739810313711 161.32134129915434 110
1739810313727 161.25764165125253 111
1739810313744 161.19394711184535 112
1739810313761 161.1302779392004 113
1739810313762 161.06661178078136 114
1739810313779 161.00301331269984 115
1739810313794 160.93941993383277 116
1739810313811 160.87585188138135 117
1739810313829 160.81230908338446 118
1739810313845 160.74876927640955 119
1739810313861 160.68529705811525 120
1739810313877 160.62182990318456 121
1739810313892 160.55838802432902 122
1739810313894 160.4949491193083 123
1739810313914 160.43157771873302 124
1739810313936 160.36821136232794 125
1739810313951 160.3048702417959 126
1739810313960 160.24155428534212 127
1739810313977 160.17824127961967 128
1739810313993 160.11499567701753 129
1739810314010 160.05175509284282 130
1739810314025 159.988539694381 131
1739810314025 159.92532722954394 132
1739810314047 159.86218208385716 133
1739810314057 159.79904193749059 134
1739810314074 159.73592693677875 135
1739810314089 159.67283701009276 136
1739810314105 159.60974999402808 137
1739810314121 159.5467301961192 138
1739810314137 159.48371537189558 139
1739810314153 159.42072564334606 140
1739810314169 159.3577388083917 141
1739810314185 159.29481910788718 142
1739810314201 159.23190436204672 143
1739810314201 159.16901467196578 144
1739810314217 159.10614996618088 145
1739810314233 159.04328813108697 146
1739810314249 158.9804933297784 147
1739810314265 158.91770345760608 148
1739810314281 158.85493859139157 149
1739810314296 158.79217657892187 150
1739810314312 158.72948151679498 151
1739810314327 158.66679136486866 152
1739810314329 158.60412617912846 153
1739810314345 158.54148588827604 154
1739810314361 158.47884842836342 155
1739810314385 158.41627781845776 156
1739810314400 158.3537120933316 157
1739810314408 158.29117128476827 158
1739810314429 158.22863329027805 159
1739810314439 158.16616206261494 160
1739810314456 158.10369570088085 161
1739810314471 158.04125421608032 162
1739810314487 157.97883753707964 163
1739810314494 157.91642364944565 164
1739810314511 157.85407642863063 165
1739810314526 157.7917340484299 166
1739810314542 157.72941649571712 167
1739810314557 157.66710171758342 168
1739810314574 157.60485352335087 169
1739810314589 157.54261015096682 170
1739810314605 157.48039156658345 171
1739810314605 157.4181757401718 172
1739810314621 157.35602641485985 173
1739810314637 157.29388189266797 174
1739810314653 157.23176211905226 175
1739810314669 157.16966702311703 176
1739810314685 157.1075746625881 177
1739810314701 157.04554870362358 178
1739810314717 156.9835275226165 179
1739810314717 156.92153104099555 180
1739810314733 156.85953727810673 181
1739810314750 156.79760983424205 182
1739810314765 156.73568714969056 183
1739810314781 156.67378912524188 184
1739810314798 156.61191569016404 185
1739810314814 156.55004495135032 186
1739810314827 156.48824043235086 187
1739810314829 156.42644064760705 188
1739810314845 156.36466547395224 189
1739810314861 156.30289297996563 190
1739810314879 156.24118662351302 191
1739810314892 156.1794849827556 192
1739810314908 156.11780791394466 193
1739810314926 156.05615534651116 194
1739810314940 155.9945054363749 195
1739810314940 155.93292156488727 196
1739810314956 155.87134238414188 197
1739810314972 155.8097877265045 198
1739810314988 155.7482357096465 199
1739810315004 155.68674964941582 200
1739810315019 155.62526826145063 201
1739810315028 155.56381135759108 202
1739810315044 155.50235707817137 203
1739810315060 155.44096867347332 204
1739810315075 155.37958492260051 205
1739810315091 155.318225616893 206
1739810315108 155.2568906860179 207
1739810315108 155.19555835735042 208
1739810315124 155.1342918049872 209
1739810315147 155.073029881646 210
1739810315155 155.0117923548842 211
1739810315171 154.95055741392366 212
1739810315187 154.88938816761998 213
1739810315203 154.82822353198105 214
1739810315203 154.76708325412076 215
1739810315219 154.7059455458331 216
1739810315246 154.64487345066988 217
1739810315260 154.58380594785055 218
1739810315275 154.52276276407073 219
1739810315275 154.4617438292326 220
1739810315291 154.40072744187268 221
1739810315307 154.33977656968582 222
1739810315330 154.27883026518845 223
1739810315346 154.21790823139582 224
1739810315346 154.15698872878582 225
1739810315362 154.0961346600737 226
1739810315378 154.03528514081256 227
1739810315394 153.9744598536559 228
1739810315410 153.91365872866731 229
1739810315426 153.85286011286217 230
1739810315442 153.7921268333242 231
1739810315442 153.73139807868571 232
1739810315458 153.67069350799 233
1739810315474 153.6099914302585 234
1739810315490 153.54935460777523 235
1739810315505 153.48872229203505 236
1739810315524 153.4281141217755 237
1739810315538 153.36750842843793 238
1739810315554 153.30696790944373 239
1739810315561 153.2464318790721 240
1739810315576 153.18591995578032 241
1739810315593 153.12543206986567 242
1739810315608 153.06494663901006 243
1739810315624 153.00452628532963 244
1739810315624 152.9441103958675 245
1739810315640 152.88371856557242 246
1739810315656 152.82332917422684 247
1739810315672 152.76300477940694 248
1739810315688 152.7026848307664 249
1739810315704 152.64238890302966 250
1739810315721 152.58209539830887 251
1739810315721 152.521866809578 252
1739810315736 152.4616426490233 253
1739810315753 152.40144247117001 254
1739810315769 152.34126620654817 255
1739810315790 152.2810923432147 256
1739810315800 152.22098329916358 257
1739810315816 152.16087865903054 258
1739810315830 152.10079795393384 259
1739810315846 152.04071963412466 260
1739810315861 151.98070605331628 261
1739810315877 151.92069685850382 262
1739810315877 151.86071156066205 263
1739810315893 151.8007286322826 264
1739810315909 151.74081036273552 265
1739810315925 151.6808964612976 266
1739810315941 151.6210064188256 267
1739810315957 151.56114016608126 268
1739810315973 151.50127626120607 269
1739810315973 151.44147691891428 270
1739810315989 151.3816819206189 271
1739810316005 151.3219107338706 272
1739810316021 151.26214187909858 273
1739810316037 151.20243750699487 274
1739810316053 151.1427374610813 275
1739810316069 151.083061188846 276
1739810316085 151.0233872328691 277
1739810316094 150.96377767975787 278
1739810316109 150.90417243506593 279
1739810316127 150.84459092624377 280
1739810316142 150.78501171799465 281
1739810316147 150.72549683292152 282
1739810316157 150.66598623853184 283
1739810316173 150.60649934226376 284
1739810316188 150.54703607518167 285
1739810316205 150.48757508725342 286
1739810316220 150.42817832684975 287
1739810316236 150.36878583320498 288
1739810316252 150.30941699058323 289
1739810316268 150.25005041136248 290
1739810316268 150.19074798022837 291
1739810316284 150.13144979819717 292
1739810316300 150.07217522957595 293
1739810316317 150.01290290877682 294
1739810316330 149.9536946567384 295
1739810316346 149.89449063618196 296
1739810316361 149.83531019148228 297
1739810316377 149.77615325393376 298
1739810316393 149.71699854292052 299
1739810316409 149.65790780547064 300
1739810316409 149.5988212757212 301
1739810316425 149.53975827497356 302
1739810316441 149.48069748511466 303
1739810316457 149.42170058974384 304
1739810316473 149.36270788453186 305
1739810316488 149.30373867090287 306
1739810316504 149.24477165268956 307
1739810316521 149.18586845000064 308
1739810316521 149.12696941996356 309
1739810316549 149.06809384415047 310
1739810316565 149.0092204483119 311
1739810316581 148.95041078914585 312
1739810316584 148.89160528515927 313
1739810316600 148.83282319809717 314
1739810316616 148.77406445955367 315
1739810316628 148.7153078798694 316
1739810316645 148.65661494225168 317
1739810316660 148.59792613621755 318
1739810316676 148.5392607005691 319
1739810316692 148.48059740827097 320
1739810316709 148.42199767943677 321
1739810316724 148.36340206479247 322
1739810316724 148.30482978336784 323
1739810316740 148.24625962995728 324
1739810316758 148.18775296151892 325
1739810316772 148.1292503899111 326
1739810316788 148.07077111441635 327
1739810316804 148.01229395163108 328
1739810316819 147.95388019543742 329
1739810316831 147.89547051874933 330
1739810316844 147.83708410112666 331
1739810316861 147.77869978094077 332
1739810316878 147.7203787890768 333
1739810316896 147.6620618594278 334
1739810316910 147.6037681518555 335
1739810316914 147.5454975983232 336
1739810316934 147.4872291213216 337
1739810316953 147.42902387876273 338
1739810316968 147.37082267504948 339
1739810316979 147.31264464726218 340
1739810316994 147.25446868066496 341
1739810317012 147.1963558704883 342
1739810317026 147.13824708194448 343
1739810317042 147.08016143247045 344
1739810317058 147.02207782901735 345
1739810317058 146.96405730407287 346
1739810317074 146.90604078358248 347
1739810317089 146.84804736536435 348
1739810317105 146.79005597802956 349
1739810317121 146.7321275914018 350
1739810317144 146.67420319208324 351
1739810317150 146.6163018582982 352
1739810317160 146.5584235223066 353
1739810317176 146.5005471964601 354
1739810317192 146.44273377802577 355
1739810317208 146.38492432371316 356
1739810317224 146.3271378890949 357
1739810317240 146.26935344941617 358
1739810317257 146.21163183959405 359
1739810317257 146.15391417682608 360
1739810317272 146.09621949714514 361
1739810317288 146.03852679736886 362
1739810317304 145.9808968500032 363
1739810317328 145.92327083265786 364
1739810317331 145.86566776185063 365
1739810317346 145.8080666559443 366
1739810317362 145.75052822511236 367
1739810317378 145.6929937073006 368
1739810317394 145.63548209953615 369
1739810317410 145.57797244170007 370
1739810317410 145.52052538171165 371
1739810317425 145.4630822177769 372
1739810317441 145.40566192745692 373
1739810317468 145.3482644433767 374
1739810317490 145.2908688886918 375
1739810317510 145.23353583927727 376
1739810317526 145.17620666295127 377
1739810317542 145.11890031478302 378
1739810317558 145.0615958809693 379
1739810317574 145.00435387544374 380
1739810317606 144.9471157261166 381
1739810317622 144.889900368645 382
1739810317637 144.83268691065692 383
1739810317653 144.7755358040836 384
1739810317669 144.71838853685193 385
1739810317679 144.66126402523147 386
1739810317711 144.60414139825443 387
1739810317727 144.5470810459276 388
1739810317749 144.49002451611904 389
1739810317767 144.43299070573505 390
1739810317787 144.37595876518512 391
1739810317808 144.31898902262972 392
1739810317827 144.26202308580247 393
1739810317844 144.20507983227088 394
1739810317861 144.1481384337946 395
1739810317882 144.09125915676591 396
1739810317897 144.03438366870841 397
1739810317915 143.97753082787526 398
1739810317928 143.92067982734935 399
1739810317951 143.86389087183244 400
1739810317963 143.80710568856307 401
1739810317996 143.75034311650407 402
1739810318012 143.69360308878186 403
1739810318029 143.63686488111298 404
1739810318045 143.58018862685967 405
1739810318063 143.52351612219147 406
1739810318078 143.46686618379903 407
1739810318100 143.41021805064355 408
1739810318116 143.35363179470724 409
1739810318132 143.29704927170752 410
1739810318146 143.24048927909863 411
1739810318179 143.18393107707874 412
1739810318196 143.12743467618938 413
1739810318216 143.070941991621 414
1739810318232 143.0144718016156 415
1739810318246 142.95800338758164 416
1739810318262 142.90159669869755 417
1739810318279 142.84519370955164 418
1739810318300 142.78881317919806 419
1739810318322 142.73243441022856 420
1739810318343 142.67611729053596 421
1739810318348 142.6198038540317 422
1739810318379 142.5635128406059 423
1739810318396 142.50722357400716 424
1739810318411 142.45099588091998 425
1739810318429 142.39477185450397 426
1739810318449 142.33857021550966 427
1739810318462 142.28237030881536 428
1739810318479 142.22623189997492 429
1739810318513 142.17009714132104 430
1739810318529 142.1139847344888 431
1739810318546 142.05789461310198 432
1739810318562 142.00180620403614 433
1739810318580 141.945779202205 434
1739810318596 141.88975582819637 435
1739810318612 141.83375476159122 436
1739810318629 141.77775539271178 437
1739810318646 141.721817355649 438
1739810318663 141.66588292999833 439
1739810318695 141.6099707762786 440
1739810318713 141.55406030585618 441
1739810318729 141.49821109193914 442
1739810318750 141.44236547305633 443
1739810318766 141.3865420906883 444
1739810318781 141.33072037721917 445
1739810318795 141.27495984505106 446
1739810318814 141.21920289157154 447
1739810318829 141.16346813924721 448
1739810318845 141.10773504145322 449
1739810318861 141.05206304986254 450
1739810318862 140.9963946206472 451
1739810318878 140.94074835728375 452
1739810318893 140.88510373411177 453
1739810318909 140.8295201421521 454
1739810318924 140.7739400962868 455
1739810318946 140.7183821810263 456
1739810318961 140.66282589164808 457
1739810318962 140.60733055859765 458
1739810318981 140.55183875539277 459
1739810318995 140.49636904760175 460
1739810319012 140.4409009514136 461
1739810319027 140.38549373677492 462
1739810319044 140.33009003576515 463
1739810319062 140.27470839503434 464
1739810319077 140.21932835165646 465
1739810319077 140.1640091151561 466
1739810319096 140.10869337609992 467
1739810319111 140.05339966224386 468
1739810319127 139.9981075315204 469
1739810319143 139.94287613310837 470
1739810319160 139.88764821598795 471
1739810319175 139.83244228904462 472
1739810319175 139.77723793104286 473
1739810319196 139.72209423089257 474
1739810319212 139.6669539959131 475
1739810319228 139.61183571614353 476
1739810319243 139.55673932597222 477
1739810319259 139.501644485181 478
1739810319259 139.44661021311705 479
1739810319275 139.3915793843137 480
1739810319300 139.33657046709163 481
