1739808734698 169.34901212942756 0
1739808734714 169.281412665859 1
1739808734730 169.21384157227865 2
1739808734746 169.14629883650647 3
1739808734762 169.07878444636773 4
1739808734762 169.01129838969297 5
1739808734778 168.94384065431797 6
1739808734793 168.87641122808387 7
1739808734809 168.80901009883704 8
1739808734825 168.74163725442918 9
1739808734841 168.6742926827172 10
1739808734857 168.60697637156343 11
1739808734873 168.53968830883522 12
1739808734887 168.4724284824054 13
1739808734900 168.40519688015206 14
1739808734914 168.3379934899585 15
1739808734928 168.27081829971323 16
1739808734940 168.20367129731017 17
1739808734946 168.13655247064833 18
1739808734966 168.0694618076321 19
1739808734978 168.00239929617112 20
1739808734999 167.93536492418025 21
1739808735010 167.86835867957953 22
1739808735026 167.8013805502944 23
1739808735026 167.7344305242555 24
1739808735050 167.66750858939855 25
1739808735058 167.60061473366477 26
1739808735078 167.53374894500047 27
1739808735090 167.46691121135714 28
1739808735108 167.40010152069166 29
1739808735120 167.3333198609661 30
1739808735133 167.26656622014767 31
1739808735146 167.19984058620884 32
1739808735160 167.1331429471274 33
1739808735172 167.06647329088628 34
1739808735180 166.9998316054736 35
1739808735196 166.93321787888283 36
1739808735211 166.8666320991125 37
1739808735228 166.80007425416653 38
1739808735240 166.73354433205378 39
1739808735254 166.66704232078865 40
1739808735268 166.60056820839048 41
1739808735282 166.53412198288402 42
1739808735295 166.46770363229902 43
1739808735310 166.40131314467067 44
1739808735322 166.3349505080391 45
1739808735336 166.2686157104498 46
1739808735350 166.20230873995337 47
1739808735362 166.13602958460575 48
1739808735375 166.0697782324679 49
1739808735387 166.00355467160605 50
1739808735400 165.93735889009156 51
1739808735415 165.87119087600107 52
1739808735430 165.8050506174163 53
1739808735442 165.73893810242419 54
1739808735456 165.67285331911685 55
1739808735469 165.60679625559163 56
1739808735484 165.54076689995088 57
1739808735497 165.4747652403023 58
1739808735510 165.4087912647587 59
1739808735519 165.342844961438 60
1739808735534 165.2769263184633 61
1739808735553 165.21103532396293 62
1739808735567 165.1451719660703 63
1739808735580 165.07933623292402 64
1739808735586 165.01352811266779 65
1739808735603 164.9477475934506 66
1739808735620 164.88199466342638 67
1739808735636 164.81626931075442 68
1739808735651 164.75057152359904 69
1739808735667 164.6849012901297 70
1739808735680 164.61925859852096 71
1739808735683 164.55364343695265 72
1739808735708 164.48805579360965 73
1739808735717 164.42249565668203 74
1739808735736 164.35696301436482 75
1739808735750 164.2914578548584 76
1739808735762 164.22598016636817 77
1739808735766 164.16052993710466 78
1739808735789 164.0951071552835 79
1739808735796 164.02971180912547 80
1739808735812 163.96434388685645 81
1739808735830 163.8990033767075 82
1739808735845 163.83369026691472 83
1739808735849 163.76840454571922 84
1739808735860 163.70314620136753 85
1739808735876 163.637915222111 86
1739808735892 163.57271159620618 87
1739808735908 163.5075353119147 88
1739808735927 163.44238635750332 89
1739808735940 163.37726472124393 90
1739808735956 163.31217039141345 91
1739808735972 163.24710335629388 92
1739808735977 163.18206360417233 93
1739808735988 163.1170511233411 94
1739808736011 163.05206590209744 95
1739808736024 162.98710792874365 96
1739808736038 162.92217719158734 97
1739808736054 162.85727367894097 98
1739808736068 162.79239737912218 99
1739808736078 162.72754828045365 100
1739808736100 162.66272637126312 101
1739808736115 162.59793163988348 102
1739808736122 162.53316407465266 103
1739808736147 162.46842366391357 104
1739808736158 162.40371039601428 105
1739808736162 162.3390242593078 106
1739808736184 162.2743652421524 107
1739808736194 162.2097333329113 108
1739808736210 162.14512851995264 109
1739808736210 162.0805507916499 110
1739808736234 162.01600013638136 111
1739808736243 161.9514765425304 112
1739808736262 161.8869799984856 113
1739808736275 161.82251049264042 114
1739808736286 161.7580680133934 115
1739808736291 161.69365254914814 116
1739808736315 161.62926408831322 117
1739808736323 161.5649026193024 118
1739808736343 161.50056813053428 119
1739808736356 161.4362606104327 120
1739808736369 161.3719800474263 121
1739808736384 161.30772642994896 122
1739808736399 161.2434997464394 123
1739808736405 161.17929998534146 124
1739808736424 161.1151271351041 125
1739808736436 161.05098118418107 126
1739808736453 160.98686212103127 127
1739808736467 160.92276993411863 128
1739808736480 160.85870461191197 129
1739808736489 160.79466614288538 130
1739808736511 160.73065451551759 131
1739808736525 160.6666697182926 132
1739808736536 160.60271173969934 133
1739808736552 160.53878056823177 134
1739808736568 160.47487619238876 135
1739808736581 160.41099860067425 136
1739808736594 160.34714778159716 137
1739808736603 160.28332372367143 138
1739808736619 160.21952641541586 139
1739808736635 160.15575584535435 140
1739808736650 160.09201200201588 141
1739808736662 160.0282948739342 142
1739808736674 159.9646044496481 143
1739808736690 159.90094071770153 144
1739808736700 159.83730366664315 145
1739808736718 159.77369328502678 146
1739808736731 159.7101095614111 147
1739808736745 159.6465524843598 148
1739808736757 159.5830220424416 149
1739808736767 159.5195182242301 150
1739808736784 159.45604101830392 151
1739808736799 159.39259041324658 152
1739808736811 159.32916639764662 153
1739808736820 159.26576896009746 154
1739808736833 159.2023980891976 155
1739808736850 159.13905377355033 156
1739808736868 159.07573600176408 157
1739808736882 159.012444762452 158
1739808736894 158.9491800442324 159
1739808736911 158.8859418357284 160
1739808736925 158.82273012556814 161
1739808736933 158.75954490238462 162
1739808736952 158.69638615481585 163
1739808736967 158.63325387150473 164
1739808736995 158.5701480410991 165
1739808737001 158.5070686522518 166
1739808737021 158.44401569362043 167
1739808737033 158.38098915386772 168
1739808737051 158.31798902166116 169
1739808737067 158.25501528567324 170
1739808737078 158.1920679345814 171
1739808737084 158.1291469570679 172
1739808737106 158.06625234182002 173
1739808737120 158.00338407752992 174
1739808737134 157.94054215289458 175
1739808737147 157.87772655661598 176
1739808737160 157.81493727740104 177
1739808737174 157.7521743039615 178
1739808737186 157.68943762501408 179
1739808737200 157.62672722928033 180
1739808737218 157.56404310548675 181
1739808737234 157.50138524236465 182
1739808737247 157.43875362865032 183
1739808737251 157.376148253085 184
1739808737275 157.31356910441463 185
1739808737284 157.25101617139023 186
1739808737301 157.18848944276758 187
1739808737317 157.12598890730737 188
1739808737330 157.06351455377526 189
1739808737344 157.00106637094163 190
1739808737357 156.93864434758189 191
1739808737371 156.8762484724762 192
1739808737385 156.81387873440968 193
1739808737399 156.75153512217233 194
1739808737414 156.6892176245589 195
1739808737430 156.62692623036915 196
1739808737446 156.56466092840765 197
1739808737461 156.5024217074837 198
1739808737474 156.4402085564117 199
1739808737485 156.3780214640108 200
1739808737500 156.31586041910495 201
1739808737515 156.25372541052297 202
1739808737528 156.19161642709858 203
1739808737544 156.12953345767036 204
1739808737557 156.06747649108178 205
1739808737570 156.00544551618088 206
1739808737584 155.94344052182086 207
1739808737596 155.88146149685969 208
1739808737609 155.81950843016006 209
1739808737622 155.7575813105896 210
1739808737636 155.69568012702075 211
1739808737649 155.63380486833074 212
1739808737664 155.57195552340175 213
1739808737676 155.51013208112062 214
1739808737690 155.4483345303791 215
1739808737703 155.38656286007387 216
1739808737716 155.3248170591062 217
1739808737730 155.26309711638243 218
1739808737745 155.2014030208135 219
1739808737751 155.13973476131525 220
1739808737774 155.07809232680845 221
1739808737787 155.01647570621847 222
1739808737800 154.95488488847562 223
1739808737814 154.89331986251509 224
1739808737825 154.8317806172766 225
1739808737833 154.77026714170495 226
1739808737850 154.70877942474965 227
1739808737867 154.647317455365 228
1739808737881 154.58588122251007 229
1739808737883 154.52447071514877 230
1739808737908 154.46308592224972 231
1739808737916 154.40172683278644 232
1739808737936 154.34039343573724 233
1739808737950 154.27908572008508 234
1739808737964 154.21780367481784 235
1739808737979 154.15654728892812 236
1739808737992 154.09531655141328 237
1739808738005 154.03411145127552 238
1739808738018 153.97293197752185 239
1739808738032 153.9117781191639 240
1739808738038 153.85064986521817 241
1739808738051 153.78954720470597 242
1739808738072 153.72847012665326 243
1739808738085 153.6674186200909 244
1739808738098 153.6063926740544 245
1739808738100 153.5453922775841 246
1739808738126 153.48441741972505 247
1739808738141 153.42346808952712 248
1739808738151 153.36254427604487 249
1739808738168 153.30164596833765 250
1739808738182 153.24077315546958 251
1739808738195 153.17992582650945 252
1739808738200 153.11910397053086 253
1739808738217 153.05830757661212 254
1739808738236 152.99753663383635 255
1739808738250 152.93679113129136 256
1739808738265 152.87607105806967 257
1739808738267 152.81537640326857 258
1739808738291 152.7547071559901 259
1739808738304 152.69406330534102 260
1739808738317 152.63344484043282 261
1739808738330 152.57285175038166 262
1739808738344 152.51228402430854 263
1739808738357 152.4517416513391 264
1739808738370 152.39122462060368 265
1739808738384 152.33073292123734 266
1739808738397 152.2702665423801 267
1739808738412 152.20982547317635 268
1739808738426 152.14940970277533 269
1739808738431 152.089019220331 270
1739808738446 152.02865401500216 271
1739808738462 151.968314075952 272
1739808738475 151.90799939234876 273
1739808738478 151.8477099533651 274
1739808738502 151.78744574817858 275
1739808738510 151.72720676597137 276
1739808738529 151.66699299593031 277
1739808738545 151.60680442724708 278
1739808738557 151.54664104911785 279
1739808738570 151.4865028507436 280
1739808738586 151.42638982133005 281
1739808738600 151.36630195008746 282
1739808738612 151.30623922623084 283
1739808738627 151.24620163897998 284
1739808738634 151.18618917755919 285
1739808738656 151.12620183119753 286
1739808738670 151.06623958912877 287
1739808738683 151.00630244059133 288
1739808738697 150.9463903748283 289
1739808738701 150.8865033810874 290
1739808738718 150.82664144862107 291
1739808738735 150.76680456668643 292
1739808738753 150.70699272454522 293
1739808738766 150.6472059114638 294
1739808738779 150.58744411671333 295
1739808738786 150.5277073295695 296
1739808738804 150.46799553931268 297
1739808738818 150.40830873522802 298
1739808738833 150.3486469066051 299
1739808738834 150.28901004273834 300
1739808738850 150.22939813292666 301
1739808738874 150.1698111664738 302
1739808738887 150.110249132688 303
1739808738901 150.0507120208822 304
1739808738914 149.9911998203739 305
1739808738929 149.93171252048543 306
1739808738931 149.87225011054352 307
1739808738953 149.81281257987968 308
1739808738965 149.75339991783 309
1739808738980 149.69401211373523 310
1739808738994 149.63464915694078 311
1739808739010 149.5753110367966 312
1739808739010 149.5159977426573 313
1739808739035 149.45670926388215 314
1739808739042 149.3974455898349 315
1739808739061 149.33820670988416 316
1739808739074 149.27899261340292 317
1739808739086 149.2198032897689 318
1739808739090 149.16063872836443 319
1739808739113 149.10149891857645 320
1739808739127 149.04238384979647 321
1739808739141 148.9832935114206 322
1739808739153 148.92422789284961 323
1739808739169 148.86518698348885 324
1739808739169 148.80617077274823 325
1739808739195 148.74717925004225 326
1739808739200 148.68821240479016 327
1739808739221 148.6292702264156 328
1739808739234 148.5703527043469 329
1739808739248 148.5114598280169 330
1739808739264 148.45259158686326 331
1739808739276 148.3937479703279 332
1739808739280 148.3349289678576 333
1739808739304 148.2761345689035 334
1739808739312 148.21736476292148 335
1739808739330 148.15861953937193 336
1739808739344 148.0998988877199 337
1739808739357 148.04120279743475 338
1739808739360 147.9825312579908 339
1739808739375 147.92388425886665 340
1739808739391 147.86526178954557 341
1739808739411 147.80666383951535 342
1739808739423 147.74809039826843 343
1739808739438 147.68954145530176 344
1739808739452 147.63101700011677 345
1739808739464 147.57251702221964 346
1739808739472 147.51404151112092 347
1739808739492 147.45559045633576 348
1739808739502 147.39716384738392 349
1739808739518 147.33876167378966 350
1739808739518 147.28038392508188 351
1739808739545 147.22203059079385 352
1739808739549 147.16370166046352 353
1739808739572 147.10539712363328 354
1739808739581 147.04711696985024 355
1739808739596 146.98886118866588 356
1739808739612 146.9306297696362 357
1739808739626 146.8724227023219 358
1739808739642 146.81423997628804 359
1739808739654 146.7560815811043 360
1739808739659 146.6979475063449 361
1739808739680 146.63983774158848 362
1739808739691 146.58175227641834 363
1739808739709 146.52369110042224 364
1739808739721 146.4656542031924 365
1739808739738 146.4076415743257 366
1739808739738 146.34965320342334 367
1739808739763 146.2916890800913 368
1739808739770 146.2337491939398 369
1739808739790 146.17583353458366 370
1739808739801 146.11794209164236 371
1739808739817 146.06007485473967 372
1739808739817 146.00223181350398 373
1739808739844 145.94441295756818 374
1739808739849 145.8866182765696 375
1739808739871 145.82884776015007 376
1739808739881 145.77110139795607 377
1739808739899 145.71337917963837 378
1739808739913 145.65568109485233 379
1739808739925 145.5980071332578 380
1739808739931 145.54035728451908 381
1739808739953 145.482731538305 382
1739808739967 145.42512988428888 383
1739808739980 145.36755231214846 384
1739808739992 145.309998811566 385
1739808740008 145.25246937222832 386
1739808740008 145.1949639838265 387
1739808740023 145.13748263605632 388
1739808740039 145.08002531861794 389
1739808740060 145.02259202121596 390
1739808740072 144.9651827335595 391
1739808740086 144.9077974453621 392
1739808740088 144.85043614634182 393
1739808740112 144.79309882622115 394
1739808740120 144.735785474727 395
1739808740141 144.67849608159088 396
1739808740152 144.62123063654863 397
1739808740167 144.5639891293405 398
1739808740183 144.50677154971135 399
1739808740195 144.4495778874104 400
1739808740199 144.3924081321913 401
1739808740223 144.3352622738122 402
1739808740231 144.27814030203564 403
1739808740252 144.22104220662868 404
1739808740263 144.1639679773628 405
1739808740279 144.1069176040138 406
1739808740286 144.04989107636212 407
1739808740306 143.99288838419244 408
1739808740311 143.93590951729402 409
1739808740332 143.8789544654605 410
1739808740343 143.82202321848993 411
1739808740359 143.76511576618475 412
1739808740359 143.70823209835194 413
1739808740386 143.65137220480284 414
1739808740391 143.59453607535323 415
1739808740413 143.5377236998232 416
1739808740423 143.48093506803747 417
1739808740442 143.424170169825 418
1739808740454 143.36742899501928 419
1739808740454 143.3107115334581 420
1739808740470 143.25401777498365 421
1739808740495 143.19734770944274 422
1739808740502 143.14070132668635 423
1739808740522 143.08407861656997 424
1739808740534 143.02747956895348 425
1739808740550 142.97090417370123 426
1739808740550 142.9143524206818 427
1739808740576 142.85782429976828 428
1739808740582 142.8013198008382 429
1739808740604 142.74483891377335 430
1739808740617 142.68838162846004 431
1739808740630 142.63194793478888 432
1739808740630 142.57553782265495 433
1739808740657 142.51915128195762 434
1739808740662 142.4627883026007 435
1739808740687 142.40644887449238 436
1739808740700 142.35013298754524 437
1739808740715 142.29384063167618 438
1739808740728 142.23757179680652 439
1739808740741 142.181326472862 440
1739808740755 142.12510464977262 441
1739808740768 142.06890631747285 442
1739808740784 142.01273146590148 443
1739808740800 141.95658008500166 444
1739808740813 141.90045216472095 445
1739808740818 141.8443476950112 446
1739808740840 141.78826666582873 447
1739808740851 141.7322090671341 448
1739808740869 141.67617488889232 449
1739808740882 141.62016412107266 450
1739808740895 141.56417675364887 451
1739808740908 141.5082127765989 452
1739808740923 141.45227217990515 453
1739808740939 141.3963549535544 454
1739808740954 141.34046108753762 455
1739808740969 141.28459057185037 456
1739808740984 141.22874339649226 457
1739808740999 141.17291955146746 458
1739808741011 141.11711902678437 459
1739808741018 141.06134181245582 460
1739808741038 141.00558789849885 461
1739808741052 140.94985727493489 462
1739808741065 140.89414993178977 463
1739808741065 140.83846585909347 464
1739808741090 140.78280504688055 465
1739808741096 140.7271674851897 466
1739808741112 140.67155316406397 467
1739808741128 140.61596207355075 468
1739808741144 140.5603942037017 469
1739808741144 140.50484954457292 470
1739808741171 140.44932808622477 471
1739808741176 140.3938298187218 472
1739808741196 140.33835473213307 473
1739808741208 140.2829028165318 474
1739808741224 140.2274740619956 475
1739808741224 140.1720684586063 476
1739808741249 140.11668599645017 477
1739808741256 140.06132666561763 478
1739808741276 140.00599045620356 479
1739808741288 139.95067735830696 480
1739808741309 139.89538736203124 481
1739808741319 139.84012045748412 482
1739808741335 139.78487663477756 483
1739808741351 139.72965588402778 484
1739808741364 139.67445819535538 485
1739808741367 139.6192835588852 486
1739808741391 139.56413196474634 487
1739808741399 139.50900340307223 488
1739808741415 139.45389786400054 489
1739808741431 139.39881533767323 490
1739808741443 139.34375581423657 491
1739808741456 139.2887192838411 492
1739808741469 139.23370573664158 493
1739808741483 139.1787151627971 494
1739808741495 139.123747552471 495
1739808741508 139.06880289583083 496
1739808741521 139.01388118304857 497
1739808741534 138.95898240430026 498
1739808741547 138.90410654976637 499
