1739809084335 169.2519004690565 0
1739809084351 168.57855512502476 1
1739809084351 168.51277092565783 2
1739809084375 168.4458154757174 3
1739809084382 168.37889039093542 4
1739809084404 168.31199328324783 5
1739809084414 168.24512414537963 6
1739809084432 168.17828296535097 7
1739809084446 168.1114697311963 8
1739809084458 168.04468443095547 9
1739809084462 167.97792705267335 10
1739809084485 167.9111975844 11
1739809084494 167.84449601419067 12
1739809084511 167.77782233010583 13
1739809084527 167.71117652021113 14
1739809084540 167.64455857257732 15
1739809084556 167.5779684752804 16
1739809084568 167.51140621640147 17
1739809084574 167.44487178402682 18
1739809084594 167.37836516624787 19
1739809084606 167.31188635116135 20
1739809084628 167.2454353268689 21
1739809084638 167.17901208147748 22
1739809084656 167.1126166030992 23
1739809084670 167.04624887985133 24
1739809084682 166.97990889985616 25
1739809084686 166.91359665124133 26
1739809084709 166.84731212213939 27
1739809084717 166.7810553006882 28
1739809084737 166.71482617503077 29
1739809084749 166.64862473331513 30
1739809084766 166.58245096369453 31
1739809084766 166.51630485432733 32
1739809084790 166.45018639337704 33
1739809084798 166.38409556901223 34
1739809084818 166.31803236940675 35
1739809084830 166.25199678273935 36
1739809084846 166.1859887971941 37
1739809084846 166.1200084009601 38
1739809084878 166.0540555822316 39
1739809084892 165.98813032920793 40
1739809084904 165.92223263009348 41
1739809084909 165.85636247309796 42
1739809084930 165.79051984643596 43
1739809084941 165.72470473832726 44
1739809084957 165.65891713699685 45
1739809084964 165.59315703067458 46
1739809084982 165.5274244075957 47
1739809084990 165.46171925600024 48
1739809085011 165.39604156413358 49
1739809085020 165.33039132024615 50
1739809085038 165.2647685125933 51
1739809085052 165.19917312943568 52
1739809085064 165.13360515903884 53
1739809085071 165.06806458967364 54
1739809085091 165.00255140961576 55
1739809085106 164.93706560714622 56
1739809085118 164.8716071705509 57
1739809085132 164.80617608812085 58
1739809085143 164.74077234815226 59
1739809085148 164.67539593894622 60
1739809085170 164.61004684880905 61
1739809085180 164.54472506605208 62
1739809085198 164.47943057899164 63
1739809085212 164.41416337594927 64
1739809085224 164.34892344525144 65
1739809085228 164.28371077522968 66
1739809085250 164.21852535422065 67
1739809085260 164.15336717056604 68
1739809085278 164.08823621261254 69
1739809085294 164.023132468712 70
1739809085305 163.95805592722115 71
1739809085308 163.89300657650193 72
1739809085331 163.82798440492118 73
1739809085340 163.76298940085098 74
1739809085358 163.69802155266817 75
1739809085372 163.63308084875487 76
1739809085385 163.5681672774981 77
1739809085396 163.50328082728998 78
1739809085410 163.43842148652766 79
1739809085418 163.37358924361317 80
1739809085437 163.30878408695378 81
1739809085450 163.24400600496162 82
1739809085466 163.179254986054 83
1739809085466 163.11453101865305 84
1739809085492 163.04983409118603 85
1739809085497 162.98516419208528 86
1739809085519 162.92052130978797 87
1739809085529 162.85590543273648 88
1739809085549 162.79131654937808 89
1739809085563 162.72675464816496 90
1739809085574 162.66221971755456 91
1739809085576 162.5977117460091 92
1739809085600 162.53323072199595 93
1739809085608 162.4687766339873 94
1739809085627 162.4043494704605 95
1739809085639 162.33994921989776 96
1739809085652 162.2755758707865 97
1739809085655 162.2112294116188 98
1739809085680 162.14690983089207 99
1739809085692 162.0826171171084 100
1739809085709 162.0183512587751 101
1739809085719 161.95411224440429 102
1739809085735 161.88990006251316 103
1739809085735 161.82571470162378 104
1739809085761 161.76155615026335 105
1739809085767 161.69742439696395 106
1739809085789 161.63331943026256 107
1739809085799 161.5692412387013 108
1739809085817 161.505189810827 109
1739809085831 161.44116513519177 110
1739809085842 161.37716720035232 111
1739809085847 161.31319599487065 112
1739809085868 161.24925150731355 113
1739809085879 161.18533372625274 114
1739809085895 161.12144264026497 115
1739809085911 161.05757823793186 116
1739809085922 160.9937405078401 117
1739809085927 160.92992943858118 118
1739809085948 160.86614501875158 119
1739809085958 160.8023872369528 120
1739809085974 160.73865608179116 121
1739809085990 160.67495154187804 122
1739809086001 160.61127360582958 123
1739809086009 160.54762226226705 124
1739809086028 160.48399749981658 125
1739809086037 160.42039930710905 126
1739809086056 160.35682767278055 127
1739809086070 160.2932825854719 128
1739809086083 160.22976403382887 129
1739809086090 160.16627200650228 130
1739809086109 160.10280649214775 131
1739809086117 160.03936747942578 132
1739809086136 159.97595495700176 133
1739809086150 159.9125689135462 134
1739809086162 159.84920933773438 135
1739809086166 159.7858762182463 136
1739809086189 159.72256954376726 137
1739809086198 159.65928930298716 138
1739809086216 159.59603548460086 139
1739809086231 159.5328080773082 140
1739809086242 159.46960706981386 141
1739809086245 159.40643245082737 142
1739809086270 159.3432842090632 143
1739809086277 159.28016233324075 144
1739809086295 159.21706681208423 145
1739809086309 159.15399763432274 146
1739809086322 159.09095478869034 147
1739809086325 159.02793826392588 148
1739809086348 158.96494804877312 149
1739809086357 158.90198413198067 150
1739809086376 158.83904650230215 151
1739809086389 158.77613514849583 152
1739809086404 158.71325005932502 153
1739809086404 158.65039122355782 154
1739809086429 158.58755862996725 155
1739809086437 158.5247522673311 156
1739809086455 158.4619721244322 157
1739809086469 158.399218190058 158
1739809086485 158.33649045300095 159
1739809086485 158.27378890205836 160
1739809086509 158.21111352603236 161
1739809086517 158.14846431372987 162
1739809086538 158.08584125396285 163
1739809086549 158.02324433554784 164
1739809086565 157.96067354730644 165
1739809086565 157.89812887806502 166
1739809086590 157.83561031665474 167
1739809086596 157.77311785191165 168
1739809086617 157.71065147267663 169
1739809086628 157.64821116779544 170
1739809086644 157.58579692611858 171
1739809086644 157.5234087365014 172
1739809086669 157.46104658780413 173
1739809086676 157.39871046889175 174
1739809086697 157.33640036863414 175
1739809086708 157.27411627590598 176
1739809086724 157.21185817958676 177
1739809086724 157.14962606856074 178
1739809086750 157.08741993171702 179
1739809086758 157.02523975794963 180
1739809086777 156.9630855361572 181
1739809086788 156.90095725524336 182
1739809086804 156.83885490411637 183
1739809086804 156.7767784716895 184
1739809086830 156.71472794688063 185
1739809086836 156.65270331861254 186
1739809086857 156.59070457581274 187
1739809086868 156.52873170741367 188
1739809086883 156.46678470235247 189
1739809086899 156.404863549571 190
1739809086911 156.34296823801603 191
1739809086915 156.2810987566391 192
1739809086937 156.21925509439646 193
1739809086947 156.15743724024924 194
1739809086963 156.09564518316324 195
1739809086963 156.03387891210917 196
1739809086989 155.97213841606242 197
1739809086995 155.9104236840032 198
1739809087014 155.84873470491644 199
1739809087031 155.78707146779195 200
1739809087043 155.7254339616241 201
1739809087043 155.66382217541232 202
1739809087068 155.60223609816055 203
1739809087075 155.54067571887757 204
1739809087095 155.47914102657705 205
1739809087106 155.4176320102772 206
1739809087122 155.35614865900118 207
1739809087122 155.29469096177675 208
1739809087148 155.23325890763653 209
1739809087154 155.17185248561776 210
1739809087175 155.11047168476267 211
1739809087186 155.04911649411795 212
1739809087202 154.98778690273522 213
1739809087208 154.92648289967082 214
1739809087228 154.8652044739857 215
1739809087234 154.80395161474576 216
1739809087255 154.74272431102148 217
1739809087265 154.68152255188807 218
1739809087281 154.62034632642553 219
1739809087297 154.5591956237186 220
1739809087297 154.49807043285674 221
1739809087315 154.43697074293405 222
1739809087335 154.3758965430495 223
1739809087345 154.31484782230663 224
1739809087363 154.25382456981382 225
1739809087377 154.19282677468405 226
1739809087390 154.13185442603515 227
1739809087393 154.07090751298958 228
1739809087416 154.00998602467448 229
1739809087424 153.94908995022178 230
1739809087442 153.88821927876808 231
1739809087458 153.82737399945466 232
1739809087472 153.76655410142754 233
1739809087472 153.70575957383747 234
1739809087497 153.64499040583976 235
1739809087504 153.5842465865946 236
1739809087524 153.52352810526673 237
1739809087536 153.4628349510257 238
1739809087553 153.40216711304558 239
1739809087565 153.34152458050534 240
1739809087577 153.2809073425885 241
1739809087582 153.22031538848327 242
1739809087604 153.15974870738262 243
1739809087614 153.09920728848405 244
1739809087631 153.03869112098994 245
1739809087647 152.97820019410722 246
1739809087662 152.91773449704746 247
1739809087662 152.857294019027 248
1739809087687 152.79687874926682 249
1739809087700 152.7364886769925 250
1739809087711 152.67612379143443 251
1739809087731 152.6157840818275 252
1739809087744 152.55546953741137 253
1739809087752 152.49518014743032 254
1739809087768 152.43491590113325 255
1739809087775 152.3746767877738 256
1739809087797 152.31446279661023 257
1739809087807 152.2542739169054 258
1739809087825 152.19411013792697 259
1739809087839 152.13397144894694 260
1739809087851 152.0738578392424 261
1739809087859 152.01376929809467 262
1739809087880 151.95370581478988 263
1739809087886 151.89366737861891 264
1739809087909 151.83365397887707 265
1739809087918 151.77366560486442 266
1739809087936 151.7137022458857 267
1739809087950 151.65376389125015 268
1739809087963 151.59385053027168 269
1739809087966 151.53396215226894 270
1739809087988 151.47409874656506 271
1739809087997 151.4142603024879 272
1739809088015 151.35444680936976 273
1739809088029 151.29465825654788 274
1739809088041 151.23489463336378 275
1739809088045 151.17515592916382 276
1739809088068 151.11544213329887 277
1739809088077 151.05575323512446 278
1739809088096 150.9960892240007 279
1739809088108 150.93645008929232 280
1739809088124 150.8768358203686 281
1739809088124 150.8172464066035 282
1739809088149 150.75768183737557 283
1739809088156 150.69814210206792 284
1739809088175 150.63862719006835 285
1739809088188 150.57913709076905 286
1739809088204 150.51967179356703 287
1739809088204 150.4602312878638 288
1739809088229 150.4008155630654 289
1739809088237 150.3414246085826 290
1739809088259 150.2820584138306 291
1739809088268 150.22271696822926 292
1739809088287 150.16340026120304 293
1739809088300 150.10410828218093 294
1739809088316 150.04484102059652 295
1739809088316 149.985598465888 296
1739809088332 149.9263806074981 297
1739809088348 149.86718743487404 298
1739809088368 149.80801893746784 299
1739809088380 149.74887510473587 300
1739809088396 149.68975592613916 301
1739809088396 149.6306613911432 302
1739809088422 149.57159148921824 303
1739809088427 149.51254620983892 304
1739809088448 149.4535255424845 305
1739809088462 149.39452947663875 306
1739809088475 149.3355580017901 307
1739809088475 149.2766111074314 308
1739809088503 149.21768878306008 309
1739809088507 149.15879101817825 310
1739809088531 149.09991780229237 311
1739809088541 149.04106912491355 312
1739809088554 148.98224497555748 313
1739809088572 148.92344534374428 314
1739809088586 148.8646702189986 315
1739809088586 148.80591959084984 316
1739809088611 148.7471934488317 317
1739809088618 148.68849178248246 318
1739809088638 148.62981458134502 319
1739809088650 148.5711618349667 320
1739809088665 148.5125335328994 321
1739809088665 148.45392966469956 322
1739809088681 148.3953502199281 323
1739809088697 148.33679518815052 324
1739809088716 148.27826455893674 325
1739809088729 148.21975832186132 326
1739809088742 148.16127646650318 327
1739809088758 148.10281898244585 328
1739809088770 148.0443858592774 329
1739809088777 147.98597708659037 330
1739809088797 147.92759265398175 331
1739809088809 147.86923255105307 332
1739809088825 147.81089676741047 333
1739809088825 147.7525852926644 334
1739809088852 147.69429811642996 335
1739809088856 147.63603522832668 336
1739809088877 147.57779661797855 337
1739809088890 147.51958227501413 338
1739809088906 147.46139218906643 339
1739809088920 147.40322634977298 340
1739809088932 147.3450847467757 341
1739809088936 147.28696736972114 342
1739809088967 147.22887420826018 343
1739809088967 147.17080525204832 344
1739809088991 147.11276049074544 345
1739809088999 147.05473991401593 346
1739809089019 146.99674351152865 347
1739809089031 146.93877127295696 348
1739809089047 146.88082318797868 349
1739809089047 146.82289924627602 350
1739809089073 146.76499943753578 351
1739809089078 146.70712375144913 352
1739809089100 146.6492721777118 353
1739809089111 146.59144470602388 354
1739809089126 146.53364132608993 355
1739809089142 146.47586202761903 356
1739809089153 146.41810680032475 357
1739809089158 146.3603756339249 358
1739809089181 146.30266851814196 359
1739809089190 146.24498544270278 360
1739809089205 146.1873263973387 361
1739809089224 146.12969137178538 362
1739809089237 146.0720803557831 363
1739809089243 146.0144933390764 364
1739809089263 145.95693031141448 365
1739809089270 145.89939126255072 366
1739809089290 145.84187618224314 367
1739809089301 145.78438506025407 368
1739809089317 145.72691788635038 369
1739809089333 145.66947465030321 370
1739809089344 145.61205534188835 371
1739809089361 145.5546599508858 372
1739809089372 145.49728846708007 373
1739809089381 145.43994088026022 374
1739809089399 145.38261718021946 375
1739809089413 145.32531735675562 376
1739809089427 145.26804139967098 377
1739809089429 145.210789298772 378
1739809089453 145.1535610438698 379
1739809089461 145.09635662477976 380
1739809089480 145.03917603132174 381
1739809089493 144.98201925332 382
1739809089506 144.9248862806032 383
1739809089509 144.86777710300436 384
1739809089532 144.81069171036094 385
1739809089541 144.75363009251478 386
1739809089557 144.69659223931217 387
1739809089573 144.63957814060373 388
1739809089584 144.58258778624446 389
1739809089592 144.5256211660939 390
1739809089611 144.46867827001574 391
1739809089621 144.4117590878783 392
1739809089639 144.35486360955412 393
1739809089653 144.2979918249201 394
1739809089665 144.24114372385773 395
1739809089669 144.18431929625268 396
1739809089692 144.12751853199504 397
1739809089701 144.07074142097937 398
1739809089720 144.01398795310448 399
1739809089735 143.95725811827367 400
1739809089749 143.90055190639447 401
1739809089759 143.8438693073789 402
1739809089773 143.78721031114327 403
1739809089780 143.73057490760837 404
1739809089801 143.67396308669916 405
1739809089813 143.6173748383451 406
1739809089827 143.56081015248006 407
1739809089827 143.5042690190421 408
1739809089853 143.44775142797377 409
1739809089859 143.39125736922188 410
1739809089878 143.33478683273765 411
1739809089891 143.2783398084767 412
1739809089906 143.2219162863988 413
1739809089906 143.16551625646832 414
1739809089933 143.1091397086538 415
1739809089945 143.0527866329282 416
1739809089956 142.99645701926875 417
1739809089969 142.94015085765707 418
1739809089983 142.8838681380792 419
1739809089994 142.82760885052528 420
1739809090010 142.77137298499 421
1739809090017 142.7151605314723 422
1739809090037 142.6589714799755 423
1739809090049 142.60280582050711 424
1739809090066 142.5466635430791 425
1739809090081 142.4905446377077 426
1739809090081 142.4344490944135 427
1739809090098 142.37837690322138 428
1739809090117 142.32232805416055 429
1739809090129 142.26630253726452 430
1739809090145 142.21030034257117 431
1739809090145 142.15432146012256 432
1739809090171 142.0983658799652 433
1739809090177 142.04243359214985 434
1739809090198 141.98652458673158 435
1739809090209 141.93063885376975 436
1739809090225 141.87477638332805 437
1739809090241 141.81893716547444 438
1739809090252 141.76312119028125 439
1739809090260 141.70732844782495 440
1739809090280 141.6515589281865 441
1739809090289 141.595812621451 442
1739809090307 141.54008951770794 443
1739809090327 141.48438960705104 444
1739809090337 141.42871287957826 445
1739809090353 141.37305932539206 446
1739809090368 141.31742893459892 447
1739809090368 141.26182169730973 448
1739809090387 141.20623760363966 449
1739809090401 141.15067664370818 450
1739809090416 141.095138807639 451
1739809090432 141.03962408556004 452
1739809090449 140.98413246760356 453
1739809090465 140.92866394390617 454
1739809090465 140.8732185046086 455
1739809090480 140.81779613985591 456
1739809090497 140.76239683979747 457
1739809090513 140.70702059458682 458
1739809090529 140.65166739438183 459
1739809090545 140.59633722934467 460
1739809090561 140.5410300896416 461
1739809090561 140.48574596544333 462
1739809090577 140.43048484692474 463
1739809090593 140.37524672426485 464
1739809090609 140.32003158764718 465
1739809090625 140.2648394272593 466
1739809090641 140.20967023329305 467
1739809090641 140.15452399594463 468
1739809090657 140.0994007054143 469
1739809090673 140.04430035190668 470
1739809090689 139.9892229256307 471
1739809090705 139.9341684167994 472
1739809090721 139.87913681563003 473
1739809090721 139.8241281123442 474
1739809090737 139.7691422971677 475
1739809090753 139.71417936033046 476
1739809090769 139.65923929206681 477
1739809090785 139.60432208261514 478
1739809090801 139.54942772221816 479
1739809090801 139.49455620112278 480
1739809090817 139.43970750958016 481
1739809090833 139.38488163784558 482
1739809090849 139.33007857617866 483
1739809090865 139.27529831484318 484
1739809090881 139.22054084410712 485
1739809090881 139.16580615424263 486
1739809090897 139.1110942355262 487
1739809090913 139.05640507823844 488
1739809090929 139.00173867266415 489
1739809090945 138.94709500909232 490
1739809090945 138.89247407781627 491
1739809090961 138.83787586913343 492
1739809090977 138.78330037334536 493
1739809090992 138.72874758075793 494
1739809091008 138.67421748168115 495
1739809091024 138.61971006642926 496
1739809091040 138.56522532532065 497
1739809091040 138.51076324867793 498
1739809091056 138.45632382682786 499
