1739809045776 158.03961213209612 0
1739809045792 151.8178930211229 1
1739809045807 151.33772978372374 2
1739809045823 150.7474276063835 3
1739809045839 150.16176414295444 4
1739809045857 149.5784568983972 5
1739809045871 148.9975407831675 6
1739809045871 148.419004872282 7
1739809045887 147.8428391918458 8
1739809045903 147.26903379245957 9
1739809045919 146.69757876738248 10
1739809045935 146.1284642519885 11
1739809045951 145.56168042359286 12
1739809045967 144.99721750127264 13
1739809045967 144.43506574568775 14
1739809045983 143.87521545890323 15
1739809045999 143.31765698421182 16
1739809046014 142.76238070595775 17
1739809046033 142.20937704936074 18
1739809046047 141.65863648034122 19
1739809046060 141.11014950534624 20
1739809046077 140.56390667117586 21
1739809046093 140.01989856481043 22
1739809046093 139.47811581323884 23
1739809046110 138.93854908328714 24
1739809046125 138.40118908144805 25
1739809046141 137.86602655371132 26
1739809046157 137.33305228539461 27
1739809046173 136.8022571009752 28
1739809046196 136.27363186392245 29
1739809046213 135.74716747653105 30
1739809046229 135.22285487975464 31
1739809046244 134.7006850530406 32
1739809046251 134.1806490141652 33
1739809046267 133.66273781906975 34
1739809046267 133.14694256169713 35
1739809046283 132.6332543738293 36
1739809046300 132.12166442492534 37
1739809046315 131.6121639219603 38
1739809046331 131.10474410926463 39
1739809046346 130.5993962683644 40
1739809046346 130.09611171782208 41
1739809046363 129.59488181307825 42
1739809046378 129.09569794629363 43
1739809046394 128.59855154619214 44
1739809046410 128.10343407790435 45
1739809046426 127.61033704281184 46
1739809046426 127.11925197839201 47
1739809046442 126.6301704580638 48
1739809046458 126.14308409103386 49
1739809046473 125.65798452214332 50
1739809046489 125.17486343171565 51
1739809046505 124.6937125354046 52
1739809046505 124.21452358404329 53
1739809046521 123.73728836349356 54
1739809046537 123.26199869449619 55
1739809046553 122.78864643252179 56
1739809046569 122.31722346762213 57
1739809046585 121.84772172428228 58
1739809046585 121.38013316127333 59
1739809046601 120.91444977150577 60
1739809046616 120.45066358188343 61
1739809046632 119.9887666531581 62
1739809046648 119.5287510797848 63
1739809046664 119.07060898977751 64
1739809046664 118.61433254456595 65
1739809046680 118.15991393885226 66
1739809046701 117.70734540046901 67
1739809046711 117.2566191902374 68
1739809046727 116.8077276018262 69
1739809046743 116.36066296161134 70
1739809046759 115.91541762853586 71
1739809046775 115.47198399397085 72
1739809046791 115.03035448157671 73
1739809046791 114.59052154716503 74
1739809046807 114.15247767856113 75
1739809046823 113.71621539546724 76
1739809046839 113.2817272493261 77
1739809046855 112.84900582318528 78
1739809046871 112.41804373156207 79
1739809046887 111.98883362030888 80
1739809046893 111.5613681664793 81
1739809046910 111.13564007819467 82
1739809046931 110.71164209451129 83
1739809046946 110.28936698528807 84
1739809046949 109.86880755105494 85
1739809046965 109.44995662288173 86
1739809046983 109.03280706224744 87
1739809046997 108.61735176091047 88
1739809047013 108.20358364077899 89
1739809047029 107.79149565378218 90
1739809047044 107.38108078174172 91
1739809047061 106.97233203624425 92
1739809047064 106.56524245851395 93
1739809047077 106.15980511928588 94
1739809047093 105.75601311867983 95
1739809047109 105.3538595860748 96
1739809047124 104.95333767998385 97
1739809047140 104.55444058792952 98
1739809047156 104.15716152632 99
1739809047172 103.76149374032553 100
1739809047172 103.36743050375543 101
1739809047188 102.97496511893591 102
1739809047204 102.58409091658794 103
1739809047220 102.19480125570604 104
1739809047236 101.8070895234374 105
1739809047236 101.42094913496157 106
1739809047252 101.03637353337066 107
1739809047270 100.65335618954997 108
1739809047284 100.27189060205943 109
1739809047299 99.89197029701506 110
1739809047315 99.51358882797143 111
1739809047331 99.13673977580427 112
1739809047331 98.76141674859385 113
1739809047351 98.38761338150853 114
1739809047362 98.01532333668922 115
1739809047378 97.64454030313406 116
1739809047394 97.27525799658352 117
1739809047410 96.90747015940643 118
1739809047426 96.54117056048585 119
1739809047432 96.17635299510609 120
1739809047458 95.81301128483973 121
1739809047474 95.45113927743532 122
1739809047490 95.09073084670565 123
1739809047505 94.73177989241621 124
1739809047521 94.37428034017451 125
1739809047537 94.0182261413196 126
1739809047553 93.66361127281206 127
1739809047569 93.31042973712464 128
1739809047584 92.95867556213322 129
1739809047600 92.60834280100845 130
1739809047616 92.25942553210737 131
1739809047632 91.9119178588661 132
1739809047650 91.56581390969266 133
1739809047664 91.22110783786019 134
1739809047679 90.87779382140089 135
1739809047695 90.5358660630001 136
1739809047711 90.19531878989116 137
1739809047733 89.85614625375042 138
1739809047749 89.51834273059298 139
1739809047764 89.18190252066854 140
1739809047776 88.84681994835816 141
1739809047792 88.51308936207091 142
1739809047801 88.18070513414153 143
1739809047810 87.84966166072802 144
1739809047825 87.51995336170997 145
1739809047841 87.19157468058737 146
1739809047857 86.86452008437955 147
1739809047867 86.5387840635249 148
1739809047876 86.21436113178076 149
1739809047895 85.89124582612389 150
1739809047904 85.5694327066513 151
1739809047920 85.24891635648156 152
1739809047920 84.92969138165647 153
1739809047936 84.61175241104311 154
1739809047952 84.29509409623657 155
1739809047973 83.97971111146268 156
1739809047984 83.66559815348158 157
1739809048001 83.35274994149135 158
1739809048001 83.04116121703231 159
1739809048027 82.73082674389161 160
1739809048032 82.42174130800824 161
1739809048054 82.11389971737843 162
1739809048071 81.80729680196156 163
1739809048087 81.50192741358636 164
1739809048096 81.1977864258575 165
1739809048111 80.89486873406268 166
1739809048111 80.59316925508016 167
1739809048137 80.29268292728631 168
1739809048143 79.99340471046422 169
1739809048163 79.69532958571207 170
1739809048175 79.39845255535218 171
1739809048191 79.1027686428405 172
1739809048191 78.80827289267631 173
1739809048216 78.51496037031252 174
1739809048230 78.2228261620661 175
1739809048244 77.93186537502912 176
1739809048255 77.64207313698007 177
1739809048271 77.3534445962956 178
1739809048271 77.0659749218625 179
1739809048296 76.77965930299034 180
1739809048303 76.49449294932413 181
1739809048320 76.21047109075771 182
1739809048320 75.9275889773472 183
1739809048346 75.64584187922506 184
1739809048350 75.36522508651439 185
1739809048371 75.08573390924359 186
1739809048382 74.80736367726145 187
1739809048398 74.53010974015258 188
1739809048403 74.25396746715327 189
1739809048423 73.9789322470675 190
1739809048437 73.7049994881835 191
1739809048449 73.43216461819071 192
1739809048460 73.16042308409692 193
1739809048476 72.88977035214579 194
1739809048476 72.62020190773498 195
1739809048501 72.35171325533422 196
1739809048508 72.08429991840413 197
1739809048528 71.81795743931498 198
1739809048541 71.55268137926629 199
1739809048554 71.28846731820629 200
1739809048567 71.02531085475209 201
1739809048573 70.76320760610993 202
1739809048589 70.50215320799595 203
1739809048609 70.24214331455724 204
1739809048621 69.9831735982932 205
1739809048636 69.72523974997729 206
1739809048636 69.46833747857906 207
1739809048662 69.21246251118653 208
1739809048675 68.95761059292893 209
1739809048688 68.70377748689982 210
1739809048701 68.45095897408036 211
1739809048716 68.19915085326312 212
1739809048716 67.94834894097605 213
1739809048741 67.69854907140686 214
1739809048748 67.44974709632783 215
1739809048769 67.2019388850206 216
1739809048780 66.9551203242017 217
1739809048796 66.70928731794812 218
1739809048796 66.46443578762332 219
1739809048822 66.22056167180345 220
1739809048828 65.97766092620404 221
1739809048844 65.73572952360689 222
1739809048860 65.4947634537873 223
1739809048876 65.25475872344161 224
1739809048889 65.01571135611509 225
1739809048892 64.77761739213007 226
1739809048908 64.54047288851444 227
1739809048924 64.30427391893039 228
1739809048945 64.06901657360359 229
1739809048956 63.83469695925242 230
1739809048972 63.60131119901789 231
1739809048972 63.36885543239341 232
1739809048997 63.1373258151552 233
1739809049004 62.9067185192929 234
1739809049023 62.67702973294037 235
1739809049035 62.44825566030698 236
1739809049050 62.22039252160901 237
1739809049055 61.993436553001466 238
1739809049066 61.76738400651016 239
1739809049082 61.542231149964024 240
1739809049098 61.317974266927806 241
1739809049116 61.09460965663496 242
1739809049129 60.872133633920924 243
1739809049136 60.65054252915657 244
1739809049145 60.42983268818208 245
1739809049161 60.21000047224094 246
1739809049177 59.99104225791436 247
1739809049193 59.77295443705591 248
1739809049209 59.555733416726376 249
1739809049215 59.339375619129086 250
1739809049227 59.12387748154528 251
1739809049243 58.90923545626995 252
1739809049257 58.695446010547776 253
1739809049273 58.48250562650953 254
1739809049289 58.27041080110859 255
1739809049295 58.05915804605783 256
1739809049305 57.8487438877667 257
1739809049321 57.639164867278666 258
1739809049337 57.4304175402088 259
1739809049353 57.22249847668181 260
1739809049369 57.015404261270085 261
1739809049381 56.80913149293233 262
1739809049385 56.603676784952135 263
1739809049400 56.399036764877025 264
1739809049421 56.195208074457696 265
1739809049432 55.99218736958752 266
1739809049448 55.789971320242316 267
1739809049464 55.58855661042034 268
1739809049464 55.387939938082624 269
1739809049484 55.18811801509342 270
1739809049496 54.989087567161086 271
1739809049512 54.79084533377907 272
1739809049528 54.593388068167194 273
1739809049544 54.3967125372133 274
1739809049544 54.20081552141489 275
1739809049561 54.00569381482132 276
1739809049575 53.81134422497599 277
1739809049591 53.61776357285897 278
1739809049607 53.4249486928297 279
1739809049623 53.23289643257011 280
1739809049623 53.04160365302782 281
1739809049647 52.85106722835976 282
1739809049654 52.661284045875796 283
1739809049670 52.47225100598286 284
1739809049686 52.28396502212909 285
1739809049699 52.096423020748425 286
1739809049702 51.90962194120521 287
1739809049718 51.72355873573923 288
1739809049734 51.53823036941087 289
1739809049751 51.35363382004653 290
1739809049766 51.16976607818433 291
1739809049772 50.986624147019974 292
1739809049782 50.80420504235285 293
1739809049798 50.62250579253241 294
1739809049814 50.44152343840481 295
1739809049832 50.261255033259644 296
1739809049845 50.08169764277697 297
1739809049851 49.902848344974714 298
1739809049861 49.72470423015594 299
1739809049877 49.54726240085688 300
1739809049893 49.37051997179454 301
1739809049909 49.19447406981512 302
1739809049909 49.01912183384226 303
1739809049932 48.84446041482572 304
1739809049949 48.67048697569017 305
1739809049957 48.49719869128428 306
1739809049973 48.324592748329955 307
1739809049989 48.15266634537179 308
1739809049989 47.981416692726846 309
1739809050015 47.81084101243451 310
1739809050021 47.640936538206624 311
1739809050037 47.47170051537788 312
1739809050053 47.3031302008563 313
1739809050069 47.13522286307406 314
1739809050069 46.967975781938456 315
1739809050088 46.80138624878308 316
1739809050100 46.635451566319205 317
1739809050116 46.47016904858746 318
1739809050132 46.30553602090955 319
1739809050148 46.14154981984032 320
1739809050148 45.978207793120006 321
1739809050168 45.815507299626596 322
1739809050185 45.653445709328544 323
1739809050200 45.4920204032375 324
1739809050211 45.33122877336148 325
1739809050226 45.17106822265797 326
1739809050243 45.011536164987476 327
1739809050261 44.852630025067086 328
1739809050261 44.69434723842433 329
1739809050279 44.53668525135122 330
1739809050293 44.37964152085852 331
1739809050307 44.22321351463005 332
1739809050323 44.06739871097743 333
1739809050339 43.91219459879486 334
1739809050339 43.75759867751412 335
1739809050364 43.603608457059735 336
1739809050371 43.450221457804446 337
1739809050387 43.297435210524746 338
1739809050404 43.145247256356654 339
1739809050418 42.993655146751685 340
1739809050427 42.84265644343301 341
1739809050436 42.69224871835179 342
1739809050450 42.5424295536437 343
1739809050466 42.39319654158564 344
1739809050482 42.24454728455265 345
1739809050488 42.096479394974956 346
1739809050497 41.948990495295284 347
1739809050515 41.80207821792627 348
1739809050529 41.655740205208126 349
1739809050550 41.50997410936638 350
1739809050561 41.36477759246996 351
1739809050577 41.22014832638934 352
1739809050591 41.07608399275482 353
1739809050603 40.93258228291518 354
1739809050617 40.789640897896255 355
1739809050630 40.64725754835997 356
1739809050640 40.50542995456321 357
1739809050656 40.36415584631725 358
1739809050656 40.22343296294702 359
1739809050681 40.083259053250764 360
1739809050689 39.94363187545975 361
1739809050704 39.80454919719825 362
1739809050720 39.66600879544359 363
1739809050736 39.52800845648646 364
1739809050736 39.39054597589132 365
1739809050759 39.25361915845702 366
1739809050767 39.11722581817761 367
1739809050792 38.981363778203225 368
1739809050799 38.84603087080127 369
1739809050815 38.71122493731762 370
1739809050831 38.57694382813811 371
1739809050847 38.4431854026502 372
1739809050847 38.30994752920462 373
1739809050865 38.177228085077374 374
1739809050879 38.04502495643191 375
1739809050898 37.91333603828125 376
1739809050910 37.78215923445053 377
1739809050926 37.65149245753949 378
1739809050926 37.52133362888527 379
1739809050944 37.391680678525354 380
1739809050958 37.26253154516053 381
1739809050974 37.13388417611818 382
1739809050990 37.005736527315634 383
1739809050995 36.87808656322377 384
1739809051006 36.75093225683059 385
1739809051022 36.62427158960513 386
1739809051037 36.498102551461464 387
1739809051053 36.372423140722894 388
1739809051053 36.24723136408613 389
1739809051072 36.12252523658589 390
1739809051085 35.99830278155944 391
1739809051101 35.87456203061137 392
1739809051117 35.75130102357851 393
1739809051133 35.628517808495026 394
1739809051133 35.506210441557556 395
1739809051151 35.38437698709063 396
1739809051164 35.26301551751221 397
1739809051180 35.14212411329927 398
1739809051196 35.02170086295365 399
1739809051203 34.90174386296798 400
1739809051213 34.78225121779184 401
1739809051229 34.663221039797904 402
1739809051244 34.544651449248406 403
1739809051262 34.42654057426163 404
1739809051276 34.30888655077858 405
1739809051282 34.191687522529854 406
1739809051292 34.074941641002496 407
1739809051315 33.95864706540719 408
1739809051324 33.84280196264546 409
1739809051340 33.72740450727704 410
1739809051356 33.612452881487414 411
1739809051362 33.497945275055464 412
1739809051383 33.383879885321264 413
1739809051390 33.27025491715402 414
1739809051404 33.15706858292011 415
1739809051420 33.04431910245136 416
1739809051436 32.9320047030133 417
1739809051443 32.820123619273716 418
1739809051452 32.70867409327122 419
1739809051468 32.59765437438401 420
1739809051484 32.487062719298734 421
1739809051502 32.37689739197956 422
1739809051515 32.26715666363725 423
1739809051531 32.15783881269847 424
1739809051531 32.0489421247752 425
1739809051549 31.94046489263429 426
1739809051563 31.832405416167084 427
1739809051579 31.724762002359277 428
1739809051595 31.61753296526079 429
1739809051601 31.510716625955872 430
1739809051611 31.404311312533252 431
1739809051627 31.298315360056474 432
1739809051643 31.19272711053432 433
1739809051659 31.087544912891396 434
1739809051675 30.982767122938796 435
1739809051680 30.878392103344954 436
1739809051691 30.77441822360654 437
1739809051716 30.670843860019573 438
1739809051722 30.567667395650577 439
1739809051738 30.46488722030792 440
1739809051754 30.362501730513223 441
1739809051770 30.260509329472924 442
1739809051781 30.158908427049965 443
1739809051789 30.057697439735605 444
1739809051802 29.9568747906213 445
1739809051818 29.85643890937077 446
1739809051834 29.75638823219217 447
1739809051840 29.65672120181033 448
1739809051850 29.5574362674392 449
1739809051865 29.45853188475432 450
1739809051881 29.360006515865475 451
1739809051898 29.26185862928945 452
1739809051898 29.16408669992288 453
1739809051918 29.066689209015248 454
1739809051929 28.969664644141943 455
1739809051945 28.87301149917754 456
1739809051960 28.776728274269054 457
1739809051976 28.680813475809437 458
1739809051992 28.585265616411085 459
1739809051998 28.490083214879537 460
1739809052008 28.39526479618726 461
1739809052026 28.300808891447495 462
1739809052040 28.206714037888318 463
1739809052055 28.1129787788267 464
1739809052071 28.019601663642764 465
1739809052078 27.926581247754115 466
1739809052087 27.833916092590275 467
1739809052103 27.741604765567224 468
1739809052119 27.64964584006211 469
1739809052138 27.55803789538795 470
1739809052156 27.46677951676858 471
1739809052167 27.37586929531358 472
1739809052183 27.285305827993387 473
1739809052199 27.19508771761452 474
1739809052199 27.105213572794835 475
1739809052215 27.01568200793895 476
1739809052231 26.926491643213797 477
1739809052247 26.837641104524202 478
1739809052262 26.749129023488596 479
1739809052278 26.660954037414893 480
1739809052294 26.573114789276367 481
1739809052294 26.485609927687726 482
1739809052310 26.39843810688121 483
1739809052326 26.311597986682855 484
1739809052342 26.22508823248882 485
1739809052358 26.138907515241836 486
1739809052374 26.05305451140773 487
1739809052374 25.967527902952064 488
1739809052390 25.882326377316915 489
1739809052406 25.79744862739765 490
1739809052422 25.712893351519917 491
1739809052437 25.62865925341666 492
1739809052453 25.544745042205236 493
1739809052453 25.461149432364685 494
1739809052469 25.377871143713026 495
1739809052485 25.29490890138469 496
1739809052502 25.21226143580808 497
1739809052517 25.129927482683136 498
1739809052517 25.047905782959045 499
