1739809095187 171.08868384684476 0
1739809095203 171.0205389940768 1
1739809095203 171.0137402115758 2
1739809095218 171.00692959771789 3
1739809095234 171.0001192716014 4
1739809095250 170.99330923081803 5
1739809095266 170.9864994753561 6
1739809095282 170.97969000520337 7
1739809095298 170.9728808203475 8
1739809095313 170.9660719207764 9
1739809095313 170.95926330647768 10
1739809095329 170.9524549774393 11
1739809095345 170.94564693364882 12
1739809095361 170.93883917509416 13
1739809095377 170.932031701763 14
1739809095392 170.92522451364317 15
1739809095408 170.91841761072243 16
1739809095424 170.91161099298853 17
1739809095424 170.9048046604292 18
1739809095440 170.89799861303229 19
1739809095456 170.89119285078553 20
1739809095475 170.8843873736767 21
1739809095490 170.87758218169358 22
1739809095504 170.87077727482392 23
1739809095520 170.86397265305555 24
1739809095535 170.85716831637615 25
1739809095551 170.85036426477362 26
1739809095567 170.8435604982356 27
1739809095569 170.83675701674994 28
1739809095587 170.8299538203044 29
1739809095600 170.8231509088868 30
1739809095616 170.81634828248488 31
1739809095631 170.80954594108638 32
1739809095647 170.80274388467916 33
1739809095663 170.7959421132509 34
1739809095679 170.7891406267895 35
1739809095679 170.78233942528263 36
1739809095695 170.77553850871814 37
1739809095711 170.76873787708377 38
1739809095727 170.76193753036733 39
1739809095743 170.7551374685566 40
1739809095759 170.74833769163936 41
1739809095776 170.74153819960338 42
1739809095780 170.73473899243643 43
1739809095791 170.72794007012635 44
1739809095807 170.72114143266091 45
1739809095823 170.71434308002785 46
1739809095839 170.707545012215 47
1739809095855 170.7007472292101 48
1739809095855 170.693949731001 49
1739809095871 170.6871525175754 50
1739809095887 170.68035558892123 51
1739809095903 170.67355894502614 52
1739809095919 170.666762585878 53
1739809095919 170.65996651146452 54
1739809095935 170.6531707217736 55
1739809095951 170.6463752167929 56
1739809095967 170.63957999651032 57
1739809095983 170.63278506091365 58
1739809095998 170.62599040999058 59
1739809096014 170.619196043729 60
1739809096014 170.61240196211668 61
1739809096030 170.60560816514146 62
1739809096046 170.598814652791 63
1739809096062 170.59202142505322 64
1739809096078 170.58522848191583 65
1739809096094 170.5784358233667 66
1739809096109 170.57164344939363 67
1739809096109 170.56485135998435 68
1739809096125 170.55805955512668 69
1739809096141 170.55126803480843 70
1739809096157 170.5444767990174 71
1739809096173 170.5376858477414 72
1739809096189 170.5308951809682 73
1739809096205 170.5241047986856 74
1739809096205 170.51731470088146 75
1739809096221 170.5105248875435 76
1739809096237 170.50373535865958 77
1739809096253 170.49694611421748 78
1739809096269 170.490157154205 79
1739809096286 170.48336847860998 80
1739809096307 170.4765800874202 81
1739809096333 170.46979198062337 82
1739809096354 170.4630041582075 83
1739809096374 170.4562166201602 84
1739809096390 170.4494293664694 85
1739809096398 170.44264239712282 86
1739809096409 170.43585571210832 87
1739809096426 170.4290693114137 88
1739809096441 170.42228319502678 89
1739809096457 170.41549736293533 90
1739809096457 170.40871181512722 91
1739809096485 170.40192655159018 92
1739809096500 170.3951415723121 93
1739809096510 170.38835687728073 94
1739809096520 170.38157246648393 95
1739809096536 170.37478833990943 96
1739809096536 170.36800449754514 97
1739809096552 170.36122093937888 98
1739809096569 170.35443766539836 99
1739809096584 170.34765467559146 100
1739809096600 170.340871969946 101
1739809096616 170.33408954844973 102
1739809096632 170.32730741109057 103
1739809096632 170.32052555785626 104
1739809096648 170.31374398873467 105
1739809096664 170.30696270371354 106
1739809096680 170.30018170278075 107
1739809096696 170.2934009859241 108
1739809096711 170.28662055313146 109
1739809096727 170.27984040439054 110
1739809096727 170.27306053968923 111
1739809096743 170.2662809590154 112
1739809096759 170.25950166235674 113
1739809096775 170.25272264970116 114
1739809096791 170.24594392103646 115
1739809096807 170.23916547635048 116
1739809096823 170.23238731563103 117
1739809096823 170.22560943886597 118
1739809096839 170.21883184604306 119
1739809096855 170.21205453715015 120
1739809096871 170.20527751217506 121
1739809096886 170.19850077110564 122
1739809096902 170.1917243139297 123
1739809096919 170.18494814063507 124
1739809096934 170.1781722512096 125
1739809096934 170.17139664564104 126
1739809096950 170.1646213239173 127
1739809096966 170.15784628602614 128
1739809096982 170.15107153195547 129
1739809096998 170.14429706169304 130
1739809097014 170.1375228752268 131
1739809097030 170.13074897254444 132
1739809097030 170.12397535363385 133
1739809097046 170.11720201848289 134
1739809097061 170.11042896707937 135
1739809097077 170.10365619941112 136
1739809097093 170.09688371546594 137
1739809097111 170.0901115152317 138
1739809097125 170.08333959869628 139
1739809097125 170.07656796584743 140
1739809097157 170.06979661667302 141
1739809097157 170.0630255511609 142
1739809097173 170.0562547692989 143
1739809097189 170.04948427107485 144
1739809097206 170.04271405647663 145
1739809097221 170.03594412549197 146
1739809097237 170.0291744781088 147
1739809097253 170.02240511431495 148
1739809097269 170.0156360340983 149
1739809097269 170.00886723744657 150
1739809097285 170.0020987243477 151
1739809097301 169.9953304947895 152
1739809097317 169.9885625487598 153
1739809097333 169.98179488624646 154
1739809097349 169.97502750723731 155
1739809097349 169.96826041172025 156
1739809097366 169.96149359968302 157
1739809097382 169.95472707111355 158
1739809097397 169.94796082599964 159
1739809097413 169.9411948643292 160
1739809097429 169.93442918608997 161
1739809097445 169.92766379126988 162
1739809097445 169.92089867985675 163
1739809097461 169.91413385183844 164
1739809097478 169.9073693072028 165
1739809097493 169.90060504593765 166
1739809097509 169.8938410680309 167
1739809097525 169.88707737347033 168
1739809097541 169.88031396224378 169
1739809097541 169.8735508343392 170
1739809097557 169.86678798974435 171
1739809097573 169.86002542844713 172
1739809097589 169.85326315043537 173
1739809097605 169.84650115569693 174
1739809097621 169.83973944421965 175
1739809097637 169.83297801599142 176
1739809097637 169.82621687100007 177
1739809097653 169.81945600923348 178
1739809097669 169.81269543067947 179
1739809097685 169.80593513532583 180
1739809097701 169.79917512316058 181
1739809097717 169.79241539417146 182
1739809097717 169.7856559483464 183
1739809097733 169.7788967856732 184
1739809097749 169.77213790613973 185
1739809097765 169.76537930973387 186
1739809097781 169.75862099644348 187
1739809097797 169.75186296625637 188
1739809097797 169.74510521916048 189
1739809097813 169.73834775514362 190
1739809097829 169.7315905741937 191
1739809097845 169.72483367629846 192
1739809097860 169.71807706144594 193
1739809097876 169.71132072962385 194
1739809097892 169.70456468082014 195
1739809097892 169.69780891502268 196
1739809097908 169.69105343221926 197
1739809097926 169.68429823239785 198
1739809097940 169.6775433155462 199
1739809097956 169.67078868165225 200
1739809097972 169.66403433070388 201
1739809097988 169.65728026268894 202
1739809097988 169.6505264775953 203
1739809098004 169.64377297541074 204
1739809098020 169.6370197561233 205
1739809098036 169.6302668197207 206
1739809098051 169.62351416619092 207
1739809098067 169.61676179552177 208
1739809098083 169.6100097077011 209
1739809098083 169.60325790271685 210
1739809098099 169.59650638055683 211
1739809098115 169.58975514120894 212
1739809098131 169.58300418466106 213
1739809098147 169.5762535109011 214
1739809098163 169.56950311991685 215
1739809098163 169.56275301169623 216
1739809098179 169.55600318622714 217
1739809098195 169.5492536434974 218
1739809098211 169.5425043834949 219
1739809098227 169.5357554062076 220
1739809098243 169.52900671162328 221
1739809098243 169.52225829972986 222
1739809098259 169.5155101705152 223
1739809098275 169.50876232396718 224
1739809098291 169.5020147600737 225
1739809098306 169.49526747882265 226
1739809098322 169.48852048020186 227
1739809098338 169.4817737641993 228
1739809098354 169.47502733080276 229
1739809098354 169.46828118000016 230
1739809098370 169.46153531177936 231
1739809098386 169.45478972612827 232
1739809098402 169.44804442303482 233
1739809098418 169.44129940248675 234
1739809098434 169.43455466447213 235
1739809098450 169.42781020897874 236
1739809098450 169.42106603599447 237
1739809098466 169.4143221455072 238
1739809098482 169.40757853750483 239
1739809098503 169.40083521197528 240
1739809098519 169.3940921689064 241
1739809098533 169.38734940828613 242
1739809098546 169.38060693010226 243
1739809098554 169.3738647343428 244
1739809098561 169.36712282099558 245
1739809098576 169.36038119004843 246
1739809098592 169.35363984148935 247
1739809098609 169.34689877530616 248
1739809098624 169.3401579914868 249
1739809098640 169.33341749001914 250
1739809098640 169.32667727089108 251
1739809098667 169.31993733409053 252
1739809098681 169.31319767960528 253
1739809098693 169.30645830742338 254
1739809098703 169.29971921753267 255
1739809098719 169.29298040992103 256
1739809098735 169.2862418845763 257
1739809098735 169.27950364148649 258
1739809098751 169.2727656806394 259
1739809098766 169.266028002023 260
1739809098787 169.25929060562518 261
1739809098799 169.25255349143382 262
1739809098818 169.2458166594368 263
1739809098831 169.23908010962208 264
1739809098847 169.23234384197744 265
1739809098847 169.2256078564909 266
1739809098879 169.2188721531504 267
1739809098879 169.2121367319437 268
1739809098894 169.20540159285878 269
1739809098910 169.19866673588353 270
1739809098926 169.1919321610059 271
1739809098942 169.18519786821375 272
1739809098958 169.17846385749493 273
1739809098958 169.17173012883745 274
1739809098974 169.16499668222917 275
1739809098990 169.158263517658 276
1739809099006 169.15153063511184 277
1739809099021 169.1447980345786 278
1739809099037 169.13806571604619 279
1739809099053 169.13133367950255 280
1739809099069 169.12460192493558 281
1739809099069 169.1178704523331 282
1739809099085 169.11113926168312 283
1739809099101 169.10440835297354 284
1739809099117 169.09767772619225 285
1739809099133 169.09094738132717 286
1739809099149 169.08421731836623 287
1739809099149 169.0774875372973 288
1739809099165 169.0707580381083 289
1739809099181 169.06402882078714 290
1739809099197 169.0572998853218 291
1739809099213 169.05057123170016 292
1739809099229 169.04384285991011 293
1739809099229 169.03711476993954 294
1739809099244 169.03038696177646 295
1739809099260 169.02365943540872 296
1739809099276 169.01693219082426 297
1739809099292 169.01020522801102 298
1739809099308 169.00347854695684 299
1739809099324 168.9967521476497 300
1739809099340 168.99002603007756 301
1739809099340 168.98330019422826 302
1739809099356 168.97657464008972 303
1739809099372 168.96984936764994 304
1739809099388 168.96312437689676 305
1739809099404 168.95639966781818 306
1739809099420 168.94967524040206 307
1739809099420 168.94295109463636 308
1739809099435 168.93622723050896 309
1739809099452 168.92950364800782 310
1739809099468 168.9227803471209 311
1739809099484 168.91605732783603 312
1739809099500 168.90933459014124 313
1739809099515 168.90261213402434 314
1739809099515 168.8958899594734 315
1739809099531 168.88916806647626 316
1739809099547 168.88244645502084 317
1739809099563 168.8757251250951 318
1739809099580 168.86900407668693 319
1739809099595 168.86228330978432 320
1739809099611 168.85556282437514 321
1739809099611 168.8488426204474 322
1739809099627 168.84212269798897 323
1739809099642 168.83540305698781 324
1739809099659 168.82868369743184 325
1739809099674 168.82196461930894 326
1739809099690 168.81524582260712 327
1739809099706 168.80852730731425 328
1739809099706 168.80180907341838 329
1739809099722 168.79509112090733 330
1739809099738 168.78837344976907 331
1739809099754 168.78165605999155 332
1739809099770 168.7749389515627 333
1739809099786 168.76822212447044 334
1739809099802 168.7615055787027 335
1739809099802 168.75478931424746 336
1739809099818 168.74807333109266 337
1739809099834 168.7413576292262 338
1739809099849 168.73464220863605 339
1739809099871 168.7279270693101 340
1739809099881 168.72121221123638 341
1739809099898 168.71449763440273 342
1739809099914 168.70778333879719 343
1739809099929 168.70106932440765 344
1739809099929 168.69435559122203 345
1739809099945 168.68764213922833 346
1739809099961 168.68092896841446 347
1739809099977 168.67421607876835 348
1739809099993 168.66750347027798 349
1739809100009 168.6607911429313 350
1739809100025 168.65407909671617 351
1739809100025 168.6473673316207 352
1739809100041 168.64065584763264 353
1739809100057 168.63394464474013 354
1739809100073 168.627233722931 355
1739809100089 168.62052308219322 356
1739809100105 168.61381272251472 357
1739809100121 168.60710264388354 358
1739809100121 168.60039284628746 359
1739809100137 168.59368332971462 360
1739809100152 168.58697409415288 361
1739809100168 168.58026513959018 362
1739809100184 168.57355646601448 363
1739809100200 168.56684807341378 364
1739809100200 168.56013996177595 365
1739809100216 168.55343213108904 366
1739809100232 168.54672458134095 367
1739809100248 168.54001731251964 368
1739809100264 168.53331032461307 369
1739809100280 168.5266036176092 370
1739809100295 168.51989719149594 371
1739809100295 168.5131910462613 372
1739809100311 168.5064851818932 373
1739809100327 168.4997795983797 374
1739809100343 168.49307429570865 375
1739809100359 168.48636927386804 376
1739809100375 168.47966453284582 377
1739809100391 168.47296007262997 378
1739809100407 168.4662558932084 379
1739809100407 168.45955199456915 380
1739809100423 168.45284837670016 381
1739809100439 168.44614503958937 382
1739809100455 168.43944198322473 383
1739809100471 168.43273920759424 384
1739809100487 168.42603671268586 385
1739809100487 168.41933449848753 386
1739809100503 168.4126325649872 387
1739809100519 168.40593091217292 388
1739809100534 168.39922954003256 389
1739809100550 168.39252844855415 390
1739809100550 168.38582763772558 391
1739809100567 168.3791271075349 392
1739809100583 168.37242685797003 393
1739809100599 168.365726889019 394
1739809100615 168.35902720066974 395
1739809100630 168.35232779291016 396
1739809100630 168.34562866572833 397
1739809100646 168.33892981911214 398
1739809100662 168.33223125304963 399
1739809100678 168.32553296752872 400
1739809100694 168.31883496253744 401
1739809100713 168.31213723806368 402
1739809100725 168.30543979409546 403
1739809100733 168.29874263062075 404
1739809100741 168.29204574762755 405
1739809100757 168.28534914510382 406
1739809100773 168.2786528230375 407
1739809100790 168.2719567814166 408
1739809100805 168.26526102022908 409
1739809100805 168.25856553946295 410
1739809100821 168.25187033910615 411
1739809100837 168.24517541914665 412
1739809100861 168.23848077957248 413
1739809100874 168.23178642037158 414
1739809100885 168.22509234153193 415
1739809100900 168.21839854304153 416
1739809100900 168.21170502488835 417
1739809100916 168.20501178706036 418
1739809100933 168.19831882954554 419
1739809100949 168.19162615233193 420
1739809100965 168.18493375540746 421
1739809100980 168.17824163876008 422
1739809100980 168.17154980237785 423
1739809100997 168.16485824624868 424
1739809101013 168.1581669703606 425
1739809101028 168.1514759747016 426
1739809101045 168.14478525925966 427
1739809101060 168.13809482402277 428
1739809101076 168.13140466897892 429
1739809101076 168.12471479411604 430
1739809101092 168.11802519942222 431
1739809101108 168.11133588488534 432
1739809101124 168.10464685049345 433
1739809101140 168.09795809623455 434
1739809101156 168.09126962209658 435
1739809101172 168.08458142806762 436
1739809101172 168.07789351413552 437
1739809101188 168.07120588028837 438
1739809101203 168.0645185265142 439
1739809101225 168.05783145280088 440
1739809101236 168.05114465913655 441
1739809101251 168.04445814550903 442
1739809101268 168.0377719119065 443
1739809101283 168.03108595831682 444
1739809101283 168.02440028472805 445
1739809101299 168.01771489112812 446
1739809101315 168.01102977750512 447
1739809101331 168.004344943847 448
1739809101348 167.9976603901417 449
1739809101348 167.99097611637734 450
1739809101363 167.9842921225418 451
1739809101379 167.97760840862318 452
1739809101395 167.97092497460937 453
1739809101411 167.96424182048847 454
1739809101427 167.9575589462484 455
1739809101443 167.95087635187727 456
1739809101443 167.94419403736293 457
1739809101459 167.93751200269352 458
1739809101476 167.93083024785696 459
1739809101491 167.9241487728413 460
1739809101507 167.9174675776345 461
1739809101523 167.9107866622246 462
1739809101523 167.9041060265996 463
1739809101539 167.8974256707475 464
1739809101555 167.89074559465635 465
1739809101571 167.88406579831405 466
1739809101588 167.87738628170862 467
1739809101604 167.87070704482818 468
1739809101604 167.86402808766067 469
1739809101619 167.8573494101941 470
1739809101636 167.85067101241646 471
1739809101652 167.84399289431576 472
1739809101668 167.83731505588005 473
1739809101684 167.83063749709734 474
1739809101684 167.8239602179556 475
1739809101700 167.81728321844284 476
1739809101721 167.81060649854712 477
1739809101732 167.80393005825644 478
1739809101748 167.79725389755873 479
1739809101764 167.79057801644214 480
1739809101764 167.78390241489458 481
1739809101780 167.7772270929041 482
1739809101796 167.7705520504587 483
1739809101812 167.76387728754642 484
1739809101828 167.7572028041553 485
1739809101844 167.75052860027327 486
1739809101859 167.74385467588843 487
1739809101859 167.73718103098878 488
1739809101876 167.73050766556227 489
1739809101892 167.72383457959702 490
1739809101907 167.71716177308102 491
1739809101923 167.71048924600225 492
1739809101923 167.70381699834874 493
1739809101939 167.69714503010854 494
1739809101956 167.69047334126964 495
1739809101972 167.68380193182008 496
1739809101988 167.6771308017479 497
1739809102004 167.67045995104107 498
1739809102004 167.66378937968764 499
