1739809926301 1.613770977325094 0
1739809926376 0.2139452178331284 1
1739809926443 2.5722405150237946 2
1739809926521 1.5060779904767365 3
1739809926585 0.9229660191274308 4
1739809926651 0.8375040568625925 5
1739809926728 1.898198419959699 6
1739809926792 2.1155947559170047 7
1739809926856 1.6281358272930588 8
1739809926920 1.848057820991558 9
1739809926983 0.27290851762366325 10
1739809927063 0.4092544961941291 11
1739809927126 0.5742751581021154 12
1739809927190 0.46281775122600144 13
1739809927260 3.245327196116466 14
1739809927334 1.051996229118483 15
1739809927403 3.0533647897060683 16
1739809927476 2.901978686196066 17
1739809927557 1.6538911740594089 18
1739809927621 1.1432617395187303 19
1739809927701 0.9738728727919904 20
1739809927764 1.6698221612674038 21
1739809927828 2.739851145199487 22
1739809927907 1.0616423097488505 23
1739809927970 3.085421669061875 24
1739809928034 2.285549886831953 25
1739809928097 1.6381764425002059 26
1739809928177 1.7855706128360647 27
1739809928244 0.6638454522948833 28
1739809928305 1.158336663614948 29
1739809928368 2.2990109607649907 30
1739809928447 2.096711301335285 31
1739809928511 2.757338363253313 32
1739809928589 1.5488994805874055 33
1739809928668 0.5866391671256042 34
1739809928732 2.519823615091183 35
1739809928795 1.6214308039877834 36
1739809928859 0.8732092322060833 37
1739809928939 0.518069604426396 38
1739809929003 0.7442569073070505 39
1739809929066 0.5638667256778889 40
1739809929129 1.185598337049993 41
1739809929208 2.0342968495174074 42
1739809929272 2.3239827263622597 43
1739809929336 2.0806111496249446 44
1739809929399 2.710601039967406 45
1739809929463 0.9359853180131672 46
1739809929527 0.13931014794506222 47
1739809929606 2.3629702605414606 48
1739809929670 2.2759554716515145 49
1739809929734 1.7920988038785002 50
1739809929800 2.340366492386418 51
1739809929876 0.933374357365762 52
1739809929940 1.6971399966754859 53
1739809930003 2.7762163987267385 54
1739809930068 0.9107639877667635 55
1739809930148 0.5577011390109959 56
1739809930210 2.667471326076232 57
1739809930274 2.837068896940806 58
1739809930350 1.24840284010943 59
1739809930417 1.0827834910698082 60
1739809930481 0.9386009901915325 61
1739809930561 0.8500126618479159 62
1739809930641 2.073736593764538 63
1739809930714 0.4649744815126902 64
1739809930783 1.231148411392647 65
1739809930865 0.3620725172236099 66
1739809930928 2.4446551797839007 67
1739809930992 1.3011931726015589 68
1739809931071 1.8506273428155438 69
1739809931135 0.2678905548318789 70
1739809931198 0.8500474872215427 71
1739809931262 1.659759450714985 72
1739809931342 2.2316805099563326 73
1739809931405 1.2296798805219593 74
1739809931469 1.0592308433864166 75
1739809931534 1.9649812489402838 76
1739809931611 2.360315830631509 77
1739809931674 3.9332528630334216 78
1739809931738 2.533390693961302 79
1739809931801 0.26888058617184857 80
1739809931881 2.3583021450762653 81
1739809931944 0.41067058610988033 82
1739809932008 0.8858246873968804 83
1739809932071 1.5351566851010086 84
1739809932151 0.38178094784887107 85
1739809932215 0.6133183641222701 86
1739809932278 1.848567875715478 87
1739809932344 0.9172899704780533 88
1739809932405 1.645289403741598 89
1739809932468 4.100840435086359 90
1739809932548 0.8924372869582059 91
1739809932611 1.353778464247618 92
1739809932673 1.6635488076093474 93
1739809932737 1.600983426857549 94
1739809932816 0.7255540711657305 95
1739809932879 2.745261053817565 96
1739809932957 3.130518771541233 97
1739809933022 1.667313786882864 98
1739809933100 1.157775601559693 99
1739809933164 1.1800897995679156 100
1739809933227 1.4271892387419884 101
1739809933291 0.7888125192178457 102
1739809933371 1.9995202117585225 103
1739809933435 0.7483740588333995 104
1739809933498 3.167498930267492 105
1739809933563 1.3466400100717872 106
1739809933641 1.8245800470271805 107
1739809933705 1.3292752813948487 108
1739809933768 1.366453103760488 109
1739809933832 1.0526896474365939 110
1739809933896 1.0726517513853104 111
1739809933975 0.720803769157117 112
1739809934039 1.8363280432021278 113
1739809934108 0.12617982112834714 114
1739809934166 1.8245956501381717 115
1739809934245 3.345190808475739 116
1739809934309 2.9469931556793885 117
1739809934375 1.0353899651239498 118
1739809934436 1.0614324186619806 119
1739809934500 1.5168537990917434 120
1739809934579 1.0665986373421825 121
1739809934643 0.31379347389573287 122
1739809934706 3.132667173455115 123
1739809934770 1.7231442939512134 124
1739809934849 2.1447824887614564 125
1739809934913 1.0150665877423541 126
1739809934977 2.652337355734616 127
1739809935041 1.3785330705932348 128
1739809935120 0.8839628613920936 129
1739809935182 0.628301668554531 130
1739809935262 0.9829864990364052 131
1739809935325 0.5460482415315612 132
1739809935388 0.8439369908123249 133
1739809935469 1.3788275041483369 134
1739809935532 2.272696821097808 135
1739809935595 1.8142719539442702 136
1739809935659 1.3733182211094015 137
1739809935723 1.4564030637055938 138
1739809935802 1.821879122226863 139
1739809935866 0.9389673895330832 140
1739809935930 1.6157801216883987 141
1739809935993 1.0001670980988175 142
1739809936072 0.7454197131059745 143
1739809936136 1.7802549373444734 144
1739809936199 1.2672791837875275 145
1739809936263 0.7904681427224767 146
1739809936327 1.6070922160059107 147
1739809936408 0.9527262867176498 148
1739809936470 2.159993167570513 149
1739809936533 1.025460746383131 150
1739809936596 1.9127589267991099 151
1739809936676 2.2865522198984327 152
1739809936739 1.6799141698139044 153
1739809936802 0.40667490144955115 154
1739809936866 1.6557734335958443 155
1739809936945 1.7884156044678745 156
1739809937008 0.7743892215226119 157
1739809937072 1.1732227727294244 158
1739809937136 0.5272189361497153 159
1739809937216 1.4950522186732667 160
1739809937279 2.0498859614282847 161
1739809937360 1.6513344626188318 162
1739809937420 1.314806207282319 163
1739809937499 1.6421468786447688 164
1739809937563 2.998653602589558 165
1739809937642 2.5301405122119345 166
1739809937706 0.493198218704009 167
1739809937769 1.9867757859266206 168
1739809937833 3.143955082378065 169
1739809937897 9.511824334735373 170
1739809937976 0.9578504192406052 171
1739809938039 1.1139818437219688 172
1739809938103 0.10739616362235231 173
1739809938167 0.7560245927984137 174
1739809938246 1.6272426954327366 175
1739809938309 2.869916714508021 176
1739809938372 1.0410937951401846 177
1739809938436 0.908184311797655 178
1739809938516 1.183775390881856 179
1739809938579 0.708099512198185 180
1739809938644 2.1478334816848488 181
1739809938708 0.9825208843734972 182
1739809938771 2.3317651375448056 183
1739809938850 3.4604759291707983 184
1739809938913 1.9879601822608421 185
1739809938977 1.5301049840803553 186
1739809939040 0.4556501461979894 187
1739809939120 1.4801181922898181 188
1739809939184 1.158737063526416 189
1739809939248 1.1387463401962852 190
1739809939312 0.5877369856240431 191
1739809939391 1.2517835749127892 192
1739809939457 3.078546746723257 193
1739809939518 0.8054914760061425 194
1739809939597 1.9174106528498969 195
1739809939678 0.16691699190843876 196
1739809939740 0.4326510940513919 197
1739809939804 2.517833662648222 198
1739809939868 0.8365496653402003 199
1739809939948 0.9013347329105036 200
1739809940013 0.2765328475662637 201
1739809940075 2.6928824617702904 202
1739809940138 0.5812226731175425 203
1739809940217 0.9897243661009321 204
1739809940280 0.20433293770933056 205
1739809940344 1.426756977111844 206
1739809940407 1.8687883818455733 207
1739809940487 1.623820192192386 208
1739809940551 1.8100520549443815 209
1739809940614 3.400360714910025 210
1739809940678 0.8821764601180457 211
1739809940757 1.5998521328000088 212
1739809940820 3.367992321871459 213
1739809940884 2.4203258227046422 214
1739809940950 1.1430646072763597 215
1739809941028 2.1296605446984387 216
1739809941092 1.1033621816798527 217
1739809941155 2.40731366268734 218
1739809941219 0.3068420130399163 219
1739809941298 2.1131373277013097 220
1739809941364 2.0344705580901934 221
1739809941425 3.151186357547642 222
1739809941488 0.5970993931299214 223
1739809941570 1.2780170632803798 224
1739809941632 1.6633475476346535 225
1739809941707 1.9569358967462258 226
1739809941773 1.2754155876656736 227
1739809941852 0.7821873698963292 228
1739809941916 1.6960866525455949 229
1739809941980 1.1697719190699374 230
1739809942059 1.1739873988794063 231
1739809942122 1.0810430194059644 232
1739809942186 1.6434287343979106 233
1739809942250 1.9876183577492723 234
1739809942313 2.4607800483054105 235
1739809942392 0.634223055989448 236
1739809942456 0.7292809715905249 237
1739809942520 1.0655278161954247 238
1739809942599 1.0053101240816127 239
1739809942663 2.219567035625673 240
1739809942727 1.5844606371486347 241
1739809942791 0.8476111043321369 242
1739809942854 2.7102438155835085 243
1739809942934 1.3624647685679125 244
1739809942997 0.6959612973646043 245
1739809943061 1.267610011002585 246
1739809943126 2.1031821123719707 247
1739809943204 1.1778814360911865 248
1739809943268 1.5615150494115613 249
1739809943331 2.5255970550959828 250
1739809943397 1.4310745493338481 251
1739809943459 0.27673829901808306 252
1739809943539 1.430949639267681 253
1739809943602 2.019979116631505 254
1739809943682 3.180107088877377 255
1739809943746 0.8523350775194721 256
1739809943809 2.308286523459323 257
1739809943888 2.299715723858839 258
1739809943962 1.5986681921004584 259
1739809944032 3.857311305756198 260
1739809944109 1.4282915776125258 261
1739809944173 1.5080083440987817 262
1739809944237 1.5200839364816245 263
1739809944300 1.3259633499378278 264
1739809944379 3.2184236603016436 265
1739809944442 1.0169768558999945 266
1739809944505 0.9222920199800294 267
1739809944586 1.2075276150365546 268
1739809944649 2.095114612618156 269
1739809944713 0.009157508362493912 270
1739809944776 2.7583902391881083 271
1739809944840 0.9096083586259426 272
1739809944920 1.1098839832769816 273
1739809944983 1.9348333660849821 274
1739809945047 2.273031411616936 275
1739809945111 1.5095667321240696 276
1739809945191 0.9895347082520372 277
1739809945255 1.0881299423160236 278
1739809945326 1.964069114765027 279
1739809945383 1.4157059040078013 280
1739809945462 2.485589212572696 281
1739809945525 1.3101289259814832 282
1739809945589 2.467328063151502 283
1739809945653 0.20779242349193722 284
1739809945716 0.5410387073624485 285
1739809945796 0.543401945552721 286
1739809945860 1.2966081916144483 287
1739809945923 1.6108724188267485 288
1739809945987 4.165351354717526 289
1739809946065 2.072357941128885 290
1739809946145 2.995928834981563 291
1739809946209 1.3008598836742176 292
1739809946288 3.1011505932038537 293
1739809946351 0.7709946967383698 294
1739809946415 0.8867678935360019 295
1739809946496 1.5388522057269771 296
1739809946559 2.065804255045975 297
1739809946623 1.6930501886165246 298
1739809946686 1.5760838265608703 299
1739809946765 1.1023989486330823 300
1739809946829 1.3134818318036696 301
1739809946893 0.790893714391592 302
1739809946957 1.1847925007169369 303
1739809947037 2.2790760046923215 304
1739809947131 0.770597442819896 305
1739809947211 1.8465615559580109 306
1739809947276 0.0036953611537142842 307
1739809947339 1.1420001977306264 308
1739809947419 3.0152110741027647 309
1739809947487 1.2216659248932302 310
1739809947545 2.047319209188363 311
1739809947625 1.348431053873217 312
1739809947688 1.2962770961856476 313
1739809947752 1.4965892487966594 314
1739809947815 1.2732682349381905 315
1739809947895 0.6638292890945332 316
1739809947959 1.0627814193003775 317
1739809948023 1.0235676608256326 318
1739809948086 1.9176834236189204 319
1739809948165 2.3231640752866647 320
1739809948239 0.5868707500475971 321
1739809948309 1.1338780520197667 322
1739809948372 1.344108340014118 323
1739809948452 1.8566733869384673 324
1739809948516 1.2631498440568067 325
1739809948579 2.0248322433617165 326
1739809948643 2.9004341768249127 327
1739809948722 2.764892974864364 328
1739809948786 2.438705388928793 329
1739809948849 2.1658200351432497 330
1739809948913 1.8524393041254874 331
1739809948992 1.270004943075079 332
1739809949056 2.2082549716727917 333
1739809949122 1.217624004493053 334
1739809949183 1.6690449244844738 335
1739809949262 1.7614711369710703 336
1739809949326 1.5279208463023888 337
1739809949390 0.6398473298631783 338
1739809949453 2.1511666268812455 339
1739809949533 1.5122226071405782 340
1739809949597 1.2685322677929671 341
1739809949661 0.843902526561465 342
1739809949724 1.2028153473995358 343
1739809949804 0.9468529393259604 344
1739809949867 1.5282374471120355 345
1739809949931 2.5603043398520553 346
1739809949995 0.2605892454338723 347
1739809950058 1.4779298273179806 348
1739809950139 0.9990791026940197 349
1739809950202 0.5345962619812131 350
1739809950268 1.52828861476007 351
1739809950330 1.1277896727026564 352
1739809950413 1.4289573024437747 353
1739809950479 0.00938641090028057 354
1739809950551 0.9525288236560789 355
1739809950614 2.6272764843666825 356
1739809950695 1.0580700281306499 357
1739809950759 1.598885474822327 358
1739809950823 1.5653247741258753 359
1739809950886 0.986520647494219 360
1739809950966 1.181369567833341 361
1739809951029 2.921251706658341 362
1739809951093 2.076912372848751 363
1739809951159 1.0271392186553865 364
1739809951236 1.1532215494318334 365
1739809951300 0.9434645393927563 366
1739809951364 1.7080563878252142 367
1739809951427 2.187685096273854 368
1739809951491 1.7021034367470567 369
1739809951570 2.868055338235885 370
1739809951634 2.121537279002606 371
1739809951698 0.6218010239817149 372
1739809951762 0.8345963421834375 373
1739809951832 0.08115983232595764 374
1739809951905 1.9120382408496654 375
1739809951969 0.04135561332661977 376
1739809952032 1.088408492587949 377
1739809952096 0.27151463859518504 378
1739809952159 1.3048067726768098 379
1739809952239 1.5299677846613084 380
1739809952305 1.4100411007254634 381
1739809952366 1.188641213878072 382
1739809952439 1.0543717007731375 383
1739809952510 0.7012495423420176 384
1739809952581 2.0764147192803777 385
1739809952637 0.7599318083443859 386
1739809952717 1.7034048988599766 387
1739809952796 0.38699207927771545 388
1739809952860 2.0656449995609454 389
1739809952936 1.2070794938831277 390
1739809953003 1.2576889006111573 391
1739809953066 1.8609948747518588 392
1739809953130 1.38577896764689 393
1739809953200 1.2654680134456926 394
1739809953257 0.9790577253367473 395
1739809953337 0.822225233997498 396
1739809953400 1.5956699343441152 397
1739809953463 2.5621052892741774 398
1739809953527 0.9404808742904137 399
1739809953591 0.45422302783357166 400
1739809953670 0.8773380899641141 401
1739809953734 0.8893650431435797 402
1739809953798 0.5377454244004255 403
1739809953862 1.8347955374727598 404
1739809953942 1.5522547694719595 405
1739809954006 1.8256274274145694 406
1739809954069 0.7091452957317883 407
1739809954133 1.2204153081688185 408
1739809954196 2.041514568857555 409
1739809954275 1.1718722106717132 410
1739809954339 3.236156842620079 411
1739809954409 1.8523017691829282 412
1739809954482 1.3291005293975262 413
1739809954546 1.2362764060755371 414
1739809954609 1.8383926316784587 415
1739809954673 3.558269309856526 416
1739809954754 1.0888116359505777 417
1739809954815 0.8970987083375881 418
1739809954898 1.5126610877249684 419
1739809954959 2.396940524033376 420
1739809955038 4.048202203066731 421
1739809955102 2.6957037957679706 422
1739809955175 0.002601133220546927 423
1739809955231 1.100479241312064 424
1739809955309 2.219920157161542 425
1739809955372 1.7453520995419556 426
1739809955436 1.4706925569195797 427
1739809955499 1.1063990478126078 428
1739809955578 0.17542545893245878 429
1739809955642 0.7763069525223931 430
1739809955705 1.2663922311155915 431
1739809955768 1.0602252530404175 432
1739809955847 1.3916780970695353 433
1739809955916 2.0918039157734953 434
1739809955975 1.3878184575973367 435
1739809956039 2.6490515838348334 436
1739809956103 1.6131966431958658 437
1739809956182 1.275684462582184 438
1739809956246 0.0013438105557218346 439
1739809956309 1.8227279430379975 440
1739809956373 1.1257876825208941 441
1739809956453 1.2327978858886284 442
1739809956516 0.69232491315317 443
1739809956582 1.5031212237024676 444
1739809956644 0.12689494110261945 445
1739809956707 1.4377538989461545 446
1739809956787 0.43932186430695225 447
1739809956850 0.5533993917843154 448
1739809956921 0.37738993144695876 449
1739809956993 1.415141893171348 450
1739809957063 3.0077667884724537 451
1739809957121 2.876365495945936 452
1739809957200 1.3918098139186545 453
1739809957265 0.09570598876649815 454
1739809957340 2.573563521188032 455
1739809957407 1.0859385785080844 456
1739809957474 1.4751773845906153 457
1739809957543 1.5689364367224952 458
1739809957610 0.6494120049033916 459
1739809957676 1.7896587507885284 460
1739809957738 2.21329652543792 461
1739809957801 2.1350316542070398 462
1739809957865 1.2970966224448788 463
1739809957945 0.7193175094763956 464
1739809958009 1.187169721073339 465
1739809958072 0.7927902144251306 466
1739809958135 1.3565004255731687 467
1739809958215 0.784086381712178 468
1739809958278 1.8465580141196096 469
1739809958342 0.5559942916356395 470
1739809958405 1.0972598961968427 471
1739809958484 1.571610083090375 472
1739809958548 0.6991948900830521 473
1739809958612 0.3419862240936142 474
1739809958675 2.571033558693084 475
1739809958739 0.36813199645382433 476
1739809958818 1.2373805133781055 477
1739809958883 1.7010266170991284 478
1739809958946 2.259837309417816 479
1739809959010 1.1524710000887668 480
1739809959076 1.4672188714828078 481
1739809959152 1.449960264723554 482
1739809959216 0.23251942482830332 483
1739809959295 2.0767938476334504 484
1739809959358 1.6697377364638597 485
1739809959438 2.9277919498199902 486
1739809959501 0.9209387663879687 487
1739809959565 1.5463239185404982 488
1739809959629 2.7214314315939183 489
1739809959708 4.409228261161899 490
1739809959772 1.9272501058704608 491
1739809959835 0.6075822643156997 492
1739809959899 1.4939015143574008 493
1739809959978 1.7410144049255347 494
1739809960042 1.1963925773578596 495
1739809960105 1.5151360966677072 496
1739809960168 0.9608648113084122 497
1739809960248 0.7391843067361112 498
1739809960312 2.166931184675753 499
