1739809120103 11.526002288556015 0
1739809120115 2.6827529865176136 1
1739809120131 1.4876161893367055 2
1739809120147 1.7382328060962697 3
1739809120163 1.259743205593535 4
1739809120179 1.4909207921562178 5
1739809120196 1.6190091155920705 6
1739809120210 1.513929824415173 7
1739809120225 1.3366950154741253 8
1739809120237 1.5372713290272526 9
1739809120253 1.4174754241014795 10
1739809120258 1.6688389779979764 11
1739809120274 1.4209876297568949 12
1739809120295 1.675728483793488 13
1739809120312 1.5569694376378969 14
1739809120324 1.5975972009784223 15
1739809120341 1.5197134033128845 16
1739809120356 1.384596886298955 17
1739809120370 1.4237103924915488 18
1739809120385 1.547577499225208 19
1739809120398 1.457713970698579 20
1739809120410 1.3886386594408566 21
1739809120426 1.5270960566091611 22
1739809120439 1.5159423564919186 23
1739809120456 1.5732927320137335 24
1739809120469 1.2380459768026109 25
1739809120485 1.5113972086677963 26
1739809120497 1.2731435108724132 27
1739809120514 1.7779466948719755 28
1739809120529 1.6268548479452583 29
1739809120539 1.6793423830992198 30
1739809120556 1.37513394566858 31
1739809120573 1.58738601699813 32
1739809120586 1.5239706357555565 33
1739809120603 1.437401376023233 34
1739809120609 1.5229235884908217 35
1739809120625 1.3695028945650711 36
1739809120645 1.5607947649722622 37
1739809120662 1.479159473021636 38
1739809120675 1.527502299854091 39
1739809120689 1.5435262495331576 40
1739809120706 1.5708208293999315 41
1739809120721 1.4153131507983752 42
1739809120723 1.4463390633402478 43
1739809120748 1.4341902456497886 44
1739809120754 1.6182096346373978 45
1739809120777 1.3646442608565155 46
1739809120790 1.3929588968484767 47
1739809120801 1.366716483871474 48
1739809120820 1.3646163874336554 49
1739809120837 1.469608127543284 50
1739809120848 1.5750968216918744 51
1739809120864 1.6757855917125826 52
1739809120880 1.5239428068565064 53
1739809120896 1.4337492321658991 54
1739809120908 1.474339291871062 55
1739809120925 1.57899782968904 56
1739809120937 1.5772724359169248 57
1739809120954 1.5915806620581008 58
1739809120960 1.4409251680509914 59
1739809120976 1.4564643269893978 60
1739809120995 1.5255238654224674 61
1739809121008 1.5303411371217654 62
1739809121024 1.1904033287549347 63
1739809121039 1.3460505373245235 64
1739809121052 1.5037456059093017 65
1739809121069 1.584824166599929 66
1739809121081 1.5679891040808587 67
1739809121097 1.5015804554905328 68
1739809121109 1.5478130872618545 69
1739809121126 1.5813722259743848 70
1739809121138 1.4540983977624988 71
1739809121154 1.4972341052389921 72
1739809121167 1.4038736116420194 73
1739809121183 1.5011994185712774 74
1739809121195 1.4907675867469923 75
1739809121211 1.366799962681928 76
1739809121226 1.566968548851219 77
1739809121246 1.4570779868159796 78
1739809121261 1.500881360555805 79
1739809121277 1.3803452573020336 80
1739809121293 1.3099590750131365 81
1739809121298 1.464738545232221 82
1739809121319 1.632193443275686 83
1739809121325 1.4871217434054278 84
1739809121347 1.6833721831701631 85
1739809121357 1.4816277427747446 86
1739809121378 1.5970781408095007 87
1739809121389 1.3292960294252987 88
1739809121405 1.5967351585062814 89
1739809121420 1.2224668097989189 90
1739809121436 1.4324919491971837 91
1739809121452 1.3933447667890966 92
1739809121463 1.5472523363065183 93
1739809121471 1.674620006577321 94
1739809121491 1.530319568733159 95
1739809121500 1.619906518761836 96
1739809121521 1.5589786280401956 97
1739809121531 1.5537150244168458 98
1739809121553 1.8196679198908463 99
1739809121563 1.6470470401901947 100
1739809121584 1.5150576811133059 101
1739809121595 1.5803292067542625 102
1739809121611 1.554520205053042 103
1739809121627 1.3614236374640691 104
1739809121639 1.4680696882598399 105
1739809121647 1.5613436051461043 106
1739809121668 1.6963948834165052 107
1739809121680 1.3879503844612344 108
1739809121691 1.415411579693544 109
1739809121707 1.4124811713135381 110
1739809121723 1.3241629399993298 111
1739809121739 1.5658548187256098 112
1739809121755 1.3819396568542124 113
1739809121771 1.4967898499835632 114
1739809121787 1.6905438102226402 115
1739809121803 1.6199148887808539 116
1739809121819 1.507721553829547 117
1739809121835 1.4697937909754557 118
1739809121850 1.5960578831093835 119
1739809121866 1.5425669987453872 120
1739809121882 1.5103837527754396 121
1739809121882 1.4981052594280277 122
1739809121898 1.4940784158698117 123
1739809121915 1.4996633401214068 124
1739809121931 1.605740312314335 125
1739809121946 1.611539181651073 126
1739809121962 1.5376345657923736 127
1739809121978 1.6007510890738847 128
1739809121994 1.5964523014564174 129
1739809122010 1.7049215155031345 130
1739809122026 1.5513147354953074 131
1739809122042 1.4457080996504397 132
1739809122058 1.5790279950862633 133
1739809122058 1.4418689621622336 134
1739809122074 1.6627513514190857 135
1739809122090 1.7852424674427088 136
1739809122107 1.5835122931325554 137
1739809122123 1.4990030557736 138
1739809122138 1.3063082374994999 139
1739809122154 1.4533486696085556 140
1739809122170 1.6725312262755359 141
1739809122186 1.5238202006276174 142
1739809122202 1.6034299915202153 143
1739809122202 1.5328810005355882 144
1739809122218 1.6366493751804598 145
1739809122234 1.6306911605720267 146
1739809122249 1.460732469163641 147
1739809122265 1.8441068126911804 148
1739809122281 1.661142767200918 149
1739809122297 1.37561682128751 150
1739809122313 1.3589457453054126 151
1739809122329 1.5694452938855876 152
1739809122347 1.6003056833318245 153
1739809122361 1.4594311289544322 154
1739809122377 1.3859747897163532 155
1739809122377 1.4544755679344903 156
1739809122393 1.4073847149235204 157
1739809122409 1.4961928134800035 158
1739809122425 1.5474454632565184 159
1739809122441 1.5094846919543823 160
1739809122457 1.4550935237202045 161
1739809122473 1.3470592412332927 162
1739809122499 1.4630181775703004 163
1739809122505 1.476818328986829 164
1739809122521 1.6485982906968442 165
1739809122537 1.4909070133124074 166
1739809122564 1.3530439031575643 167
1739809122576 1.5728194597804568 168
1739809122599 1.3222229407689026 169
1739809122615 1.4710879311401834 170
1739809122632 1.4187729700091156 171
1739809122647 1.615341490697089 172
1739809122663 1.6686796649106217 173
1739809122679 1.3985811734985678 174
1739809122708 1.7275025452562984 175
1739809122717 1.413688216814827 176
1739809122725 1.6621755047721742 177
1739809122757 1.4682714793125642 178
1739809122757 1.4403891032626737 179
1739809122774 1.6514891535893281 180
1739809122798 1.624532220175327 181
1739809122821 1.3526898192862782 182
1739809122836 1.5432155104352154 183
1739809122851 1.681469755653004 184
1739809122865 1.4828204946187766 185
1739809122865 1.6568588133577749 186
1739809122897 1.4739008471170998 187
1739809122897 1.5212114321166004 188
1739809122913 1.499911217690398 189
1739809122929 1.5411713646922827 190
1739809122946 1.3157848410832558 191
1739809122962 1.390190258267411 192
1739809122978 1.641435056958994 193
1739809122994 1.423993718879714 194
1739809123010 1.6648869521466405 195
1739809123025 1.3837896002795151 196
1739809123041 1.492608660395793 197
1739809123057 1.7015700538603415 198
1739809123057 1.4396891001953442 199
1739809123077 1.851069834355391 200
1739809123089 1.4231391574062675 201
1739809123105 1.4833910138602817 202
1739809123121 1.542111776137717 203
1739809123137 1.4337840529789938 204
1739809123153 1.4402158625127115 205
1739809123169 1.5425832256144123 206
1739809123185 1.3324113748267996 207
1739809123201 1.527578247478352 208
1739809123217 1.4756236563531793 209
1739809123233 1.48951760293463 210
1739809123248 1.4993869929855603 211
1739809123264 1.7840586848830744 212
1739809123280 1.654957981933235 213
1739809123296 1.4410770363184586 214
1739809123312 1.639175056539962 215
1739809123328 1.3953246519431324 216
1739809123328 1.5042338210691206 217
1739809123344 1.3970140135789177 218
1739809123360 1.7087617630636402 219
1739809123376 1.5169742619887943 220
1739809123392 1.537281153389994 221
1739809123407 1.8054896024777325 222
1739809123423 1.4929061245091948 223
1739809123439 1.4342279733079513 224
1739809123455 1.3778220217468673 225
1739809123471 1.5142602299818868 226
1739809123487 1.7873330054029986 227
1739809123487 1.641174315360459 228
1739809123503 1.5711364780335035 229
1739809123519 1.5294921893377702 230
1739809123542 1.4473461434873434 231
1739809123551 1.287831049231174 232
1739809123567 1.3662354822463543 233
1739809123583 1.5255068362339954 234
1739809123598 1.5074547796153013 235
1739809123614 1.3623994734469098 236
1739809123630 1.3780690780527605 237
1739809123646 1.5184273010221447 238
1739809123662 1.5911347681683863 239
1739809123662 1.7025804286597113 240
1739809123678 1.427554240856072 241
1739809123694 1.394226264558657 242
1739809123710 1.4946600032406308 243
1739809123726 1.4774745578272226 244
1739809123742 1.425044818277722 245
1739809123758 1.6268841298664154 246
1739809123774 1.3521198471689917 247
1739809123790 1.3742377034280924 248
1739809123806 1.6474439710886741 249
1739809123818 1.8017444150717161 250
1739809123830 1.4996943958656639 251
1739809123838 1.611895563040654 252
1739809123854 1.6690501966452398 253
1739809123870 1.4649010800827351 254
1739809123886 1.4599237959543248 255
1739809123902 1.5531027263485437 256
1739809123918 1.7471447266533997 257
1739809123934 1.4406328532542556 258
1739809123950 1.318763592853629 259
1739809123950 1.607160562253284 260
1739809123966 1.5685808619282493 261
1739809123982 1.4322956965081048 262
1739809123998 1.741530513539744 263
1739809124014 1.800403373938987 264
1739809124031 1.6043149350450079 265
1739809124047 1.5626851037240186 266
1739809124062 1.7572357007881454 267
1739809124078 1.6290814355477763 268
1739809124094 1.5717286035246332 269
1739809124094 1.6829964649852902 270
1739809124118 1.5929476520448946 271
1739809124130 1.3383793785694091 272
1739809124142 1.4870354886761 273
1739809124158 1.580731156955536 274
1739809124174 1.6295952438543646 275
1739809124190 1.3236061881710393 276
1739809124206 1.6775902932823135 277
1739809124222 1.6070139832809331 278
1739809124232 1.4355078954436096 279
1739809124242 1.3714964438837554 280
1739809124254 1.4599847910420534 281
1739809124271 1.5567161502001756 282
1739809124285 1.6687370198386535 283
1739809124301 1.5350272078615341 284
1739809124319 1.5857575825468828 285
1739809124333 1.5707215431827668 286
1739809124351 1.514680664569276 287
