1739810166710 167.9156322239842 0
1739810166798 139.89962023151705 1
1739810166879 108.47684004166777 2
1739810166959 108.17190855604582 3
1739810167033 89.53400653903441 4
1739810167119 75.8102012329503 5
1739810167214 63.35165082432044 6
1739810167288 66.09532790248315 7
1739810167368 45.95439337121628 8
1739810167461 70.34881087113405 9
1739810167541 31.579559249776974 10
1739810167620 31.021419823798766 11
1739810167702 25.268108087227176 12
1739810167793 21.227975522935026 13
1739810167897 18.1953798368317 14
1739810167989 23.10713201310575 15
1739810168070 15.035220782321417 16
1739810168155 10.942615152270742 17
1739810168236 16.86721381770111 18
1739810168316 13.516356829246465 19
1739810168393 14.512975254229788 20
1739810168452 10.517048852309502 21
1739810168532 9.919752409620271 22
1739810168620 7.674445557258963 23
1739810168699 8.538525229463742 24
1739810168776 7.675851497497287 25
1739810168855 5.522608711194261 26
1739810168955 4.049064501732727 27
1739810169055 10.15952810122572 28
1739810169139 1.8819235986676919 29
1739810169240 4.639850033227604 30
1739810169340 6.455020099654116 31
1739810169439 4.672697978554671 32
1739810169538 5.002829936616031 33
1739810169667 6.609776274934869 34
1739810169765 2.6247152857669596 35
1739810169858 2.6433908806243407 36
1739810169949 2.640911403000927 37
1739810170053 1.9739485813443436 38
1739810170145 2.3698327442526987 39
1739810170226 2.2136546718105405 40
1739810170303 3.519554500458258 41
1739810170382 2.0024058507446214 42
1739810170460 0.9365510397236804 43
1739810170540 1.1779451933165113 44
1739810170603 5.0506958781221085 45
1739810170684 2.577013498827229 46
1739810170778 1.27556633443752 47
1739810170873 1.7033427303664563 48
1739810170957 1.2568595149532256 49
1739810171057 5.382232091265156 50
1739810171157 1.2415612432423655 51
1739810171254 3.712567744348635 52
1739810171374 2.1143863628103476 53
1739810171473 3.009802053648396 54
1739810171589 1.5958600469801902 55
1739810171722 1.439643742525877 56
1739810171816 0.3006048545365935 57
1739810171911 2.375435060746195 58
1739810172012 1.2222729043109026 59
1739810172176 2.1507910915424593 60
1739810172274 1.583529307668376 61
1739810172352 4.247171042288064 62
1739810172436 1.4395678162753018 63
1739810172513 2.5554035866094162 64
1739810172595 0.44781978406909884 65
1739810172681 3.3807964575244283 66
1739810172764 1.6754351867481039 67
1739810172839 1.436594855791683 68
1739810172919 2.551175639685963 69
1739810172995 1.8963930165053258 70
1739810173071 1.2149219549158985 71
1739810173138 2.422674423108293 72
1739810173233 1.1392018355688514 73
1739810173318 0.24860947824041513 74
1739810173402 1.2257435528705343 75
1739810173485 2.2207263915495843 76
1739810173568 2.4640218405970096 77
1739810173658 0.7975351041795254 78
1739810173739 0.8037586296632838 79
1739810173817 1.236479428586005 80
1739810173910 0.5100548537463618 81
1739810173986 2.1230281112798877 82
1739810174069 1.1672096815547952 83
1739810174150 0.9229998335620814 84
1739810174230 2.049410358152034 85
1739810174308 0.782629899644416 86
1739810174385 1.3320120950794399 87
1739810174459 0.5492450104419866 88
1739810174545 1.5976616649769442 89
1739810174628 1.6457190845899294 90
1739810174708 1.4757066135281878 91
1739810174793 0.8379270839759778 92
1739810174876 1.740524236812055 93
1739810174963 1.9248311490018648 94
1739810175045 1.7608251521882325 95
1739810175124 2.2391116419792954 96
1739810175207 1.4034951978385375 97
1739810175293 2.8521823877479386 98
1739810175375 0.6994854395985546 99
1739810175462 0.40312184684333 100
1739810175546 3.466563370602298 101
1739810175636 1.1091659857278218 102
1739810175724 1.6260827758251424 103
1739810175807 0.3067955573325929 104
1739810175899 3.2530875570375186 105
1739810175992 0.905475029337109 106
1739810176077 0.9900483722738441 107
1739810176163 1.7865457649976755 108
1739810176258 1.2210945197770913 109
1739810176346 2.7507909437220013 110
1739810176427 2.01071946117256 111
1739810176504 1.4056473263551503 112
1739810176568 0.7488579446232568 113
1739810176640 1.5229337932085998 114
1739810176719 1.106261547130995 115
1739810176799 0.8247717404088353 116
1739810176878 0.6545826491740342 117
1739810176948 1.563711621642958 118
1739810177036 0.8010942219818854 119
1739810177113 1.7844233771308644 120
1739810177189 0.7111964508682168 121
1739810177256 1.5362827725783545 122
1739810177338 0.05877013991041342 123
1739810177419 1.1964135256287676 124
1739810177497 2.0899268797097292 125
1739810177582 2.1586777899969807 126
1739810177654 0.9245763491381646 127
1739810177726 1.628452852996759 128
1739810177810 0.5967688661850495 129
1739810177907 1.0966310945354854 130
1739810177990 0.6582084557289896 131
1739810178073 0.4731978345577514 132
1739810178153 1.6711616273452239 133
1739810178217 2.3215431249231995 134
1739810178296 2.0447645004410497 135
1739810178381 0.25258450662984244 136
1739810178466 0.775803592046405 137
1739810178540 2.086766875107073 138
1739810178624 0.28318326001769867 139
1739810178702 1.1011757983447463 140
1739810178781 1.0351184038997037 141
1739810178869 2.5170452005787447 142
1739810178947 1.0356544377617276 143
1739810179022 1.5786893691077637 144
1739810179108 1.010330357386901 145
1739810179205 1.8062617411098842 146
1739810179272 1.187608169777917 147
1739810179351 1.4588515828711277 148
1739810179440 0.6355677500804187 149
1739810179506 0.301924237347884 150
1739810179592 1.6019389487879623 151
1739810179677 0.5257809704292742 152
1739810179762 1.6903264533484526 153
1739810179848 0.18810254440260607 154
1739810179928 2.959521230072821 155
1739810179989 1.6840915461133794 156
1739810180069 1.4420066817836599 157
