1739810231424 169.089027582395 0
1739810231438 168.4149508777079 1
1739810231455 167.74896706698976 2
1739810231475 167.08563177654344 3
1739810231494 166.42491167317752 4
1739810231508 165.7668419085862 5
1739810231522 165.11138911624187 6
1739810231537 164.45854286419467 7
1739810231558 163.80827022427124 8
1739810231572 163.16060603863465 9
1739810231572 162.5155173459161 10
1739810231599 161.87299387971385 11
1739810231606 161.2330254146001 12
1739810231623 160.59557950083138 13
1739810231639 159.9606906382155 14
1739810231657 159.32832634394893 15
1739810231672 158.6984765548727 16
1739810231689 158.07113124798997 17
1739810231706 157.44625844351415 18
1739810231722 156.8238923036585 19
1739810231737 156.20400081572168 20
1739810231755 155.5865741157614 21
1739810231771 154.97158060994855 22
1739810231788 154.35905416178812 23
1739810231807 153.74896314469916 24
1739810231825 153.14129785126838 25
1739810231838 152.53602706827854 26
1739810231860 151.93318436369518 27
1739810231871 151.332738491718 28
1739810231888 150.73467989897713 29
1739810231907 150.13899907022875 30
1739810231923 149.54566524061892 31
1739810231938 148.95471165314308 32
1739810231951 148.3661075105334 33
1739810231955 147.77984344853814 34
1739810231980 147.19588907123497 35
1739810231998 146.61427733294943 36
1739810232017 146.0349778055266 37
1739810232035 145.45798127330914 38
1739810232053 144.88325770417947 39
1739810232074 144.31083976690667 40
1739810232091 143.7406973973268 41
1739810232106 143.1728215260176 42
1739810232121 142.60718247960446 43
1739810232138 142.04381264439633 44
1739810232154 141.4826823151637 45
1739810232180 140.92378256639722 46
1739810232200 140.36710450820672 47
1739810232221 139.8126188886379 48
1739810232237 139.2603577852766 49
1739810232264 138.7102919145101 50
1739810232287 138.1624125275105 51
1739810232323 137.6166907200112 52
1739810232354 137.07315829384314 53
1739810232380 136.53178631328353 54
1739810232394 135.99256616832704 55
1739810232424 135.45546929753965 56
1739810232442 134.92052723003718 57
1739810232463 134.38771137313623 58
1739810232486 133.85701325344962 59
1739810232506 133.32840464758274 60
1739810232529 132.80191681495842 61
1739810232550 132.27752150114355 62
1739810232570 131.75521036720005 63
1739810232589 131.2349555230404 64
1739810232605 130.71678796139884 65
1739810232621 130.20067976136448 66
1739810232656 129.6866227163136 67
1739810232674 129.17458926479384 68
1739810232699 128.6646101358372 69
1739810232722 128.15665773738718 70
1739810232744 127.65070477145156 71
1739810232765 127.14678173116022 72
1739810232788 126.64486128813303 73
1739810232807 126.14493546226178 74
1739810232823 125.64697727605794 75
1739810232847 125.15101696432923 76
1739810232860 124.6570275194248 77
1739810232876 124.16500108785321 78
1739810232906 123.67491100812025 79
1739810232928 123.18678725964709 80
1739810232942 122.70060315100626 81
1739810232956 122.21635095331274 82
1739810232972 121.73400431661466 83
1739810232992 121.25359296786404 84
1739810233006 120.77509052740824 85
1739810233038 120.29848938899018 86
1739810233055 119.82376350980499 87
1739810233071 119.35094236723491 88
1739810233089 118.87999988900995 89
1739810233105 118.41091027984822 90
1739810233122 117.9437027917719 91
1739810233138 117.47835160026247 92
1739810233154 117.01484930899625 93
1739810233178 116.55317042218202 94
1739810233190 116.09334394749942 95
1739810233206 115.6353443601616 96
1739810233222 115.17916438119265 97
1739810233238 114.7247788100494 98
1739810233271 114.27221641291688 99
1739810233287 113.82145196050016 100
1739810233308 113.37246049095383 101
1739810233328 112.92527055112552 102
1739810233345 112.47985715065239 103
1739810233365 112.03621321145243 104
1739810233383 111.59431405953448 105
1739810233400 111.15418800538873 106
1739810233405 110.71581034675503 107
1739810233422 110.27915664285582 108
1739810233438 109.8442549886751 109
1739810233454 109.41108091540394 110
1739810233470 108.97962754030573 111
1739810233485 108.54987070322576 112
1739810233501 108.1218382678698 113
1739810233517 107.6955060463044 114
1739810233533 107.27086726498648 115
1739810233549 106.84789804037999 116
1739810233565 106.42662600767561 117
1739810233570 106.0070272558136 118
1739810233581 105.58907812613825 119
1739810233607 105.17280604418183 120
1739810233621 104.75818732400727 121
1739810233636 104.34521537900588 122
1739810233644 103.93386682015671 123
1739810233660 103.52416884946567 124
1739810233673 103.11609805088918 125
1739810233694 102.70963125510654 126
1739810233706 102.30479545818498 127
1739810233725 101.90156746402609 128
1739810233741 101.49992432078194 129
1739810233754 101.0998928202467 130
1739810233769 100.70144998404054 131
1739810233773 100.3045894836838 132
1739810233796 99.90928862719521 133
1739810233807 99.51557398998077 134
1739810233828 99.12342285379057 135
1739810233842 98.73281273909808 136
1739810233859 98.3437700206926 137
1739810233874 97.95627219302712 138
1739810233891 97.57031310226436 139
1739810233909 97.18587052212746 140
1739810233924 96.80297061586376 141
1739810233938 96.42159113144197 142
1739810233950 96.04171005013184 143
1739810233957 95.66335333817683 144
1739810233979 95.28649895134247 145
1739810233990 94.91112507633257 146
1739810234012 94.53725748400637 147
1739810234023 94.16487433581425 148
1739810234039 93.79396971907494 149
1739810234058 93.42452206448374 150
1739810234074 93.05655693829256 151
1739810234089 92.69005274621273 152
1739810234105 92.32498811961901 153
1739810234117 91.9613884329286 154
1739810234138 91.5992322927849 155
1739810234140 91.2384985291939 156
1739810234171 90.87921232633106 157
1739810234185 90.52135248972412 158
1739810234200 90.16489804598166 159
1739810234205 89.80987399062154 160
1739810234228 89.45625932602768 161
1739810234236 89.10404843893822 162
1739810234256 88.75322058830676 163
1739810234271 88.40380057395787 164
1739810234287 88.05576763089351 165
1739810234301 87.70910121010759 166
1739810234314 87.36382592623428 167
1739810234335 87.01992120657086 168
1739810234361 86.67736669218462 169
1739810234380 86.33618681407692 170
1739810234403 85.99636118987374 171
1739810234408 85.65786964876732 172
1739810234432 85.32073643967529 173
1739810234437 84.98494136860427 174
1739810234454 84.65046445094104 175
1739810234470 84.31732975506038 176
1739810234491 83.98551727341956 177
1739810234506 83.65502174052358 178
1739810234523 83.32582339037891 179
1739810234541 82.9979461064187 180
1739810234557 82.67137009999584 181
1739810234573 82.34607578697559 182
1739810234590 82.02208687361386 183
1739810234606 81.69938375337928 184
1739810234606 81.37794702212447 185
1739810234636 81.05780021044224 186
1739810234649 80.73892389204575 187
1739810234658 80.42129884092103 188
1739810234679 80.1049484135036 189
1739810234687 79.7898533618975 190
1739810234710 79.47599463638534 191
1739810234719 79.16339542074304 192
1739810234740 78.85203664362884 193
1739810234741 78.5418994298025 194
1739810234765 78.2330067918697 195
1739810234782 77.92533983322342 196
1739810234795 77.61887985129796 197
1739810234811 77.31364968900984 198
1739810234826 77.00963062268433 199
1739810234840 76.70680412064442 200
1739810234855 76.40519285759044 201
1739810234861 76.10477828099421 202
1739810234884 75.80554202829806 203
1739810234889 75.5075066074511 204
1739810234910 75.21065363530235 205
1739810234924 74.91496491666092 206
1739810234939 74.62046279418114 207
1739810234955 74.3271290523367 208
1739810234966 74.0349456615669 209
1739810234974 73.74393480067985 210
1739810234993 73.4540784200374 211
1739810235003 73.16535865398885 212
1739810235019 72.87779751893643 213
1739810235035 72.59137712940979 214
1739810235051 72.30607978196399 215
1739810235061 72.02192733202759 216
1739810235077 71.73890205659379 217
1739810235097 71.45698641273488 218
1739810235114 71.17620209633003 219
1739810235131 70.89653154514734 220
1739810235145 70.61795737510374 221
1739810235163 70.34050112394496 222
1739810235175 70.06414538854133 223
1739810235189 69.78887294199717 224
1739810235204 69.51470516533283 225
1739810235224 69.24162481286348 226
1739810235241 68.96961481323918 227
1739810235254 68.6986963921548 228
1739810235267 68.4288524597285 229
1739810235271 68.1600660985296 230
1739810235295 67.8923583803194 231
1739810235312 67.62571236939239 232
1739810235325 67.36011130062577 233
1739810235339 67.09557609323123 234
1739810235361 66.83208996406808 235
1739810235379 66.56963629872494 236
1739810235398 66.3082358652399 237
1739810235406 66.04787203144036 238
1739810235432 65.788528332045 239
1739810235441 65.53022538528612 240
1739810235459 65.2729467083775 241
1739810235472 65.01667598360103 242
1739810235490 64.76143368074325 243
1739810235504 64.50720346483723 244
1739810235521 64.25396916417574 245
1739810235536 64.00175110145169 246
1739810235549 63.75052103587819 247
1739810235567 63.50029913936716 248
1739810235578 63.25106934664101 249
1739810235597 63.002815752535824 250
1739810235615 62.7555583843035 251
1739810235630 62.50928132027847 252
1739810235640 62.263968797140095 253
1739810235660 62.019640698810555 254
1739810235687 61.7762812457222 255
1739810235702 61.53387481489808 256
1739810235714 61.292441148252955 257
1739810235721 61.05196460681715 258
1739810235744 60.81242970647163 259
1739810235757 60.573856048438394 260
1739810235773 60.33622813285953 261
1739810235788 60.09953061300211 262
1739810235805 59.86378295070204 263
1739810235810 59.628969783740935 264
1739810235832 59.39507590131363 265
1739810235839 59.162120627169024 266
1739810235861 58.93007733044699 267
1739810235872 58.698965190090355 268
1739810235892 58.46876909681192 269
1739810235906 58.239474089751276 270
1739810235922 58.01109921210963 271
1739810235938 57.78362948828047 272
1739810235951 57.55705008941007 273
1739810235961 57.33137992423558 274
1739810235982 57.10660414940869 275
1739810235989 56.88270806667359 276
1739810236009 56.659710451573126 277
1739810236021 56.43758553715542 278
1739810236037 56.21635195740302 279
1739810236053 55.99599511303959 280
1739810236064 55.776500546979385 281
1739810236069 55.55788676230783 282
1739810236092 55.34013928817861 283
1739810236101 55.12324379431241 284
1739810236120 54.90721865414609 285
1739810236132 54.69204952388911 286
1739810236148 54.47772219870749 287
1739810236157 54.264254923630645 288
1739810236178 54.051622764298735 289
1739810236189 53.83984382735601 290
1739810236207 53.62890400451889 291
1739810236221 53.41878932364084 292
1739810236232 53.209517765207956 293
1739810236237 53.00107534429044 294
1739810236259 52.79344821052095 295
1739810236272 52.58665421944736 296
1739810236288 52.38067950816597 297
1739810236288 52.17551034677367 298
1739810236314 51.97116446709275 299
1739810236328 51.76761773701325 300
1739810236340 51.56488775307778 301
1739810236358 51.36296087960904 302
1739810236372 51.16182361119101 303
1739810236373 50.96149342284267 304
1739810236398 50.76195679733297 305
1739810236408 50.56320034616487 306
1739810236428 50.365241424025626 307
1739810236441 50.16805647827 308
1739810236456 49.971662730556666 309
1739810236472 49.776046884986975 310
1739810236484 49.58119577171407 311
1739810236488 49.38712649423255 312
1739810236513 49.193825871596566 313
1739810236523 49.00128084741881 314
1739810236542 48.80950840820108 315
1739810236555 48.61848556542478 316
1739810236571 48.42822917477768 317
1739810236587 48.23872627089474 318
1739810236598 48.049964010343146 319
1739810236603 47.86195913395154 320
1739810236626 47.6746987878986 321
1739810236634 47.488170238835245 322
1739810236656 47.30239011388193 323
1739810236657 47.11733597365571 324
1739810236681 46.933024316641514 325
1739810236692 46.74944249898597 326
1739810236711 46.56657799473656 327
1739810236728 46.38444719076992 328
1739810236745 46.20303755144969 329
1739810236757 46.022336657612854 330
1739810236773 45.842360785658585 331
1739810236789 45.663088030688044 332
1739810236805 45.48453454260753 333
1739810236805 45.30668799027136 334
1739810236829 45.12953615648943 335
1739810236836 44.95309508275716 336
1739810236852 44.77735254289938 337
1739810236868 44.60229642330095 338
1739810236886 44.42794265815727 339
1739810236900 44.254269862733686 340
1739810236913 44.081293846840005 341
1739810236916 43.90900258344655 342
1739810236940 43.737384155618585 343
1739810236948 43.56645426789932 344
1739810236968 43.39619187354245 345
1739810236980 43.2266125540542 346
1739810236996 43.0577044782134 347
1739810237011 42.889455922461444 348
1739810237011 42.72188236505045 349
1739810237040 42.55497207458349 350
1739810237051 42.388713425981365 351
1739810237057 42.22312179532073 352
1739810237079 42.05817663324186 353
1739810237089 41.89389319483425 354
1739810237105 41.73025993937304 355
1739810237121 41.567265430069554 356
1739810237137 41.40492482181781 357
1739810237137 41.243217889272096 358
1739810237162 41.08215966765236 359
1739810237172 40.92173880369659 360
1739810237184 40.76194404572912 361
1739810237200 40.602790330733754 362
1739810237218 40.444257752064544 363
1739810237232 40.28636112833055 364
1739810237245 40.129089290571464 365
1739810237257 39.97243116909494 366
1739810237273 39.81640148621263 367
1739810237273 39.66098064873888 368
1739810237303 39.50618326189639 369
1739810237316 39.35199833791289 370
1739810237326 39.19841498599638 371
1739810237336 39.045447716990665 372
1739810237359 38.89308563428118 373
1739810237368 38.74131793697484 374
1739810237388 38.59015904255899 375
1739810237399 38.43958981670829 376
1739810237415 38.28962456177127 377
1739810237432 38.1402525575352 378
1739810237438 37.99146317726906 379
1739810237447 37.843270631851965 380
1739810237473 37.69565608733531 381
1739810237479 37.54863364071059 382
1739810237500 37.40219274517229 383
1739810237512 37.256322945186845 384
1739810237528 37.11103824814327 385
1739810237543 36.966320115489566 386
1739810237558 36.82218244196514 387
1739810237573 36.67861485122196 388
1739810237585 36.535607056003656 389
1739810237589 36.39317286329422 390
1739810237612 36.25129402502823 391
1739810237621 36.10998423676488 392
1739810237639 35.96923328970798 393
1739810237653 35.82903106200201 394
1739810237669 35.689391163278025 395
1739810237675 35.55029563111634 396
1739810237692 35.41175796493489 397
1739810237710 35.27376812062738 398
1739810237725 35.13631613890575 399
1739810237732 34.9994154350676 400
1739810237752 34.8630483275663 401
1739810237758 34.727228122684956 402
1739810237780 34.591944938187936 403
1739810237789 34.4571889745639 404
1739810237809 34.32297345576391 405
1739810237825 34.18928097640901 406
1739810237837 34.05612465262156 407
1739810237837 33.92349476125958 408
1739810237864 33.79138165983946 409
1739810237869 33.659798383920524 410
1739810237893 33.52872779965243 411
1739810237901 33.39818283593872 412
1739810237920 33.26814649833646 413
1739810237933 33.1386316096383 414
1739810237948 33.00962868088718 415
1739810237964 32.88112830083991 416
1739810237976 32.75314321428902 417
1739810237980 32.625656691737724 418
1739810238005 32.498681373022265 419
1739810238012 32.372207921684115 420
1739810238033 32.246227076979224 421
1739810238044 32.12075140246622 422
1739810238060 31.995764429112196 423
1739810238076 31.871278616661463 424
1739810238090 31.74728477851653 425
1739810238097 31.623773801821855 426
1739810238117 31.50075807174774 427
1739810238123 31.378221375306282 428
1739810238145 31.256175994983042 429
1739810238155 31.134612891443496 430
1739810238170 31.013523097149104 431
1739810238186 30.89291882169639 432
1739810238198 30.77278410378589 433
1739810238202 30.653131051446472 434
1739810238226 30.533943834928255 435
1739810238234 30.415234461215114 436
1739810238256 30.2969941088902 437
1739810238257 30.179214025553343 438
1739810238281 30.061906147745763 439
1739810238289 29.94505489121257 440
1739810238310 29.828672092549375 441
1739810238321 29.71274907142593 442
1739810238339 29.59727721464559 443
1739810238339 29.48226829000125 444
1739810238366 29.36770695452411 445
1739810238371 29.253604877148675 446
1739810238393 29.13995351616385 447
1739810238403 29.026744395134447 448
1739810238421 28.91398911581401 449
1739810238435 28.80167257237046 450
1739810238451 28.68980626877409 451
1739810238451 28.578375224979073 452
1739810238478 28.467390847678406 453
1739810238485 28.35684480119292 454
1739810238507 28.24672881246186 455
1739810238515 28.13705422335592 456
1739810238534 28.02780628505786 457
1739810238547 27.918996243218956 458
1739810238563 27.810609472468013 459
1739810238563 27.702657122735978 460
1739810238589 27.595131059573276 461
1739810238594 27.48802320854043 462
1739810238616 27.381344657068674 463
1739810238625 27.27508100522196 464
1739810238640 27.169243245751996 465
1739810238655 27.06382337358787 466
1739810238671 26.95881344190591 467
1739810238687 26.854224382510544 468
1739810238699 26.750042016972948 469
1739810238707 26.64627718344707 470
1739810238727 26.542915823099914 471
1739810238742 26.439968680922558 472
1739810238758 26.33742794516866 473
1739810238758 26.235285859812475 474
1739810238782 26.133553111160236 475
1739810238789 26.032215856283138 476
1739810238810 25.931284689336884 477
1739810238821 25.83074588476913 478
1739810238837 25.73060994506601 479
1739810238853 25.630869247266062 480
1739810238865 25.531516221648587 481
1739810238868 25.432561314242363 482
1739810238884 25.33399100990506 483
1739810238900 25.235815663991637 484
1739810238918 25.13802777418796 485
1739810238932 25.04061988974827 486
1739810238948 24.94360231105526 487
1739810238948 24.846961729659007 488
1739810238974 24.750708356252797 489
1739810238980 24.654828996114794 490
1739810239001 24.5593337707187 491
1739810239012 24.464215359067868 492
1739810239028 24.369466489332027 493
1739810239028 24.27509723018179 494
1739810239054 24.181094588274277 495
1739810239060 24.087468544028685 496
1739810239082 23.994206215725605 497
1739810239092 23.90131749599622 498
1739810239110 23.808795240869816 499
