1739809235707 12.34576852774336 0
1739809235718 2.7437271245852317 1
1739809235740 2.0615407952657163 2
1739809235750 1.5946750541121826 3
1739809235766 1.8153469512905518 4
1739809235782 1.5605408607031832 5
1739809235802 1.697517160078788 6
1739809235813 1.1224462975361478 7
1739809235829 1.4782212842110527 8
1739809235845 1.5810633191755794 9
1739809235861 1.4383384200089742 10
1739809235877 1.829062562835859 11
1739809235882 1.5292660396970577 12
1739809235897 1.4606638025574694 13
1739809235921 1.5434508073833615 14
1739809235926 1.5004875427382331 15
1739809235948 1.564406295556479 16
1739809235955 1.4290809138569798 17
1739809235971 1.4950005719614583 18
1739809235986 1.6740778606126643 19
1739809236002 1.4533204376584146 20
1739809236033 1.4953174989960956 21
1739809236047 1.4933289860048655 22
1739809236061 1.6713870115401162 23
1739809236081 1.516653954659498 24
1739809236098 1.7225380989627797 25
1739809236116 1.4252133135636473 26
1739809236124 1.442251133343394 27
1739809236140 1.4763912473531775 28
1739809236156 1.4845640807867932 29
1739809236172 1.735688681943548 30
1739809236178 1.575988746501201 31
1739809236192 1.4603315696488948 32
1739809236207 1.5977792177669783 33
1739809236229 1.6317895056125615 34
1739809236236 1.4149167912506493 35
1739809236252 1.7219357307354632 36
1739809236268 1.4771479224796729 37
1739809236287 1.6568719444439661 38
1739809236300 1.5559571403976087 39
1739809236316 1.3425149045382907 40
1739809236332 1.6148839063819813 41
1739809236358 1.380521044317448 42
1739809236375 1.4547389630205039 43
1739809236389 1.4246547743880789 44
1739809236395 1.6868833026742875 45
1739809236418 1.31961646438592 46
1739809236426 1.7805838089356556 47
1739809236451 1.5620198679765183 48
1739809236466 1.5240854042718208 49
1739809236478 1.4110721073516417 50
1739809236496 1.3832029255119487 51
1739809236509 1.329126405156982 52
1739809236525 1.4599636235818367 53
1739809236541 1.684117698862194 54
1739809236557 1.4402907116106773 55
1739809236573 1.5714865531188378 56
1739809236577 1.5378777267927857 57
1739809236602 1.485043400902411 58
1739809236618 1.3099036422330292 59
1739809236634 1.5450604910926529 60
1739809236650 1.6448500494345564 61
1739809236661 1.2700498801392697 62
1739809236677 1.4694632775303322 63
1739809236693 1.5893153728719844 64
1739809236709 1.602682576791527 65
1739809236722 1.4437799087758838 66
1739809236727 1.473458624484792 67
1739809236752 1.3945245291142063 68
1739809236761 1.4346087229468385 69
1739809236785 1.5429479032196745 70
1739809236799 1.553512850369251 71
1739809236812 1.5261800901451537 72
1739809236828 1.3693369777174405 73
1739809236844 1.6239148213887022 74
1739809236849 1.573255024438091 75
1739809236875 1.6421179403917556 76
1739809236891 1.6891023131107423 77
1739809236907 1.3825775698490241 78
1739809236923 1.405131829107186 79
1739809236939 1.6025922187542967 80
1739809236955 1.4280201383588342 81
1739809236971 1.4833538151392918 82
1739809236986 1.4670706237080808 83
1739809236999 1.5266604149197778 84
1739809237009 1.507353251314604 85
1739809237031 1.5807634387210057 86
1739809237041 1.3082805680632639 87
1739809237060 1.5405894105303748 88
1739809237073 1.524175787789486 89
1739809237089 1.7269210484756372 90
1739809237105 1.2796143937155535 91
1739809237120 1.7413885610548288 92
1739809237125 1.5656878453120777 93
1739809237149 1.6279595949256103 94
1739809237157 1.5862198034710497 95
1739809237178 1.4608535107647278 96
1739809237184 1.6605397559526878 97
1739809237206 1.4340144161556188 98
1739809237216 1.619076170647687 99
1739809237234 1.5286625546865662 100
1739809237248 1.4336943516071765 101
1739809237264 1.7440048240013208 102
1739809237279 1.8172492584209956 103
1739809237293 1.7328951333773477 104
1739809237299 1.4768327757101354 105
1739809237322 1.4396502244193725 106
1739809237327 1.3387349386322727 107
1739809237352 1.3465218370979484 108
1739809237359 1.555643468405372 109
1739809237381 1.7180720176957756 110
1739809237391 1.2859729278100995 111
1739809237409 1.6400533678923723 112
1739809237423 1.5227908855769354 113
1739809237439 1.5469612590371444 114
1739809237455 1.3937576857067178 115
1739809237471 1.425979867293543 116
1739809237484 1.5790031970761158 117
1739809237499 1.3966418887596936 118
1739809237510 1.518014631722916 119
1739809237528 1.6367591330158533 120
1739809237544 1.3996457747657716 121
1739809237560 1.7498169324384452 122
1739809237575 1.4107017800507207 123
1739809237589 1.647979544086468 124
1739809237607 1.6016910724632087 125
1739809237624 1.5185197787349107 126
1739809237631 1.4271418555852673 127
1739809237653 1.5715382199862913 128
1739809237672 1.5675124505767721 129
1739809237689 1.4013180011671076 130
1739809237700 1.5025872176720163 131
1739809237722 1.5022005813684962 132
1739809237733 1.544534475636516 133
1739809237757 1.8253075136706445 134
1739809237762 1.5463322038182796 135
1739809237787 1.441696763286357 136
1739809237803 1.42309007633539 137
1739809237812 1.4565192337706208 138
1739809237829 1.481118202266359 139
1739809237850 1.37809578894014 140
1739809237866 1.4683430075199286 141
1739809237879 1.6120341885465388 142
1739809237899 1.639066881513159 143
1739809237914 1.5541604048598028 144
1739809237929 1.354777175241562 145
1739809237943 1.5568450581345856 146
1739809237959 1.1665250280499462 147
1739809237968 1.5381239515146163 148
1739809237990 1.3866387946135161 149
1739809238004 1.5011863332095117 150
1739809238012 1.4155390528199534 151
1739809238033 1.6857124131838959 152
1739809238044 1.3953329889684856 153
1739809238062 1.3461158156967046 154
1739809238076 1.4983044131068322 155
1739809238082 1.4698083040885792 156
1739809238096 1.5752308918902258 157
1739809238124 1.558466269296846 158
1739809238139 1.5700195310473182 159
1739809238154 1.585953059563631 160
1739809238161 1.4240117735960227 161
1739809238183 1.5273329357620966 162
1739809238193 1.3575605267168123 163
1739809238211 1.5869345342757912 164
1739809238225 1.4773090793035877 165
1739809238239 1.4981157717024758 166
1739809238245 1.7183590968970877 167
1739809238269 1.3376069497491607 168
1739809238273 1.6022301096326195 169
1739809238299 1.4835972383500518 170
1739809238316 1.5037015866978332 171
1739809238331 1.3917869537846355 172
1739809238346 1.6463947782169408 173
1739809238362 1.3948961812263874 174
1739809238380 1.6857740230400489 175
1739809238396 1.6186239291115687 176
1739809238410 1.4460032041848805 177
1739809238424 1.6903884746944433 178
1739809238428 1.4814076660838236 179
1739809238454 1.5690187563251325 180
1739809238460 1.4779901319762687 181
1739809238484 1.5851039181343476 182
1739809238492 1.5588373542216245 183
1739809238507 1.3618962888890829 184
1739809238529 1.5960688048854985 185
1739809238558 1.502754469008579 186
1739809238574 1.8659602590193922 187
1739809238589 1.8279100722709807 188
1739809238596 1.446027825244053 189
1739809238612 1.6158205469601987 190
1739809238628 1.4793083104300273 191
1739809238650 1.4689158180571444 192
1739809238659 1.663637568629576 193
1739809238675 1.6769709901725263 194
1739809238694 1.567777688559781 195
1739809238707 1.5393060208486984 196
1739809238723 1.2906286057528369 197
1739809238739 1.3438335137330484 198
1739809238755 1.5313345979609594 199
1739809238771 1.650931398726119 200
1739809238787 1.5857968663971587 201
1739809238792 1.6083124363776353 202
1739809238807 1.569631197691692 203
1739809238830 1.5249363153959907 204
1739809238835 1.4129427199122788 205
1739809238850 1.4702020505440883 206
1739809238872 1.6120904167524912 207
1739809238886 1.510238727872247 208
1739809238906 1.6367494686219042 209
1739809238915 1.535575438243959 210
1739809238939 1.7675494488536516 211
1739809238954 1.428123243395664 212
1739809238963 1.3837578141769509 213
1739809238979 1.4793635199692432 214
1739809238994 1.3986649637039457 215
1739809239011 1.4151308518036159 216
1739809239027 1.3398650285619313 217
1739809239042 1.4179221858901487 218
1739809239058 1.5911491204802404 219
1739809239074 1.609636090320869 220
1739809239089 1.6995572000890289 221
1739809239095 1.6904355074025477 222
1739809239110 1.571202045113634 223
1739809239136 1.4774240718990472 224
1739809239152 1.5895683069163733 225
1739809239166 1.3300517141764299 226
1739809239178 1.4815505942216327 227
1739809239194 1.652251340772169 228
1739809239210 1.5256146799403119 229
1739809239225 1.5255283233918713 230
1739809239231 2.087115932133997 231
1739809239245 1.4010742161857876 232
1739809239261 1.7332292053717289 233
1739809239275 1.9208490375345497 234
1739809239289 1.4497627901283234 235
1739809239314 1.346220330820577 236
1739809239321 1.6147075456733655 237
1739809239337 1.2571263108208697 238
1739809239360 1.6502642765336568 239
1739809239376 1.4368662839843036 240
1739809239378 1.6627664347070972 241
1739809239394 1.5737296732016646 242
1739809239410 1.5512813802772782 243
1739809239426 1.5997411411302032 244
1739809239442 1.3334680314675003 245
1739809239458 1.6443747403796771 246
1739809239474 1.3798521486457707 247
1739809239489 1.6397708026123008 248
1739809239505 1.5857353628033437 249
1739809239521 1.4364639687048153 250
1739809239541 1.702629011372921 251
1739809239556 1.5131354068981369 252
1739809239572 1.536260800860495 253
1739809239579 1.7187009943898344 254
1739809239595 1.525058929056041 255
1739809239611 1.4892273222126595 256
1739809239627 1.341788326054557 257
1739809239643 1.4421550338859002 258
1739809239659 1.6133560735378445 259
1739809239675 1.8129362596325418 260
1739809239691 1.43435992941674 261
1739809239706 1.587732536233154 262
1739809239722 1.5121235751334303 263
1739809239740 1.6922194751556803 264
1739809239756 1.72455049472301 265
1739809239766 1.6518456818864005 266
1739809239778 1.4229168535342662 267
1739809239794 1.372718289166318 268
1739809239810 1.7134790232124468 269
1739809239830 1.5417169452585886 270
1739809239842 1.443047455167504 271
1739809239858 1.554460326446055 272
1739809239874 1.573202960719492 273
1739809239889 1.4696651459741654 274
1739809239905 1.3981658921154163 275
1739809239921 1.6507868786474724 276
1739809239936 1.5710448430718003 277
1739809239952 1.549201264368122 278
1739809239968 1.459158848417216 279
1739809239982 1.5219033319279076 280
1739809239995 1.6698914803609097 281
1739809240010 1.49548056228153 282
1739809240015 1.3188673263410893 283
1739809240026 1.3163983897822045 284
1739809240049 1.7858010337111752 285
1739809240061 1.6574653571582578 286
1739809240075 1.2476999590391495 287
1739809240090 1.388776363691299 288
1739809240106 1.8737439321636875 289
1739809240122 1.4506654628437083 290
1739809240146 1.8300635624045467 291
1739809240162 1.6276680525936762 292
1739809240177 1.3517868953456447 293
1739809240183 1.5201204773549364 294
1739809240195 1.6377429943357236 295
1739809240213 1.3949556832011436 296
1739809240229 1.4515589604618653 297
1739809240245 1.4852600764051191 298
1739809240275 1.4401182653979476 299
1739809240290 1.6616574347038593 300
1739809240306 1.6573650194993785 301
1739809240322 1.5546728489274897 302
1739809240338 1.3247625230434972 303
1739809240352 1.5396052335404808 304
1739809240363 1.5200705306429314 305
1739809240379 1.6148168709231627 306
1739809240395 1.8156285013892066 307
1739809240410 1.7522704987407263 308
1739809240426 1.4596406150231056 309
1739809240432 1.6099446910413853 310
1739809240446 1.5683131548564506 311
1739809240461 1.459629845205656 312
1739809240476 1.501553000894544 313
1739809240492 1.4313214505346 314
1739809240517 1.5769322329542994 315
1739809240531 1.6947844648175903 316
1739809240545 1.5666083891028644 317
1739809240564 1.5164557191157702 318
1739809240580 1.4232646275518253 319
1739809240597 1.5838151328356658 320
1739809240613 1.4412106221173742 321
1739809240630 1.9478866067542169 322
1739809240649 1.6663292887243646 323
1739809240663 1.7665805548519866 324
1739809240679 1.6106705593194608 325
1739809240696 1.5315597916700283 326
1739809240716 1.6659831856020468 327
1739809240734 1.336339466023409 328
1739809240752 1.7107765496859284 329
1739809240768 1.6829233012336042 330
1739809240780 1.458794462988286 331
1739809240797 1.4826086347534746 332
1739809240813 1.4133657543318974 333
1739809240830 1.6100000555868454 334
1739809240846 1.4488837364752336 335
1739809240863 1.4649575121728768 336
1739809240879 1.2977242456626683 337
1739809240899 1.443022813863969 338
1739809240914 1.336239784175026 339
1739809240928 1.5561044714544954 340
1739809240929 1.4461467067158114 341
1739809240952 1.7777325759963516 342
1739809240977 1.4178841092276497 343
1739809240999 1.5402676663985857 344
1739809241023 1.510515085904449 345
1739809241048 1.552772461136051 346
1739809241066 1.3228018683612783 347
1739809241083 1.544362775130677 348
1739809241099 1.5182514077866043 349
1739809241117 1.4674186434502163 350
1739809241132 1.509908592902539 351
1739809241148 1.5998514883602803 352
1739809241162 1.6518931206457435 353
1739809241177 1.5776025659879216 354
1739809241183 1.484645818769277 355
1739809241200 1.6177443722368163 356
1739809241222 1.6966298190834044 357
1739809241237 1.3948583595070791 358
1739809241245 1.6395323577716068 359
1739809241264 1.4824293084359872 360
1739809241285 1.4315638774767125 361
1739809241299 1.4737464127430848 362
1739809241312 1.6383337280659986 363
1739809241329 1.7129679427816675 364
1739809241334 1.6348121606868202 365
1739809241358 1.6390887591610266 366
1739809241374 1.4275887950865687 367
1739809241382 1.3566648068013851 368
1739809241397 1.6720290681898817 369
1739809241418 1.5398164636184253 370
1739809241432 1.486374927527404 371
1739809241445 1.414584446962445 372
1739809241463 1.519103839570543 373
1739809241477 1.4643847547814455 374
1739809241494 1.4425382515915504 375
1739809241509 1.4441904173772926 376
1739809241521 1.3615979514716228 377
1739809241532 1.6132614657950342 378
1739809241555 1.4465449132213666 379
1739809241569 1.6249105754220465 380
1739809241578 1.5514232846121654 381
1739809241597 1.6426283502749053 382
1739809241616 1.4311248959473293 383
1739809241630 1.645007093753155 384
1739809241646 1.4217164389167727 385
1739809241646 1.440192235078711 386
1739809241672 1.3617299460653733 387
1739809241690 1.5808369274144014 388
1739809241705 1.6886104284796546 389
1739809241712 1.6219548989852637 390
1739809241735 1.5827936879722841 391
1739809241753 1.5792862137120176 392
1739809241767 1.5896030959442755 393
1739809241780 1.3397474516848922 394
1739809241798 1.5110329524021784 395
1739809241798 1.3887731876543983 396
1739809241825 1.525781818014462 397
1739809241839 1.5194502353007229 398
1739809241851 1.3934037955062855 399
1739809241864 1.632983293050914 400
1739809241882 1.5077108241503763 401
1739809241898 1.5696354938656645 402
1739809241913 1.540092033513607 403
1739809241915 1.778207163409874 404
1739809241939 1.4126285285474312 405
1739809241957 1.6535904639715162 406
1739809241972 1.4465369944803752 407
1739809241986 1.6965991458697796 408
1739809242001 1.6622210089137988 409
1739809242015 1.7109444655459527 410
1739809242030 1.3966278787680375 411
1739809242044 1.5685940730615093 412
1739809242057 1.5090068660363585 413
1739809242065 1.4889000299822073 414
1739809242088 1.5587409425445937 415
1739809242098 1.6121907545192828 416
1739809242119 1.4529457804506456 417
1739809242134 1.3924298224485903 418
1739809242153 1.3587246207098498 419
1739809242164 1.6056487063281784 420
1739809242182 1.5879718125729447 421
1739809242198 1.6643329723307931 422
1739809242214 1.5342296530771746 423
1739809242231 1.4904263294775415 424
1739809242242 1.615878005316426 425
1739809242249 1.8727939324716927 426
1739809242272 1.912788783371653 427
1739809242291 1.3451553437010104 428
1739809242306 1.4504727156661272 429
1739809242323 1.5465466783067428 430
1739809242339 1.5784110588506655 431
1739809242345 1.5451932766691134 432
1739809242368 1.7065500720107527 433
1739809242385 1.4152155712625343 434
1739809242399 1.3648018355991511 435
1739809242414 1.587451582492043 436
1739809242429 1.528815640505354 437
1739809242447 1.455987975737301 438
1739809242466 1.6565080673892272 439
1739809242485 1.1767580665233148 440
1739809242505 1.4354704199665973 441
1739809242525 1.2334265643978701 442
1739809242549 1.5699220585157647 443
1739809242570 1.5863123048893417 444
1739809242589 1.4964721139920303 445
1739809242606 1.4237980122061777 446
1739809242622 1.653468038017188 447
1739809242640 1.399496019860454 448
1739809242656 1.6111145676383836 449
1739809242674 1.5935404683064773 450
1739809242692 1.485913540443317 451
1739809242711 1.4259002735917474 452
1739809242729 1.360871324982997 453
1739809242746 1.4647512603563348 454
1739809242764 1.805493902671882 455
1739809242780 1.5758619233888551 456
1739809242798 1.596617469789867 457
1739809242816 1.6922610923936632 458
1739809242834 1.3932623904470267 459
1739809242846 1.4497606654774153 460
1739809242864 1.448331498898228 461
1739809242878 1.7643625617398166 462
1739809242892 1.4207435027925508 463
1739809242913 1.41778523006443 464
1739809242931 1.7136570580537978 465
1739809242950 1.6205887237193035 466
1739809242969 1.525503419084362 467
1739809242984 1.7403897084290687 468
