1739809755133 35.03871959370584 0
1739809755220 13.289085090469486 1
1739809755309 3.6118268286877577 2
1739809755392 1.359099848436364 3
1739809755468 1.685948636172569 4
1739809755544 0.4229112443816587 5
1739809755621 0.6776762337811688 6
1739809755701 1.257051114764087 7
1739809755807 0.6068559958940439 8
1739809755898 1.390247659016514 9
1739809755984 2.091326424388671 10
1739809756062 2.6872753138462055 11
1739809756139 1.6737093629341575 12
1739809756216 0.7482230863085347 13
1739809756293 1.1931092798715275 14
1739809756378 1.0390516866381796 15
1739809756448 2.292523887657168 16
1739809756537 0.6458066348035305 17
1739809756618 1.2022364383826587 18
1739809756697 0.6445864120295378 19
1739809756776 1.0576603423835385 20
1739809756845 0.000800599569332842 21
1739809756928 2.2671164344290418 22
1739809757005 0.9986735318911515 23
1739809757083 1.112491478748351 24
1739809757159 1.1083567243095693 25
1739809757235 0.8324275730553267 26
1739809757311 1.074098700081007 27
1739809757388 3.1702280090591914 28
1739809757474 1.3215934863755465 29
1739809757556 4.059258809365554 30
1739809757628 0.622056789173512 31
1739809757709 1.2148896195695298 32
1739809757785 2.379372835450931 33
1739809757859 4.298720674610666 34
1739809757935 2.1535103128396 35
1739809758010 1.3185158810863984 36
1739809758086 4.515153743470196 37
1739809758162 2.188579780871431 38
1739809758235 1.828828256347689 39
1739809758316 0.6706674935825839 40
1739809758394 1.5884757037481327 41
1739809758471 0.7276611241719788 42
1739809758550 1.4107799189666568 43
1739809758626 1.2653992480669782 44
1739809758709 1.1387542639948467 45
1739809758796 1.490023224478756 46
1739809758879 1.1760373112145435 47
1739809758947 1.27710105534012 48
1739809759033 2.6875616765982198 49
1739809759094 1.4571796794055183 50
1739809759183 0.5458834427819159 51
1739809759256 2.251948244216199 52
1739809759332 1.159985282045129 53
1739809759405 1.0984305104356016 54
1739809759481 2.035432629095166 55
1739809759567 0.6740011216377523 56
1739809759650 3.2080991639515912 57
1739809759743 1.1208582529756275 58
1739809759824 3.195297853549949 59
1739809759902 1.4866097071432551 60
1739809759978 2.2962737006121956 61
1739809760055 0.9634178855849026 62
1739809760133 2.013908275986582 63
1739809760200 1.0588768893494602 64
1739809760288 2.720492745734174 65
1739809760368 0.47837972579359483 66
1739809760445 2.882534361828036 67
1739809760522 0.9989178573261229 68
1739809760600 1.56551270989717 69
1739809760672 1.4177177341067642 70
1739809760757 3.2027213652080184 71
1739809760836 0.950555084873909 72
1739809760903 2.1810324283036064 73
1739809760993 1.59028350475143 74
1739809761072 1.4374586370095013 75
1739809761134 0.7921735586029149 76
1739809761222 1.6834077344034135 77
1739809761310 2.299718035475326 78
1739809761387 0.9345031315602033 79
1739809761465 1.2062526004407907 80
1739809761542 2.7749359020740885 81
1739809761614 1.5972677545542608 82
1739809761698 1.5931483690394252 83
1739809761778 1.3601924801285337 84
1739809761882 0.9417857755035361 85
1739809761966 0.6739672049796647 86
1739809762066 1.4299140391681493 87
1739809762149 1.3343275252568632 88
1739809762234 0.6843903781457856 89
1739809762320 2.034867791783578 90
1739809762399 1.1233079628940639 91
1739809762483 0.9083807002276879 92
1739809762572 2.3143424479637758 93
1739809762649 0.28701065525811165 94
1739809762724 1.2975955605106164 95
1739809762799 1.0936925188029751 96
1739809762864 1.722455024437555 97
1739809762951 2.0570152888637865 98
1739809763026 0.46563968604116296 99
1739809763108 0.09561080096797726 100
1739809763189 0.9865587896530859 101
1739809763271 1.072256551144944 102
1739809763346 1.375040523004602 103
1739809763423 2.4460884066030193 104
1739809763502 0.7616990882819749 105
1739809763578 2.104743688065966 106
1739809763653 2.9675186246622305 107
1739809763720 1.278145868560657 108
1739809763793 1.0618448404861403 109
1739809763872 1.309370144226338 110
1739809763982 2.7250656250707355 111
1739809764063 1.0974463161784729 112
1739809764146 1.0942382892570393 113
1739809764214 2.3492832226241087 114
1739809764281 1.3882085771098571 115
1739809764372 2.1297548976585627 116
1739809764461 1.685880913433786 117
1739809764539 2.12725334462227 118
1739809764634 0.5743110486642924 119
1739809764718 1.9480829352027584 120
1739809764796 2.0624936999621757 121
1739809764868 1.1433401323828738 122
1739809764950 0.9870670423799461 123
1739809765028 2.4211669016327515 124
1739809765105 0.03497253117225265 125
1739809765182 1.858188686375878 126
1739809765250 2.3359241725591233 127
1739809765333 1.1546298723468789 128
1739809765398 2.680794485584605 129
1739809765499 1.1097538119811672 130
1739809765591 1.0177851714916422 131
1739809765688 1.529993299182244 132
1739809765772 1.0287110072567038 133
1739809765850 3.94990018954117 134
1739809765929 1.032655720987926 135
1739809766006 2.662370540940198 136
1739809766081 3.0178550102946122 137
1739809766164 1.5375984777729386 138
1739809766257 0.9585821734599267 139
1739809766330 1.088278939115958 140
1739809766410 4.8262078861055855 141
1739809766501 2.465972457058061 142
1739809766593 2.338723352708425 143
1739809766730 1.1969213939514338 144
1739809766833 1.7519365482030766 145
1739809766921 2.408378550106796 146
1739809767017 1.9365119031105649 147
1739809767104 1.6989292599328867 148
