1739809337056 157.72920735150575 0
1739809337072 153.33710356671918 1
1739809337088 151.88053199173538 2
1739809337104 155.41803906749155 3
1739809337119 153.97151235397135 4
1739809337135 155.39583689225879 5
1739809337151 151.93689138454462 6
1739809337165 152.77053542892506 7
1739809337180 148.13433174853142 8
1739809337193 149.48211773375672 9
1739809337198 150.27963525707727 10
1739809337224 153.24223058187954 11
1739809337230 149.63372535710033 12
1739809337254 151.70507831557737 13
1739809337262 148.1930947779753 14
1739809337284 148.0854170630964 15
1739809337294 146.57204233939893 16
1739809337314 150.40023518578843 17
1739809337326 148.36919669900914 18
1739809337345 146.30350153886855 19
1739809337357 147.2781401431432 20
1739809337373 146.92927071805047 21
1739809337388 146.15857617448927 22
1739809337404 143.25654605031798 23
1739809337422 146.72949749827205 24
1739809337440 143.37155850426822 25
1739809337452 144.52029859157818 26
1739809337468 140.43637146773767 27
1739809337484 141.8010069679687 28
1739809337500 142.35057498995337 29
1739809337516 144.64427389857858 30
1739809337532 138.86913015911085 31
1739809337548 142.49629247116263 32
1739809337564 142.5556563482028 33
1739809337580 138.98794602217913 34
1739809337596 140.42121507251187 35
1739809337603 139.84023923838865 36
1739809337611 142.46307516971368 37
1739809337632 135.89068713537645 38
1739809337645 136.95911064082676 39
1739809337662 136.67972690871235 40
1739809337676 139.56409952416485 41
1739809337693 136.13736602417532 42
1739809337707 137.1263311338182 43
1739809337723 134.3290404125766 44
1739809337738 134.84558843275377 45
1739809337754 137.80133993447254 46
1739809337770 132.69906189894016 47
1739809337786 136.89622553274265 48
1739809337802 134.79886627158706 49
1739809337818 132.9951745071576 50
1739809337834 131.6175496509082 51
1739809337850 131.57268535089435 52
1739809337867 132.09733955799425 53
1739809337881 134.66250716782216 54
1739809337897 132.25991016951045 55
1739809337905 129.5580488588575 56
1739809337913 133.64605715977288 57
1739809337934 128.84132008985392 58
1739809337947 133.39785471769622 59
1739809337965 128.57529875582605 60
1739809337976 131.9309188340864 61
1739809337994 129.73123285339557 62
1739809338008 129.25761518801212 63
1739809338026 128.523576188114 64
1739809338040 126.9812615543884 65
1739809338056 128.2844436847916 66
1739809338071 127.58717978030553 67
1739809338091 125.61502068149476 68
1739809338103 127.19204907255431 69
1739809338119 126.99770052793039 70
1739809338135 125.88393403861191 71
1739809338151 125.20186395786821 72
1739809338167 123.28089975337711 73
1739809338183 123.33741685414711 74
1739809338200 127.2339217152123 75
1739809338214 123.12790322067767 76
1739809338230 123.87541674116413 77
1739809338246 123.47268901399941 78
1739809338261 122.81885312160512 79
1739809338269 121.69710825683438 80
1739809338281 123.8104837887844 81
1739809338298 120.31909606842763 82
1739809338309 121.67286303282778 83
1739809338333 120.41876293393123 84
1739809338341 119.1445599525986 85
1739809338357 120.6896775197465 86
1739809338372 121.63165713193409 87
1739809338388 115.714943536624 88
1739809338404 118.40806462422768 89
1739809338422 119.14834745414464 90
1739809338436 122.86139308719234 91
1739809338451 116.27462863520091 92
1739809338467 119.39260557591162 93
1739809338483 118.43545833574761 94
1739809338499 114.982149601517 95
1739809338517 117.41524422966077 96
1739809338531 115.86561898669406 97
1739809338546 119.05880708769898 98
1739809338562 117.25952915678924 99
1739809338578 115.6402862558023 100
1739809338594 114.46124297712258 101
1739809338610 113.06133950499216 102
1739809338621 116.01133534660089 103
1739809338626 110.4712835035567 104
1739809338651 111.90976071253199 105
1739809338657 112.46539078079483 106
1739809338681 113.48169402680732 107
1739809338689 109.98540101823745 108
1739809338713 110.83020376023636 109
1739809338721 114.31121311991045 110
1739809338742 110.35855322898446 111
1739809338752 108.56491107660233 112
1739809338768 108.79698704969906 113
1739809338784 109.34886493593078 114
1739809338803 107.70342761227872 115
1739809338816 111.0117147095216 116
1739809338834 111.7928996740459 117
1739809338847 109.02799095521792 118
1739809338863 110.14214532812436 119
1739809338879 109.06031840064655 120
1739809338894 109.19951649321683 121
1739809338910 110.64558857402558 122
1739809338926 105.63247800270105 123
1739809338942 106.67940445190672 124
1739809338958 108.1452604711557 125
1739809338974 109.6685040138972 126
1739809338990 109.32861262424696 127
1739809339005 106.7134863887155 128
1739809339017 108.57478499708795 129
1739809339021 105.64492693211959 130
1739809339047 103.50152638874037 131
1739809339053 106.61984057803515 132
1739809339077 102.44428296107965 133
1739809339085 107.65511595832949 134
1739809339108 104.62990103114608 135
1739809339117 103.18984683575694 136
1739809339138 101.32474533710763 137
1739809339156 104.26396346598166 138
1739809339171 102.48231878636028 139
1739809339180 101.7704884130967 140
1739809339198 102.34330253463492 141
1739809339212 101.89521871927828 142
1739809339232 103.5872838524194 143
1739809339244 102.68640692049095 144
1739809339262 102.36512375779118 145
1739809339277 99.95670544741144 146
1739809339292 101.27346685312948 147
1739809339307 100.2712056882032 148
1739809339323 101.97393361267677 149
1739809339339 101.64212462743691 150
1739809339351 98.8960050578708 151
1739809339355 97.07087660555797 152
1739809339380 98.14874956185052 153
1739809339386 97.63391550154232 154
1739809339409 99.77893488913129 155
1739809339418 95.57904125259104 156
1739809339438 97.33090790002228 157
1739809339449 96.70918246236896 158
1739809339468 97.03274459773618 159
1739809339481 98.4536143786115 160
1739809339497 95.19049067946263 161
1739809339513 96.36823958213662 162
1739809339529 94.76814026845125 163
1739809339544 96.0090009755251 164
1739809339560 97.33265586884973 165
1739809339560 93.9390664460069 166
1739809339587 93.37064727008837 167
1739809339592 95.60316466390553 168
1739809339617 94.88154394539762 169
1739809339624 93.13557176872283 170
1739809339648 93.51252529755072 171
1739809339660 92.98076074740729 172
1739809339679 92.33134972850493 173
1739809339687 89.9451011596586 174
1739809339703 89.9301177945424 175
1739809339718 92.74907899340924 176
1739809339738 91.91772913263003 177
1739809339750 88.20694638540495 178
1739809339769 91.76394477313136 179
1739809339788 92.02746987813609 180
1739809339798 90.90081631233306 181
1739809339814 92.04877349992235 182
1739809339829 90.96735560834708 183
1739809339846 91.75797898427223 184
1739809339861 93.02952818372866 185
1739809339877 89.5365251959576 186
1739809339894 90.06702441122438 187
1739809339909 86.40376464703276 188
1739809339925 88.28294936963485 189
1739809339941 88.51843332531338 190
1739809339957 86.38588625074874 191
1739809339973 89.16860807850765 192
1739809339989 88.24113686770755 193
1739809339989 87.57687117748033 194
1739809340005 90.23451111747873 195
1739809340021 87.54383953194444 196
1739809340039 88.53256718041364 197
1739809340053 88.84093494630702 198
1739809340069 86.96697128921218 199
1739809340085 88.36650469210585 200
1739809340102 86.38545897352446 201
1739809340117 86.73789983944451 202
1739809340133 86.79424596519324 203
1739809340149 84.6089162924993 204
1739809340165 86.14564630908674 205
1739809340181 85.29146374065989 206
1739809340198 86.36210922294565 207
1739809340214 85.01391013146244 208
1739809340230 85.18354129424009 209
1739809340245 84.36991177794027 210
1739809340261 83.4111910859548 211
1739809340277 83.23961785659044 212
1739809340293 83.26062348877177 213
1739809340309 83.09608959914252 214
1739809340325 81.78510386209577 215
1739809340341 82.02010254113057 216
1739809340357 81.46601379012326 217
1739809340357 81.55685572327091 218
1739809340372 81.0465532717182 219
1739809340388 78.52667751666087 220
1739809340405 82.19934885095593 221
1739809340421 82.32472090093587 222
1739809340437 80.66440649319019 223
1739809340453 80.465231329241 224
1739809340469 82.68689699061413 225
1739809340485 79.63094540430353 226
1739809340501 82.80459966298857 227
1739809340517 81.42822993982297 228
1739809340533 79.83495119342281 229
1739809340548 79.45385361700873 230
1739809340564 78.52107453073003 231
1739809340580 80.17758228630264 232
1739809340596 79.21968280321443 233
1739809340612 79.17222806590864 234
1739809340628 76.96821673989707 235
1739809340644 77.14271408749934 236
1739809340660 76.77004078619585 237
1739809340676 76.57767237007431 238
1739809340692 77.40599593882443 239
1739809340708 76.77677412013985 240
1739809340724 74.43420719520641 241
1739809340740 76.94888768662724 242
1739809340756 75.0840743839171 243
1739809340772 76.40255479988811 244
1739809340790 74.40233654496267 245
1739809340804 76.32994283860704 246
1739809340819 75.47583482408692 247
1739809340835 77.48049811719633 248
1739809340851 77.05537131472869 249
1739809340867 74.25954368967011 250
1739809340867 73.39353788826638 251
1739809340883 74.42364833437448 252
1739809340899 75.61990905802818 253
1739809340914 74.23588047896799 254
1739809340939 74.2196686162858 255
1739809340950 72.46312979462483 256
1739809340962 75.12425899596707 257
1739809340978 71.37883774539459 258
1739809340994 70.52619970551964 259
1739809341010 74.43155463981856 260
1739809341026 71.16462946362844 261
1739809341042 72.60237366100166 262
1739809341058 71.31148151035963 263
1739809341074 74.78265489776076 264
1739809341090 73.51647434945187 265
1739809341106 73.26526796757827 266
1739809341122 71.3032241636329 267
1739809341144 70.14860342150732 268
1739809341154 71.07358999979142 269
1739809341170 70.41539716914221 270
1739809341186 70.0255247468414 271
1739809341201 70.42755215732572 272
1739809341217 69.50093366738342 273
1739809341233 69.95775934375914 274
1739809341249 70.48438328198522 275
1739809341265 69.95866280746239 276
1739809341281 72.07766076137649 277
1739809341298 67.86051827822902 278
1739809341314 68.61931689282605 279
1739809341330 69.6136452453651 280
1739809341345 67.40033898510482 281
1739809341354 68.29005877714759 282
1739809341361 66.30334217542989 283
1739809341377 67.86751507511626 284
1739809341393 69.09112300357575 285
1739809341409 67.94282532818254 286
1739809341424 67.75575064567354 287
1739809341450 68.19332630829547 288
1739809341465 69.88965467177482 289
1739809341472 67.79972632663353 290
1739809341493 68.68878110036074 291
1739809341503 64.49980568336913 292
1739809341520 64.49450937084711 293
1739809341536 66.75528365813061 294
1739809341552 65.94121737990284 295
1739809341568 63.58708453660638 296
1739809341584 65.59060884192105 297
1739809341600 65.38620750682685 298
1739809341616 66.52637046193733 299
1739809341631 64.31015970912057 300
1739809341647 64.65858546896285 301
1739809341663 64.01796448428156 302
1739809341663 64.85244798068895 303
1739809341679 64.46902916858255 304
1739809341695 62.898159239599856 305
1739809341711 65.30715844932311 306
1739809341727 64.2128972657415 307
1739809341743 65.58156162134114 308
1739809341759 63.56446420579478 309
1739809341775 62.681825405718705 310
1739809341791 62.826899852853565 311
1739809341807 61.789824366522176 312
1739809341823 62.76069824689145 313
1739809341838 64.17672773256245 314
1739809341854 62.95337883868655 315
1739809341870 61.97764142501963 316
1739809341886 60.82006353232034 317
1739809341905 60.229777714027485 318
1739809341918 63.294455605870915 319
1739809341934 62.545363071411664 320
1739809341953 61.93337785090456 321
1739809341966 61.483939406710334 322
1739809341982 59.184027860853874 323
1739809341998 60.63075065791969 324
1739809342013 60.477500539314235 325
1739809342029 59.84065478230476 326
1739809342029 61.358986063054424 327
1739809342045 59.69759709108192 328
1739809342125 58.504849412632396 329
1739809342141 59.97874255240123 330
1739809342156 57.95015874379351 331
1739809342172 59.60825866657777 332
1739809342188 59.86766141480784 333
1739809342204 59.55779000445717 334
1739809342220 59.29818125635729 335
1739809342236 59.38236093541486 336
1739809342252 58.846634965513154 337
1739809342268 59.036812375180695 338
1739809342284 58.48960590637933 339
1739809342300 60.97591761011991 340
1739809342316 57.17299242231486 341
1739809342332 57.818190225664374 342
1739809342348 58.077569524218845 343
1739809342364 56.689142893157616 344
1739809342380 57.96336859327598 345
1739809342396 58.24584762998843 346
1739809342411 56.32551673246547 347
1739809342428 57.71619044788892 348
1739809342443 58.7174067868787 349
1739809342459 56.121595762250266 350
1739809342475 55.35860593582219 351
1739809342475 55.28316504633704 352
1739809342491 54.5162382288182 353
1739809342507 54.747214235777044 354
1739809342523 56.12583320267893 355
1739809342539 55.41879295420901 356
1739809342555 56.047830913031305 357
1739809342571 56.46962224473083 358
1739809342587 55.499397742317996 359
1739809342602 55.34329801083014 360
1739809342618 55.05761369757084 361
1739809342634 54.53739797251855 362
1739809342650 55.037936373497224 363
1739809342665 53.57709778942744 364
1739809342681 53.90153936163764 365
1739809342697 54.44480561763132 366
1739809342713 53.35475210398385 367
1739809342728 54.952771516967026 368
1739809342744 53.905011157949026 369
1739809342760 51.21459976550907 370
1739809342776 53.634418287186236 371
1739809342793 51.7305185796885 372
1739809342808 54.30611642411807 373
1739809342824 51.859549995031124 374
1739809342840 49.88109603978828 375
1739809342856 52.11556343019659 376
1739809342871 52.587594396617526 377
1739809342887 51.75796953780864 378
1739809342903 52.46934498413861 379
1739809342903 50.311711003123776 380
1739809342919 52.48001613297386 381
1739809342935 51.72634812080474 382
1739809342951 50.80083845036464 383
1739809342967 51.95081787996802 384
1739809342983 50.82424978622198 385
1739809343000 50.86999264429433 386
1739809343016 49.9665330005585 387
1739809343032 51.457448399260954 388
1739809343048 52.08452405548694 389
1739809343064 49.18529896494005 390
1739809343080 49.16604373593659 391
1739809343096 51.41636424365628 392
1739809343112 49.36611583290951 393
1739809343128 50.02612358885394 394
1739809343144 51.70658982046406 395
1739809343159 50.91509209885898 396
1739809343175 50.821442203992184 397
1739809343191 49.27916483314749 398
1739809343207 48.15777101868222 399
1739809343223 49.741770147804665 400
1739809343239 48.70525359138585 401
1739809343255 50.18653572109568 402
1739809343255 48.58026926249024 403
1739809343270 48.4885895315625 404
1739809343286 49.73561594372685 405
1739809343302 48.151160107839004 406
1739809343318 47.67051319576679 407
1739809343335 47.87561155910074 408
1739809343350 48.62045836945976 409
1739809343366 47.937344080879505 410
1739809343382 46.5911781807402 411
1739809343398 48.29545046860579 412
1739809343414 48.350497373052924 413
1739809343429 46.288342828382405 414
1739809343445 47.69742755135601 415
1739809343461 46.13336229371781 416
1739809343477 45.34679675908924 417
1739809343498 46.243495921520534 418
1739809343514 45.57112874980572 419
1739809343529 47.54418021785316 420
1739809343540 46.93897643536143 421
1739809343556 47.14772734218008 422
1739809343572 46.26583044070217 423
1739809343589 46.19765832693681 424
1739809343604 45.292140257408995 425
1739809343620 45.822891868246636 426
1739809343635 46.4638637014482 427
1739809343651 46.35479436820115 428
1739809343667 44.860273689238056 429
1739809343683 45.42879284916596 430
1739809343699 46.98384336234506 431
1739809343715 44.16364469341182 432
1739809343731 44.042828790346896 433
1739809343747 44.186664593033136 434
1739809343763 45.23648019813936 435
1739809343778 43.77776949645697 436
1739809343778 44.335224037865885 437
1739809343795 45.45535252927147 438
1739809343810 43.44274990730278 439
1739809343827 44.722267763543066 440
1739809343842 44.80969491899973 441
1739809343874 43.54282668129061 442
1739809343890 42.80137216419968 443
1739809343890 43.05266129799061 444
1739809343906 44.60948746507297 445
1739809343922 43.5142545786408 446
1739809343938 42.94627040442019 447
1739809343954 41.63716746336178 448
1739809343970 42.71923301254403 449
1739809343986 42.988117320410026 450
1739809344002 43.51648222518818 451
1739809344018 43.3507628079842 452
1739809344034 41.64939859842642 453
1739809344049 42.28544540559705 454
1739809344065 42.23975422946029 455
1739809344081 41.619753135313644 456
1739809344097 42.283663550540325 457
1739809344113 42.387560313331 458
1739809344129 43.05304248120416 459
1739809344144 42.49620676004228 460
1739809344160 41.2339273894525 461
1739809344176 42.342600359791454 462
1739809344192 40.53526360239823 463
1739809344210 41.24438989115659 464
1739809344223 40.074268388706805 465
1739809344239 40.04743680940793 466
1739809344255 40.18599992386591 467
1739809344271 40.67000145068149 468
1739809344287 40.86079742145061 469
1739809344302 40.07088317606871 470
1739809344318 39.92449853373094 471
1739809344334 39.94828783236349 472
1739809344350 39.29406799263524 473
1739809344350 40.09240814553509 474
1739809344366 40.25924080845414 475
1739809344382 40.223702261145824 476
1739809344398 40.25796945535143 477
1739809344414 40.5721738661908 478
1739809344430 39.896001217509756 479
1739809344446 38.66448656995941 480
1739809344462 40.97858825653697 481
1739809344478 38.837979674651095 482
1739809344494 39.23488358224808 483
1739809344510 37.534549098021124 484
1739809344525 39.26713717790869 485
1739809344542 37.44969641244998 486
1739809344557 39.428792184184545 487
1739809344573 38.10395547429928 488
1739809344589 39.108578243871314 489
1739809344605 39.56116381515758 490
1739809344621 38.28106994621883 491
1739809344637 38.779930085857096 492
1739809344653 38.631467344485614 493
1739809344669 36.84535862823737 494
1739809344685 38.26700726569105 495
1739809344701 38.05376501002766 496
1739809344717 39.681150943921395 497
1739809344732 38.42902861691101 498
1739809344748 37.91201236188466 499
