1739808896475 169.089027582395 0
1739808896491 162.40892741464336 1
1739808896493 161.89341431463416 2
1739808896507 161.25965132768843 3
1739808896522 160.63087312921738 4
1739808896538 160.00462900163907 5
1739808896556 159.38095639985485 6
1739808896570 158.75984356632412 7
1739808896586 158.14127976479529 8
1739808896602 157.52525428545607 9
1739808896604 156.9117564644342 10
1739808896617 156.3007756832119 11
1739808896633 155.6923013684398 12
1739808896649 155.0863229917432 13
1739808896665 154.48283006952954 14
1739808896681 153.88181216279673 15
1739808896701 153.28325887694223 16
1739808896713 152.68715986157298 17
1739808896716 152.09350481031606 18
1739808896729 151.5022834606305 19
1739808896750 150.91348559361936 20
1739808896765 150.32710103384292 21
1739808896776 149.74311964913298 22
1739808896792 149.16153135040707 23
1739808896809 148.58232609148467 24
1739808896824 148.00549386890302 25
1739808896842 147.43102472173453 26
1739808896856 146.85890873140477 27
1739808896856 146.2891360215108 28
1739808896877 145.72169675764135 29
1739808896888 145.1565811471964 30
1739808896904 144.5937794392085 31
1739808896924 144.0332819241648 32
1739808896936 143.47507893382922 33
1739808896952 142.919160841066 34
1739808896958 142.3655180596638 35
1739808896968 141.81414104416055 36
1739808896986 141.26502028966897 37
1739808897001 140.71814633170305 38
1739808897016 140.17350974600498 39
1739808897031 139.63110114837312 40
1739808897047 139.09091119449064 41
1739808897063 138.5529305797546 42
1739808897070 138.01715003910616 43
1739808897091 137.48356034686142 44
1739808897099 136.9521523165428 45
1739808897111 136.4229168007113 46
1739808897127 135.8958446907994 47
1739808897143 135.37092691694497 48
1739808897158 134.8481544478253 49
1739808897177 134.32751829049238 50
1739808897190 133.80900949020872 51
1739808897206 133.29261913028384 52
1739808897213 132.7783383319114 53
1739808897222 132.26615825400725 54
1739808897240 131.7560700930478 55
1739808897259 131.24806508290953 56
1739808897269 130.742134494709 57
1739808897286 130.23826963664325 58
1739808897301 129.73646185383146 59
1739808897317 129.23670252815683 60
1739808897333 128.7389830781093 61
1739808897333 128.24329495862898 62
1739808897353 127.74962966095026 63
1739808897365 127.25797871244643 64
1739808897381 126.76833367647514 65
1739808897397 126.28068615222449 66
1739808897412 125.79502777455971 67
1739808897431 125.31135021387054 68
1739808897446 124.8296451759194 69
1739808897460 124.34990440168977 70
1739808897466 123.87211966723592 71
1739808897476 123.39628278353266 72
1739808897492 122.92238559632594 73
1739808897508 122.45041998598427 74
1739808897524 121.98037786735057 75
1739808897539 121.51225118959469 76
1739808897547 121.04603193606665 77
1739808897555 120.58171212415034 78
1739808897572 120.11928380511806 79
1739808897590 119.65873906398562 80
1739808897608 119.20007001936789 81
1739808897624 118.74326882333516 82
1739808897637 118.28832766127013 83
1739808897651 117.83523875172538 84
1739808897671 117.38399434628151 85
1739808897687 116.93458672940592 86
1739808897699 116.48700821831217 87
1739808897714 116.04125116281996 88
1739808897721 115.59730794521566 89
1739808897730 115.15517098011355 90
1739808897749 114.71483271431748 91
1739808897769 114.27628562668332 92
1739808897778 113.83952222798179 93
1739808897803 113.40453506076216 94
1739808897825 112.97131669921625 95
1739808897825 112.53985974904313 96
1739808897845 112.11015684731453 97
1739808897858 111.68220066234049 98
1739808897872 111.25598389353603 99
1739808897889 110.83149927128801 100
1739808897904 110.40873955682274 101
1739808897921 109.9876975420742 102
1739808897937 109.56836604955264 103
1739808897937 109.15073793221399 104
1739808897957 108.73480607332962 105
1739808897969 108.32056338635672 106
1739808897984 107.90800281480936 107
1739808898000 107.4971173321299 108
1739808898016 107.08789994156109 109
1739808898032 106.68034367601872 110
1739808898038 106.27444159796467 111
1739808898059 105.87018679928077 112
1739808898069 105.46757240114287 113
1739808898080 105.06659155389576 114
1739808898096 104.66723743692846 115
1739808898117 104.26950325855002 116
1739808898128 103.87338225586595 117
1739808898144 103.4788676946552 118
1739808898160 103.08595286924745 119
1739808898160 102.69463110240129 120
1739808898176 102.3048957451825 121
1739808898192 101.9167401768433 122
1739808898208 101.53015780470167 123
1739808898224 101.14514206402154 124
1739808898240 100.76168641789336 125
1739808898256 100.37978435711508 126
1739808898272 99.9994294000739 127
1739808898288 99.62061509262816 128
1739808898288 99.2433350079902 129
1739808898304 98.86758274660924 130
1739808898322 98.49335193605516 131
1739808898336 98.12063623090255 132
1739808898352 97.74942931261525 133
1739808898369 97.37972488943154 134
1739808898385 97.01151669624983 135
1739808898385 96.64479849451445 136
1739808898400 96.27956407210257 137
1739808898417 95.91580724321102 138
1739808898432 95.55352184824396 139
1739808898448 95.19270175370087 140
1739808898464 94.83334085206508 141
1739808898480 94.47543306169273 142
1739808898480 94.11897232670228 143
1739808898496 93.76395261686442 144
1739808898512 93.41036792749244 145
1739808898528 93.05821227933328 146
1739808898544 92.70747971845863 147
1739808898560 92.35816431615697 148
1739808898576 92.01026016882572 149
1739808898592 91.66376139786406 150
1739808898592 91.31866214956607 151
1739808898607 90.9749565950144 152
1739808898623 90.63263892997449 153
1739808898639 90.291703374789 154
1739808898655 89.95214417427292 155
1739808898671 89.61395559760898 156
1739808898687 89.27713193824374 157
1739808898687 88.94166751378366 158
1739808898703 88.60755666589225 159
1739808898719 88.27479376018707 160
1739808898735 87.94337318613755 161
1739808898751 87.61328935696316 162
1739808898767 87.28453670953188 163
1739808898782 86.95710970425922 164
1739808898782 86.63100282500781 165
1739808898798 86.30621057898703 166
1739808898814 85.98272749665358 167
1739808898830 85.66054813161196 168
1739808898846 85.3396670605159 169
1739808898863 85.02007888296954 170
1739808898878 84.70177822142993 171
1739808898878 84.3847597211091 172
1739808898894 84.069018049877 173
1739808898910 83.75454789816474 174
1739808898927 83.44134397886837 175
1739808898942 83.12940102725278 176
1739808898958 82.8187138008564 177
1739808898974 82.5092770793959 178
1739808898974 82.20108566467175 179
1739808898990 81.89413438047372 180
1739808899006 81.5884180724871 181
1739808899022 81.28393160819927 182
1739808899038 80.98066987680652 183
1739808899053 80.67862778912146 184
1739808899069 80.37780027748082 185
1739808899085 80.07818229565329 186
1739808899085 79.77976881874842 187
1739808899101 79.48255484312527 188
1739808899117 79.18653538630171 189
1739808899133 78.89170548686427 190
1739808899148 78.59806020437804 191
1739808899164 78.30559461929725 192
1739808899180 78.0143038328761 193
1739808899196 77.72418296707991 194
1739808899196 77.43522716449678 195
1739808899212 77.1474315882497 196
1739808899228 76.86079142190863 197
1739808899244 76.57530186940348 198
1739808899260 76.29095815493713 199
1739808899276 76.00775552289899 200
1739808899292 75.72568923777878 201
1739808899308 75.4447545840807 202
1739808899308 75.16494686623825 203
1739808899324 74.88626140852894 204
1739808899340 74.6086935549898 205
1739808899356 74.33223866933295 206
1739808899372 74.05689213486173 207
1739808899387 73.78264935438705 208
1739808899403 73.5095057501442 209
1739808899419 73.23745676370997 210
1739808899419 72.96649785592015 211
1739808899435 72.6966245067873 212
1739808899451 72.427832215419 213
1739808899467 72.16011649993636 214
1739808899488 71.89347289739298 215
1739808899499 71.627896963694 216
1739808899515 71.36338427351593 217
1739808899531 71.09993042022637 218
1739808899547 70.8375310158044 219
1739808899547 70.57618169076112 220
1739808899563 70.3158780940607 221
1739808899579 70.05661589304151 222
1739808899595 69.79839077333799 223
1739808899616 69.54119843880228 224
1739808899630 69.28503461142688 225
1739808899644 69.02989503126705 226
1739808899657 68.77577545636379 227
1739808899664 68.52267166266724 228
1739808899672 68.27057944396024 229
1739808899689 68.01949461178228 230
1739808899704 67.76941299535373 231
1739808899720 67.52033044150056 232
1739808899736 67.27224281457916 233
1739808899755 67.02514599640162 234
1739808899768 66.77903588616135 235
1739808899784 66.53390840035883 236
1739808899784 66.28975947272795 237
1739808899799 66.04658505416246 238
1739808899815 65.80438111264286 239
1739808899831 65.56314363316346 240
1739808899847 65.3228686176599 241
1739808899863 65.08355208493693 242
1739808899879 64.8451900705965 243
1739808899895 64.60777862696604 244
1739808899895 64.37131382302731 245
1739808899911 64.1357917443453 246
1739808899926 63.9012084929976 247
1739808899942 63.66756018750393 248
1739808899958 63.434842962756136 249
1739808899974 63.203052969948324 250
1739808899990 62.97218637650743 251
1739808900006 62.74223936602404 252
1739808900008 62.51320813818341 253
1739808900022 62.285088908696935 254
1739808900038 62.05787790923381 255
1739808900054 61.83157138735308 256
1739808900070 61.60616560643582 257
1739808900086 61.3816568456178 258
1739808900102 61.15804139972223 259
1739808900118 60.935315579193045 260
1739808900118 60.71347571002819 261
1739808900134 60.492518133713475 262
1739808900149 60.27243920715649 263
1739808900165 60.05323530262089 264
1739808900181 59.83490280766102 265
1739808900197 59.61743812505668 266
1739808900213 59.40083767274829 267
1739808900229 59.18509788377234 268
1739808900229 58.970215206196954 269
1739808900244 58.756186103057985 270
1739808900260 58.543007052295145 271
1739808900276 58.33067454668851 272
1739808900292 58.11918509379536 273
1739808900308 57.90853521588715 274
1739808900324 57.698721449886904 275
1739808900340 57.489740347306764 276
1739808900356 57.28158847418577 277
1739808900356 57.0742624110281 278
1739808900372 56.867758752741395 279
1739808900387 56.662074108575375 280
1739808900409 56.457205102060826 281
1739808900419 56.253148370948686 282
1739808900436 56.04990056714953 283
1739808900452 55.84745835667325 284
1739808900452 55.64581841956901 285
1739808900467 55.444977449865476 286
1739808900483 55.244932155511194 287
1739808900499 55.04567925831539 288
1739808900515 54.84721549388895 289
1739808900531 54.6495376115856 290
1739808900547 54.45264237444337 291
1739808900563 54.25652655912635 292
1739808900563 54.0611869558667 293
1739808900579 53.86662036840681 294
1739808900595 53.67282361394185 295
1739808900611 53.479793523062405 296
1739808900627 53.28752693969747 297
1739808900643 53.09602072105771 298
1739808900659 52.90527173757886 299
1739808900659 52.71527687286542 300
1739808900675 52.526033023634625 301
1739808900691 52.33753709966057 302
1739808900707 52.14978602371868 303
1739808900722 51.96277673153034 304
1739808900738 51.77650617170778 305
1739808900754 51.59097130569919 306
1739808900770 51.406169107734144 307
1739808900785 51.222096564769075 308
1739808900785 51.03875067643324 309
1739808900803 50.8561284549747 310
1739808900817 50.67422692520661 311
1739808900838 50.49304312445379 312
1739808900849 50.31257410249944 313
1739808900865 50.1328169215321 314
1739808900881 49.95376865609291 315
1739808900896 49.77542639302299 316
1739808900912 49.59778723141112 317
1739808900912 49.420848282541634 318
1739808900928 49.2446066698425 319
1739808900944 49.069059528833634 320
1739808900960 48.89420400707553 321
1739808900976 48.72003726411792 322
1739808900992 48.54655647144879 323
1739808901008 48.37375881244364 324
1739808901024 48.20164148231488 325
1739808901024 48.03020168806141 326
1739808901040 47.85943664841859 327
1739808901056 47.68934359380821 328
1739808901072 47.5199197662888 329
1739808901087 47.35116241950616 330
1739808901103 47.18306881864407 331
1739808901119 47.01563624037512 332
1739808901135 46.84886197281195 333
1739808901135 46.68274331545855 334
1739808901151 46.51727757916179 335
1739808901167 46.352462086063156 336
1739808901189 46.188294169550794 337
1739808901199 46.0247711742116 338
1739808901215 45.861890455783595 339
1739808901231 45.69964938110857 340
1739808901231 45.53804532808479 341
1739808901246 45.37707568562002 342
1739808901262 45.21673785358465 343
1739808901278 45.057029242765154 344
1739808901294 44.89794727481762 345
1739808901310 44.739489382221535 346
1739808901326 44.5816530082338 347
1739808901342 44.42443560684288 348
1739808901358 44.26783464272313 349
1739808901358 44.11184759118946 350
1739808901374 43.95647193815203 351
1739808901389 43.8017051800712 352
1739808901405 43.647544823912725 353
1739808901421 43.49398838710302 354
1739808901437 43.3410333974848 355
1739808901453 43.18867739327267 356
1739808901453 43.03691792300918 357
1739808901469 42.8857525455208 358
1739808901485 42.73517882987425 359
1739808901501 42.58519435533303 360
1739808901517 42.435796711313984 361
1739808901533 42.28698349734422 362
1739808901549 42.1387523230181 363
1739808901565 41.991100807954474 364
1739808901565 41.8440265817541 365
1739808901581 41.69752728395714 366
1739808901597 41.551600564001056 367
1739808901612 41.4062440811784 368
1739808901628 41.26145550459508 369
1739808901644 41.11723251312853 370
1739808901660 40.97357279538629 371
1739808901676 40.83047404966464 372
1739808901676 40.687933983907385 373
1739808901692 40.54595031566494 374
1739808901708 40.40452077205345 375
1739808901723 40.2636430897142 376
1739808901740 40.123315014773134 377
1739808901756 39.98353430280052 378
1739808901771 39.8442987187709 379
1739808901787 39.7056060370231 380
1739808901801 39.567454041220486 381
1739808901814 39.42984052431128 382
1739808901828 39.29276328848924 383
1739808901840 39.15622014515427 384
1739808901849 39.02020891487341 385
1739808901866 38.88472742734185 386
1739808901884 38.74977352134419 387
1739808901898 38.61534504471583 388
1739808901913 38.48143985430453 389
1739808901913 38.348055815932135 390
1739808901932 38.21519080435649 391
1739808901945 38.082842703233446 392
1739808901962 37.95100940507914 393
1739808901977 37.819688811232325 394
1739808901992 37.68887883181694 395
1739808902008 37.5585773857048 396
1739808902008 37.428782400478426 397
1739808902024 37.2994918123941 398
1739808902040 37.17070356634508 399
1739808902057 37.04241561582479 400
1739808902073 36.914625922890494 401
1739808902089 36.78733245812682 402
1739808902105 36.660533200609585 403
1739808902120 36.53422613786977 404
1739808902120 36.40840926585769 405
1739808902136 36.283080588907104 406
1739808902152 36.15823811969975 407
1739808902168 36.03387987922992 408
1739808902184 35.91000389676909 409
1739808902205 35.786608209830945 410
1739808902215 35.66369086413623 411
1739808902232 35.54124991357802 412
1739808902248 35.419283420187035 413
1739808902264 35.2977894540971 414
1739808902264 35.176766093510714 415
1739808902280 35.056211424664895 416
1739808902296 34.93612354179708 417
1739808902312 34.81650054711108 418
1739808902328 34.69734055074342 419
1739808902343 34.578641670729574 420
1739808902360 34.46040203297053 421
1739808902376 34.34261977119937 422
1739808902392 34.225293026948066 423
1739808902392 34.10841994951444 424
1739808902408 33.99199869592915 425
1739808902424 33.87602743092291 426
1739808902440 33.76050432689389 427
1739808902456 33.645427563875074 428
1739808902472 33.53079532950201 429
1739808902487 33.416605818980514 430
1739808902504 33.302857235054525 431
1739808902504 33.18954778797418 432
1739808902519 33.076675695463976 433
1739808902535 32.9642391826911 434
1739808902551 32.85223648223382 435
1739808902567 32.74066583405006 436
1739808902583 32.62952548544618 437
1739808902599 32.51881369104575 438
1739808902615 32.408528712758546 439
1739808902631 32.29866881974965 440
1739808902631 32.18923228840873 441
1739808902646 32.080217402319356 442
1739808902662 31.971622452228566 443
1739808902678 31.863445736016427 444
1739808902700 31.755685558665867 445
1739808902710 31.64834023223252 446
1739808902726 31.54140807581479 447
1739808902742 31.43488741552393 448
1739808902758 31.328776584454413 449
1739808902758 31.22307392265427 450
1739808902774 31.117777777095622 451
1739808902790 31.012886501645376 452
1739808902806 30.90839845703598 453
1739808902822 30.80431201083632 454
1739808902838 30.70062553742278 455
1739808902854 30.59733741795037 456
1739808902870 30.494446040324025 457
1739808902885 30.391949799169975 458
1739808902885 30.289847095807325 459
1739808902902 30.188136338219635 460
1739808902917 30.086815941026718 461
1739808902934 29.98588432545652 462
1739808902949 29.885339919317147 463
1739808902965 29.785181156968953 464
1739808902981 29.685406479296816 465
1739808902981 29.586014333682506 466
1739808902997 29.48700317397712 467
1739808903013 29.38837146047371 468
1739808903029 29.290117659880046 469
1739808903046 29.19224024529137 470
1739808903061 29.094737696163396 471
1739808903077 28.997608498285356 472
1739808903093 28.90085114375315 473
1739808903109 28.804464130942744 474
1739808903109 28.708445964483435 475
1739808903125 28.61279515523148 476
1739808903141 28.5175102202437 477
1739808903157 28.422589682751195 478
1739808903173 28.32803207213327 479
1739808903189 28.23383592389133 480
1739808903205 28.139999779623025 481
1739808903221 28.046522186996413 482
1739808903236 27.953401699724253 483
1739808903236 27.86063687753847 484
1739808903252 27.768226286164605 485
1739808903268 27.676168497296494 486
1739808903285 27.584462088570998 487
1739808903301 27.493105643542847 488
1739808903317 27.402097751659593 489
1739808903333 27.311437008236688 490
1739808903349 27.221122014432613 491
1739808903365 27.1311513772242 492
1739808903365 27.04152370938198 493
1739808903381 26.95223762944567 494
1739808903397 26.863291761699788 495
1739808903413 26.774684736149318 496
1739808903429 26.686415188495513 497
1739808903445 26.598481760111806 498
1739808903461 26.510883098019818 499
