1739810273694 169.34901212942756 0
1739810273717 169.281412665859 1
1739810273733 169.21438564504857 2
1739810273733 169.147385310725 3
1739810273765 169.08041165223875 4
1739810273765 169.01346465894432 5
1739810273785 168.9465443202006 6
1739810273810 168.87965062537066 7
1739810273828 168.8127835638218 8
1739810273838 168.74594312492565 9
1739810273854 168.67912929805806 10
1739810273869 168.6123420725991 11
1739810273892 168.54558143793307 12
1739810273899 168.4788473834486 13
1739810273915 168.41213989853838 14
1739810273930 168.34545897259957 15
1739810273946 168.2788045950334 16
1739810273962 168.21217675524537 17
1739810273978 168.14557544264522 18
1739810273994 168.079000646647 19
1739810274015 168.0124523566688 20
1739810274031 167.94593056213319 21
1739810274049 167.87943525246672 22
1739810274063 167.81296641710034 23
1739810274079 167.74652404546907 24
1739810274079 167.68010812701235 25
1739810274097 167.61371865117368 26
1739810274121 167.5473556074008 27
1739810274136 167.48101898514574 28
1739810274149 167.41470877386467 29
1739810274166 167.348424963018 30
1739810274181 167.28216754207037 31
1739810274188 167.21593650049059 32
1739810274203 167.14973182775165 33
1739810274220 167.08355351333088 34
1739810274243 167.01740154670964 35
1739810274255 166.95127591737366 36
1739810274265 166.88517661481274 37
1739810274282 166.81910362852093 38
1739810274298 166.7530569479965 39
1739810274314 166.6870365627419 40
1739810274330 166.62104246226374 41
1739810274346 166.5550746360728 42
1739810274351 166.4891330736842 43
1739810274366 166.4232177646171 44
1739810274381 166.3573286983949 45
1739810274403 166.29146586454513 46
1739810274417 166.22562925259967 47
1739810274433 166.15981885209436 48
1739810274444 166.09403465256935 49
1739810274456 166.028276643569 50
1739810274480 165.96254481464172 51
1739810274496 165.89683915534025 52
1739810274511 165.83115965522134 53
1739810274517 165.76550630384605 54
1739810274532 165.69987909077958 55
1739810274557 165.6342780055912 56
1739810274564 165.5687030378545 57
1739810274585 165.5031541771471 58
1739810274596 165.4376314130509 59
1739810274616 165.37213473515186 60
1739810274627 165.3066641330402 61
1739810274643 165.24121959631012 62
1739810274651 165.17580111456027 63
1739810274668 165.1104086773932 64
1739810274682 165.0450422744157 65
1739810274697 164.9797018952387 66
1739810274715 164.91438752947735 67
1739810274737 164.84909916675085 68
1739810274745 164.7838367966826 69
1739810274763 164.7186004089002 70
1739810274776 164.6533899930352 71
1739810274796 164.58820553872354 72
1739810274808 164.52304703560515 73
1739810274829 164.45791447332414 74
1739810274846 164.3928078415287 75
1739810274862 164.32772712987128 76
1739810274880 164.26267232800834 77
1739810274900 164.1976434256006 78
1739810274920 164.13264041231272 79
1739810274937 164.0676632778137 80
1739810274960 164.00271201177648 81
1739810274979 163.93778660387832 82
1739810274994 163.87288704380046 83
1739810275014 163.80801332122832 84
1739810275033 163.74316542585134 85
1739810275049 163.67834334736327 86
1739810275064 163.6135470754618 87
1739810275080 163.54877659984888 88
1739810275103 163.48403191023044 89
1739810275122 163.41931299631662 90
1739810275142 163.3546198478216 91
1739810275161 163.28995245446373 92
1739810275181 163.22531080596548 93
1739810275200 163.1606948920533 94
1739810275216 163.09610470245792 95
1739810275234 163.03154022691405 96
1739810275251 162.9670014551605 97
1739810275269 162.9024883769403 98
1739810275279 162.8380009820005 99
1739810275295 162.77353926009212 100
1739810275320 162.70910320097047 101
1739810275337 162.64469279439493 102
1739810275354 162.58030803012886 103
1739810275369 162.51594889793978 104
1739810275387 162.4516153875993 105
1739810275400 162.3873074888831 106
1739810275421 162.32302519157093 107
1739810275438 162.25876848544667 108
1739810275454 162.19453736029826 109
1739810275467 162.1303318059177 110
1739810275485 162.0661518121011 111
1739810275503 162.00199736864857 112
1739810275519 161.93786846536446 113
1739810275536 161.873765092057 114
1739810275551 161.80968723853863 115
1739810275568 161.74563489462577 116
1739810275584 161.681608050139 117
1739810275601 161.61760669490286 118
1739810275617 161.55363081874606 119
1739810275634 161.48968041150127 120
1739810275653 161.42575546300534 121
1739810275668 161.3618559630991 122
1739810275684 161.29798190162742 123
1739810275702 161.2341332684393 124
1739810275717 161.1703100533877 125
1739810275733 161.1065122463298 126
1739810275748 161.04273983712667 127
1739810275769 160.9789928156434 128
1739810275785 160.9152711717494 129
1739810275801 160.85157489531778 130
1739810275817 160.78790397622592 131
1739810275834 160.72425840435523 132
1739810275851 160.66063816959104 133
1739810275867 160.5970432618228 134
1739810275882 160.533473670944 135
1739810275899 160.46992938685221 136
1739810275915 160.40641039944896 137
1739810275930 160.34291669863987 138
1739810275945 160.2794482743345 139
1739810275961 160.21600511644655 140
1739810275977 160.1525872148937 141
1739810275992 160.0891945595977 142
1739810276007 160.02582714048424 143
1739810276024 159.96248494748318 144
1739810276038 159.89916797052814 145
1739810276052 159.83587619955713 146
1739810276067 159.77260962451183 147
1739810276081 159.7093682353382 148
1739810276094 159.646152021986 149
1739810276100 159.58296097440916 150
1739810276115 159.51979508256565 151
1739810276139 159.45665433641727 152
1739810276154 159.39353872593 153
1739810276171 159.33044824107375 154
1739810276188 159.26738287182246 155
1739810276201 159.20434260815406 156
1739810276220 159.1413274400505 157
1739810276237 159.0783373574977 158
1739810276254 159.01537235048568 159
1739810276273 158.9524324090083 160
1739810276283 158.8895175230636 161
1739810276308 158.8266276826534 162
1739810276318 158.76376287778373 163
1739810276333 158.7009230984645 164
1739810276348 158.6381083347096 165
1739810276368 158.57531857653694 166
1739810276383 158.51255381396848 167
1739810276399 158.44981403703002 168
1739810276415 158.38709923575146 169
1739810276430 158.3244094001667 170
1739810276430 158.26174452031353 171
1739810276457 158.1991045862337 172
1739810276472 158.13648958797305 173
1739810276487 158.07389951558142 174
1739810276503 158.01133435911242 175
1739810276518 157.9487941086239 176
1739810276533 157.88627875417745 177
1739810276539 157.82378828583882 178
1739810276549 157.76132269367753 179
1739810276568 157.69888196776728 180
1739810276583 157.6364660981855 181
1739810276599 157.57407507501387 182
1739810276614 157.5117088883378 183
1739810276630 157.44936752824674 184
1739810276630 157.38705098483408 185
1739810276650 157.32475924819727 186
1739810276673 157.26249230843754 187
1739810276691 157.20025015566014 188
1739810276712 157.13803277997445 189
1739810276732 157.07584017149352 190
1739810276749 157.0136723203346 191
1739810276766 156.9515292166186 192
1739810276782 156.88941085047074 193
1739810276798 156.8273172120198 194
1739810276799 156.76524829139888 195
1739810276814 156.7032040787447 196
1739810276830 156.6411845641981 197
1739810276849 156.57918973790385 198
1739810276862 156.5172195900106 199
1739810276880 156.45527411067096 200
1739810276893 156.39335329004146 201
1739810276910 156.33145711828266 202
1739810276929 156.26958558555884 203
1739810276949 156.20773868203847 204
1739810276951 156.14591639789364 205
1739810276971 156.0841187233007 206
1739810276983 156.02234564843974 207
1739810276998 155.96059716349473 208
1739810277014 155.8988732586537 209
1739810277033 155.8371739241085 210
1739810277046 155.77549915005497 211
1739810277062 155.71384892669278 212
1739810277062 155.65222324422555 213
1739810277083 155.59062209286088 214
1739810277094 155.52904546281022 215
1739810277110 155.4674933442889 216
1739810277134 155.4059657275162 217
1739810277148 155.3444626027153 218
1739810277162 155.28298396011337 219
1739810277171 155.22152978994137 220
1739810277191 155.1601000824341 221
1739810277201 155.09869482783046 222
1739810277217 155.0373140163732 223
1739810277236 154.97595763830878 224
1739810277250 154.91462568388778 225
1739810277266 154.85331814336456 226
1739810277266 154.79203500699742 227
1739810277286 154.73077626504855 228
1739810277302 154.66954190778398 229
1739810277315 154.60833192547364 230
1739810277329 154.54714630839146 231
1739810277345 154.4859850468151 232
1739810277361 154.42484813102618 233
1739810277379 154.3637355513102 234
1739810277393 154.30264729795655 235
1739810277409 154.24158336125848 236
1739810277425 154.1805437315131 237
1739810277430 154.11952839902142 238
1739810277441 154.05853735408832 239
1739810277458 153.99757058702264 240
1739810277473 153.93662808813687 241
1739810277489 153.8757098477476 242
1739810277504 153.8148158561752 243
1739810277520 153.75394610374383 244
1739810277536 153.69310058078165 245
1739810277552 153.63227927762065 246
1739810277552 153.57148218459662 247
1739810277571 153.5107092920492 248
1739810277586 153.449960590322 249
1739810277600 153.38923606976246 250
1739810277621 153.32853572072176 251
1739810277636 153.26785953355503 252
1739810277648 153.20720749862127 253
1739810277666 153.14657960628332 254
1739810277669 153.0859758469078 255
1739810277686 153.0253962108652 256
1739810277700 152.96484068853002 257
1739810277716 152.9043092702803 258
1739810277735 152.84380194649822 259
1739810277751 152.78331870756963 260
1739810277766 152.72285954388425 261
1739810277771 152.66242444583574 262
1739810277782 152.60201340382147 263
1739810277800 152.54162640824262 264
1739810277814 152.48126344950444 265
1739810277832 152.42092451801568 266
1739810277845 152.3606096041892 267
1739810277864 152.30031869844154 268
1739810277877 152.24005179119317 269
1739810277893 152.1798088728682 270
1739810277893 152.11958993389482 271
1739810277912 152.05939496470486 272
1739810277925 151.99922395573404 273
1739810277941 151.9390768974219 274
1739810277957 151.87895378021182 275
1739810277973 151.81885459455088 276
1739810277989 151.75877933089015 277
1739810278004 151.69872797968438 278
1739810278004 151.63870053139223 279
1739810278023 151.5786969764761 280
1739810278036 151.51871730540222 281
1739810278052 151.45876150864066 282
1739810278068 151.3988295766652 283
1739810278084 151.3389214999536 284
1739810278100 151.2790372689873 285
1739810278104 151.2191768742515 286
1739810278116 151.1593403062353 287
1739810278140 151.0995275554316 288
1739810278152 151.03973861233698 289
1739810278169 150.97997346745197 290
1739810278185 150.9202321112808 291
1739810278201 150.86051453433157 292
1739810278201 150.80082072711605 293
1739810278217 150.74115068014987 294
1739810278233 150.68150438395256 295
1739810278249 150.6218818290472 296
1739810278265 150.56228300596084 297
1739810278284 150.50270790522424 298
1739810278284 150.44315651737196 299
1739810278305 150.38362883294238 300
1739810278319 150.32412484247763 301
1739810278336 150.26464453652355 302
1739810278348 150.20518790562983 303
1739810278363 150.14575494035 304
1739810278380 150.0863456312412 305
1739810278398 150.02695996886447 306
1739810278398 149.96759794378457 307
1739810278416 149.90825954657006 308
1739810278427 149.84894476779323 309
1739810278445 149.78965359803016 310
1739810278468 149.73038602786067 311
1739810278476 149.6711420478684 312
1739810278491 149.61192164864067 313
1739810278508 149.55272482076867 314
1739810278523 149.49355155484722 315
1739810278530 149.434401841475 316
1739810278539 149.37527567125443 317
1739810278557 149.31617303479157 318
1739810278572 149.2570939226964 319
1739810278588 149.1980383255826 320
1739810278603 149.1390062340675 321
1739810278619 149.0799976387723 322
1739810278635 149.02101253032188 323
1739810278651 148.96205089934494 324
1739810278651 148.90311273647376 325
1739810278671 148.8441980323446 326
1739810278686 148.78530677759724 327
1739810278702 148.7264389628754 328
1739810278718 148.6675945788263 329
1739810278734 148.60877361610108 330
1739810278749 148.54997606535457 331
1739810278765 148.49120191724538 332
1739810278765 148.43245116243568 333
1739810278781 148.3737237915916 334
1739810278797 148.3150197953828 335
1739810278818 148.2563391644828 336
1739810278834 148.19768188956883 337
1739810278850 148.13904796132175 338
1739810278850 148.08043737042624 339
1739810278866 148.02185010757066 340
1739810278887 147.96328616344712 341
1739810278906 147.90474552875142 342
1739810278920 147.84622819418306 343
1739810278935 147.7877341504453 344
1739810278952 147.7292633882451 345
1739810278967 147.6708158982931 346
1739810278984 147.61239167130375 347
1739810279000 147.55399069799506 348
1739810279018 147.49561296908882 349
1739810279034 147.43725847531056 350
1739810279054 147.37892720738955 351
1739810279067 147.32061915605863 352
1739810279086 147.2623343120544 353
1739810279100 147.20407266611724 354
1739810279118 147.14583420899106 355
1739810279132 147.0876189314237 356
1739810279148 147.02942682416645 357
1739810279163 146.9712578779745 358
1739810279169 146.91311208360662 359
1739810279185 146.85498943182526 360
1739810279201 146.79688991339663 361
1739810279219 146.73881351909063 362
1739810279234 146.68076023968075 363
1739810279252 146.6227300659442 364
1739810279267 146.56472298866203 365
1739810279283 146.5067389986188 366
1739810279285 146.44877808660272 367
1739810279303 146.39084024340585 368
1739810279319 146.3329254598238 369
1739810279340 146.2750337266559 370
1739810279356 146.21716503470515 371
1739810279371 146.15931937477822 372
1739810279384 146.10149673768547 373
1739810279400 146.0436971142409 374
1739810279415 145.9859204952622 375
1739810279432 145.92816687157077 376
1739810279432 145.87043623399157 377
1739810279452 145.8127285733533 378
1739810279463 145.7550438804884 379
1739810279489 145.69738214623274 380
1739810279501 145.63974336142613 381
1739810279517 145.58212751691178 382
1739810279533 145.52453460353684 383
1739810279538 145.46696461215183 384
1739810279553 145.40941753361105 385
1739810279567 145.35189335877257 386
1739810279580 145.2943920784979 387
1739810279596 145.23691368365235 388
1739810279612 145.17945816510485 389
1739810279628 145.12202551372786 390
1739810279644 145.0646157203977 391
1739810279650 145.0072287759942 392
1739810279668 144.94986467140083 393
1739810279684 144.89252339750465 394
1739810279700 144.83520494519658 395
1739810279716 144.77790930537094 396
1739810279716 144.7206364689258 397
1739810279735 144.66338642676288 398
1739810279751 144.60615916978745 399
1739810279773 144.54895468890857 400
1739810279787 144.49177297503866 401
1739810279801 144.4346140190941 402
1739810279801 144.3774778119947 403
1739810279820 144.32036434466386 404
1739810279833 144.26327360802873 405
1739810279849 144.20620559302012 406
1739810279869 144.14916029057224 407
1739810279884 144.09213769162312 408
1739810279900 144.03513778711437 409
1739810279905 143.97816056799113 410
1739810279919 143.92120602520237 411
1739810279932 143.86427414970038 412
1739810279952 143.8073649324413 413
1739810279967 143.75047836438478 414
1739810279983 143.69361443649413 415
1739810279989 143.63677313973616 416
1739810279999 143.57995446508147 417
1739810280017 143.5231584035041 418
1739810280031 143.46638494598182 419
1739810280047 143.4096340834959 420
1739810280063 143.3529058070313 421
1739810280079 143.2962001075765 422
1739810280095 143.23951697612367 423
1739810280111 143.18285640366847 424
1739810280111 143.1262183812103 425
1739810280137 143.06960289975197 426
1739810280152 143.0130099503001 427
1739810280159 142.95643952386467 428
1739810280169 142.8998916114595 429
1739810280192 142.8433662041018 430
1739810280200 142.7868632928125 431
1739810280216 142.73038286861598 432
1739810280232 142.6739249225403 433
1739810280248 142.61748944561708 434
1739810280248 142.56107642888162 435
1739810280268 142.5046858633726 436
1739810280282 142.44831774013244 437
1739810280296 142.39197205020713 438
1739810280312 142.33564878464608 439
1739810280328 142.2793479345025 440
1739810280350 142.22306949083313 441
1739810280360 142.16681344469802 442
1739810280376 142.11057978716116 443
1739810280392 142.05436850928982 444
1739810280407 141.99817960215506 445
1739810280418 141.94201305683137 446
1739810280434 141.8858688643968 447
1739810280450 141.8297470159331 448
1739810280466 141.7736475025254 449
1739810280468 141.71757031526252 450
1739810280481 141.66151544523683 451
1739810280501 141.60548288354417 452
1739810280520 141.54947262128397 453
1739810280533 141.49348464955938 454
1739810280549 141.43751895947685 455
1739810280549 141.38157554214652 456
1739810280565 141.3256543886821 457
1739810280581 141.26975549020074 458
1739810280597 141.21387883782327 459
1739810280613 141.15802442267398 460
1739810280629 141.10219223588075 461
1739810280645 141.04638226857497 462
1739810280662 140.9905945118916 463
1739810280673 140.9348289569691 464
1739810280687 140.87908559494954 465
1739810280701 140.8233644169785 466
1739810280717 140.76766541420503 467
1739810280735 140.7119885777818 468
1739810280751 140.65633389886503 469
1739810280752 140.60070136861435 470
1739810280779 140.54509097819303 471
1739810280792 140.48950271876788 472
1739810280802 140.43393658150916 473
1739810280819 140.37839255759073 474
1739810280841 140.32287063818993 475
1739810280851 140.26737081448755 476
1739810280867 140.21189307766812 477
1739810280883 140.15643741891958 478
1739810280897 140.10100382943327 479
1739810280902 140.04559230040417 480
1739810280924 139.99020282303078 481
1739810280936 139.9348353885151 482
1739810280952 139.87948998806263 483
1739810280968 139.82416661288238 484
1739810280984 139.76886525418695 485
1739810280985 139.71358590319232 486
1739810281002 139.65832855111807 487
1739810281018 139.60309318918726 488
1739810281039 139.54787980862645 489
1739810281050 139.4926884006657 490
1739810281066 139.43751895653864 491
1739810281085 139.38237146748233 492
1739810281099 139.3272459247373 493
1739810281108 139.27214231954767 494
1739810281126 139.21706064316103 495
1739810281140 139.16200088682842 496
1739810281150 139.10696304180445 497
1739810281169 139.05194709934713 498
1739810281185 138.99695305071805 499
