1739810239205 169.4281063198635 0
1739810239229 168.75222613067237 1
1739810239237 168.0844802059941 2
1739810239257 167.41937166707757 3
1739810239272 166.75692835565314 4
1739810239287 166.09712050030538 5
1739810239303 165.4399375925704 6
1739810239315 164.78534996021 7
1739810239319 164.13338559748126 8
1739810239344 163.48401490812893 9
1739810239352 162.83722755047714 10
1739810239373 162.19299402668673 11
1739810239390 161.55134248010646 12
1739810239401 160.9122434873662 13
1739810239408 160.27568687092918 14
1739810239427 159.6416433050917 15
1739810239439 159.01014107891453 16
1739810239460 158.38115093967323 17
1739810239474 157.7546628713637 18
1739810239488 157.1306477181889 19
1739810239500 156.50913391159722 20
1739810239513 155.89009236730536 21
1739810239519 155.27351322827658 22
1739810239543 154.65936750642697 23
1739810239551 154.04768377232196 24
1739810239572 153.4384331079492 25
1739810239582 152.8315866696186 26
1739810239598 152.22717309001203 27
1739810239615 151.6251635944952 28
1739810239631 151.0255485981737 29
1739810239631 150.4282994212128 30
1739810239656 149.8334448300172 31
1739810239663 149.24095621240605 32
1739810239683 148.6508241356062 33
1739810239692 148.06302008153776 34
1739810239710 147.47757294720117 35
1739810239723 146.89445428079134 36
1739810239739 146.31365479924045 37
1739810239755 145.73514614415555 38
1739810239767 145.15895734005713 39
1739810239775 144.58506009347002 40
1739810239795 144.01344526865455 41
1739810239804 143.44408466486865 42
1739810239822 142.87700743112765 43
1739810239836 142.31218543027228 44
1739810239852 141.7496096715514 45
1739810239852 141.18925210986964 46
1739810239877 140.63114201576124 47
1739810239884 140.07525140640024 48
1739810239907 139.52155237215763 49
1739810239921 138.97007423267638 50
1739810239934 138.42078913967632 51
1739810239947 137.87368835061775 52
1739810239965 137.32874410798445 53
1739810239979 136.78598584804945 54
1739810239979 136.24538587336875 55
1739810239996 135.70693558014716 56
1739810240020 135.17060736106154 57
1739810240027 134.63643076617086 58
1739810240048 134.10437824696834 59
1739810240062 133.57444133619998 60
1739810240074 133.04659257484556 61
1739810240090 132.520861623953 62
1739810240102 131.99722108208277 63
1739810240106 131.47566261635401 64
1739810240129 130.95615891418834 65
1739810240138 130.43873974487164 66
1739810240155 129.92337785219087 67
1739810240171 129.4100650355044 68
1739810240183 128.89877412684325 69
1739810240191 128.38953500102602 70
1739810240209 127.88232054525352 71
1739810240224 127.37710371885628 72
1739810240236 126.87391443394708 73
1739810240244 126.37272570419275 74
1739810240264 125.87352955533717 75
1739810240274 125.37629908808067 76
1739810240290 124.88106431564331 77
1739810240306 124.38779839189947 78
1739810240318 123.89649346913757 79
1739810240322 123.40712278767188 80
1739810240345 122.91971645924531 81
1739810240356 122.43424777620318 82
1739810240376 121.95070901536889 83
1739810240389 121.46907355494204 84
1739810240407 120.98937160264683 85
1739810240421 120.51157658758945 86
1739810240437 120.03568090915086 87
1739810240453 119.56165808171353 88
1739810240469 119.08953840648402 89
1739810240469 118.61929544764544 90
1739810240500 118.15090284064419 91
1739810240516 117.68439091507656 92
1739810240531 117.21973335542232 93
1739810240535 116.75692277087353 94
1739810240556 116.29593293004226 95
1739810240564 115.83679425193529 96
1739810240584 115.37948055312326 97
1739810240596 114.92398456007801 98
1739810240614 114.4702801729459 99
1739810240630 114.01839789775758 100
1739810240644 113.56831168156079 101
1739810240644 113.12001436624489 102
1739810240670 112.67347998188397 103
1739810240676 112.22873911918596 104
1739810240697 111.78576585408659 105
1739810240708 111.34453433309422 106
1739810240726 110.90507516880155 107
1739810240740 110.46736255286038 108
1739810240757 110.03138952474802 109
1739810240774 109.59713035804711 110
1739810240788 109.16461574621725 111
1739810240803 108.733820006974 112
1739810240825 108.30473629024215 113
1739810240835 107.87733899513853 114
1739810240856 107.45165889374933 115
1739810240867 107.0276704283307 116
1739810240885 106.60536685750098 117
1739810240899 106.18472270439462 118
1739810240914 105.76576881752204 119
1739810240930 105.34847976217965 120
1739810240946 104.93284890395344 121
1739810240961 104.51885088850183 122
1739810240974 104.10651663859437 123
1739810240977 103.6958208410901 124
1739810241002 103.2867382526017 125
1739810241021 102.87929981008742 126
1739810241037 102.47348031070054 127
1739810241052 102.06927330314963 128
1739810241067 101.66665366391055 129
1739810241085 101.26565240070153 130
1739810241099 100.86624442960517 131
1739810241114 100.46842340169158 132
1739810241130 100.07216431186768 133
1739810241139 99.67749823654543 134
1739810241160 99.28440020932007 135
1739810241171 98.89286398199792 136
1739810241189 98.50286466650614 137
1739810241203 98.1144334059197 138
1739810241219 97.72754534995087 139
1739810241234 97.34217571740709 140
1739810241250 96.95835565994162 141
1739810241264 96.57606043352989 142
1739810241279 96.19528396243295 143
1739810241294 95.81600157995993 144
1739810241310 95.43824450115771 145
1739810241324 95.061988095626 146
1739810241339 94.68722638402437 147
1739810241340 94.31393481281064 148
1739810241367 93.94214465848792 149
1739810241374 93.57183140294187 150
1739810241396 93.20298916169992 151
1739810241405 92.83559349303586 152
1739810241424 92.46967573300502 153
1739810241438 92.10521147446053 154
1739810241454 91.74217637870359 155
1739810241454 91.38060178511681 156
1739810241481 91.02046338900418 157
1739810241485 90.66175546830169 158
1739810241501 90.30445379374129 159
1739810241525 89.94858976120578 160
1739810241537 89.59413917460574 161
1739810241549 89.24109640266019 162
1739810241565 88.88943732425322 163
1739810241565 88.53919338995208 164
1739810241581 88.19034051100923 165
1739810241597 87.84285466662347 166
1739810241619 87.49676730709568 167
1739810241629 87.15205444344457 168
1739810241649 86.80871059980457 169
1739810241663 86.46671186123433 170
1739810241677 86.12608972981839 171
1739810241692 85.78682032164824 172
1739810241707 85.44889824773232 173
1739810241709 85.11229969776245 174
1739810241736 84.77705622387565 175
1739810241750 84.4431440460228 176
1739810241764 84.110557860707 177
1739810241773 83.77927396104475 178
1739810241792 83.44932394752463 179
1739810241808 83.12068414276139 180
1739810241820 82.79333093668579 181
1739810241834 82.4672959248447 182
1739810241849 82.1425555261554 183
1739810241856 81.81910458348318 184
1739810241877 81.49691958801068 185
1739810241888 81.17603218093261 186
1739810241904 80.85641888167919 187
1739810241904 80.5380746149293 188
1739810241932 80.22097597195751 189
1739810241936 79.90515463798545 190
1739810241952 79.59058723180902 191
1739810241968 79.27725043904914 192
1739810241987 78.96517593679391 193
1739810242000 78.65434043769925 194
1739810242015 78.34473900650423 195
1739810242015 78.03634842683229 196
1739810242041 77.72920041723164 197
1739810242055 77.42327178765541 198
1739810242069 77.11855768113358 199
1739810242079 76.81503497817879 200
1739810242097 76.51273543725502 201
1739810242119 76.21163596451133 202
1739810242137 75.91171353243465 203
1739810242142 75.61299988832182 204
1739810242165 75.31547202983425 205
1739810242188 75.01912523403165 206
1739810242204 74.72393656828032 207
1739810242207 74.42993781735746 208
1739810242232 74.13710607313067 209
1739810242241 73.84543668757958 210
1739810242262 73.55490682188105 211
1739810242272 73.26554829682183 212
1739810242292 72.97733829741827 213
1739810242304 72.6902540745411 214
1739810242320 72.40432743492784 215
1739810242336 72.11953565285032 216
1739810242349 71.83587420854731 217
1739810242358 71.55332044476609 218
1739810242378 71.27190620194442 219
1739810242390 70.99160884558832 220
1739810242406 70.71242392763077 221
1739810242421 70.43432888166934 222
1739810242433 70.1573555804417 223
1739810242437 69.88148147967262 224
1739810242461 69.60668410046075 225
1739810242469 69.33299529875796 226
1739810242489 69.06039261737409 227
1739810242503 68.78887173097908 228
1739810242516 68.5184102496605 229
1739810242516 68.24904005948157 230
1739810242544 67.98073879162813 231
1739810242558 67.7135021893776 232
1739810242572 67.44730795082076 233
1739810242586 67.18218799079936 234
1739810242600 66.91812002790002 235
1739810242612 66.65508184560554 236
1739810242627 66.3931053393746 237
1739810242627 66.13216831279132 238
1739810242656 65.87226662658568 239
1739810242670 65.61337815045168 240
1739810242684 65.35553480655393 241
1739810242700 65.09871448410306 242
1739810242717 64.84291310948274 243
1739810242725 64.5881086376512 244
1739810242746 64.33433301621096 245
1739810242759 64.08156421906227 246
1739810242778 63.82978028452615 247
1739810242791 63.579013138358576 248
1739810242807 63.329240837448644 249
1739810242822 63.08045942057588 250
1739810242836 62.83264700959985 251
1739810242850 62.585835553752915 252
1739810242865 62.34000319290502 253
1739810242874 62.09514602866288 254
1739810242892 61.851242265514514 255
1739810242908 61.60832387496288 256
1739810242923 61.36636907895844 257
1739810242939 61.12535616339927 258
1739810242951 60.88531707560639 259
1739810242965 60.64623011858602 260
1739810242980 60.408091501501815 261
1739810242990 60.17087959121802 262
1739810243008 59.93462635547108 263
1739810243022 59.699310177701676 264
1739810243038 59.46490950495215 265
1739810243038 59.231456279410125 266
1739810243063 58.99892896435214 267
1739810243069 58.76732387352859 268
1739810243091 58.53661953332484 269
1739810243101 58.30684790455352 270
1739810243119 58.07798752931836 271
1739810243133 57.85003477983176 272
1739810243149 57.62296826096936 273
1739810243149 57.39681995105885 274
1739810243175 57.171568470187296 275
1739810243190 56.947192501573674 276
1739810243203 56.72372399585908 277
1739810243221 56.50114165115009 278
1739810243233 56.27944193974334 279
1739810243245 56.05860362178368 280
1739810243265 55.83865866373626 281
1739810243280 55.61958584014178 282
1739810243296 55.40136398832893 283
1739810243308 55.18402504583082 284
1739810243324 54.967547864059355 285
1739810243336 54.7519290126316 286
1739810243351 54.53714740427412 287
1739810243355 54.32323499071344 288
1739810243380 54.110170698282346 289
1739810243392 53.8979511509983 290
1739810243407 53.68655533618612 291
1739810243423 53.476015218745125 292
1739810243439 53.26630979913781 293
1739810243455 53.0574181401477 294
1739810243467 52.849372175788716 295
1739810243471 52.64215098168653 296
1739810243494 52.43575127498946 297
1739810243508 52.23015219160583 298
1739810243525 52.02538567718451 299
1739810243525 51.821430880021516 300
1739810243553 51.618267010391634 301
1739810243567 51.41592598192611 302
1739810243581 51.2143870170023 303
1739810243596 51.01364692332775 304
1739810243611 50.81368498286241 305
1739810243627 50.61453311939085 306
1739810243642 50.4161706265349 307
1739810243657 50.21857685955366 308
1739810243672 50.02178370912358 309
1739810243685 49.82577054189068 310
1739810243700 49.63053425362107 311
1739810243707 49.43605426985228 312
1739810243727 49.242362489987215 313
1739810243742 49.04943835052296 314
1739810243757 48.8572613492531 315
1739810243773 48.665863351422495 316
1739810243788 48.47522386551921 317
1739810243804 48.285339872936504 318
1739810243804 48.096190940371486 319
1739810243825 47.907808940421944 320
1739810243847 47.7201734500652 321
1739810243861 47.5332814985585 322
1739810243876 47.34711272078846 323
1739810243890 47.16169899582905 324
1739810243906 46.97701996844005 325
1739810243918 46.79305534421549 326
1739810243932 46.60983696641453 327
1739810243941 46.42734455025444 328
1739810243960 46.245575206933616 329
1739810243974 46.06450870890847 330
1739810243989 45.88417690462282 331
1739810244005 45.704559575761806 332
1739810244017 45.52563656450515 333
1739810244033 45.34743968253196 334
1739810244049 45.169948781009964 335
1739810244063 44.9931610508162 336
1739810244078 44.8170563996954 337
1739810244093 44.641666643269396 338
1739810244109 44.46697169788853 339
1739810244124 44.29295154005874 340
1739810244137 44.11963794772396 341
1739810244154 43.94701090576392 342
1739810244167 43.77506768253425 343
1739810244184 43.60378831883737 344
1739810244197 43.43320459536634 345
1739810244208 43.26329656092672 346
1739810244225 43.09404432414131 347
1739810244242 42.92547962714782 348
1739810244254 42.75758258634912 349
1739810244268 42.59035054544022 350
1739810244282 42.42376367609983 351
1739810244296 42.257853722068276 352
1739810244312 42.092600862445124 353
1739810244325 41.927985335809396 354
1739810244339 41.76403884650341 355
1739810244355 41.60074164031239 356
1739810244367 41.43809113419061 357
1739810244385 41.27606762855971 358
1739810244399 41.11470282826375 359
1739810244415 40.95397704058257 360
1739810244430 40.79387063193815 361
1739810244445 40.63441526696769 362
1739810244462 40.47559131874501 363
1739810244475 40.31739627546089 364
1739810244491 40.15981056419318 365
1739810244507 40.00286584902448 366
1739810244519 39.84654256334718 367
1739810244534 39.690821199359064 368
1739810244549 39.53573338015995 369
1739810244554 39.38125960406383 370
1739810244577 39.227397428531276 371
1739810244586 39.07412740525493 372
1739810244605 38.92148115576683 373
1739810244619 38.76943923754903 374
1739810244632 38.617982266552815 375
1739810244648 38.467141822583514 376
1739810244651 38.31689852719122 377
1739810244666 38.16725000519388 378
1739810244687 38.01817693090149 379
1739810244698 37.869710881580644 380
1739810244721 37.72183253682374 381
1739810244732 37.574522634356626 382
1739810244748 37.42781270900633 383
1739810244757 37.28168350359807 384
1739810244776 37.13613270844746 385
1739810244791 36.991141118527416 386
1739810244809 36.846740265196075 387
1739810244837 36.702910948219255 388
1739810244853 36.55963402516085 389
1739810244869 36.416940984256904 390
1739810244885 36.27481268768857 391
1739810244901 36.133246889460885 392
1739810244915 35.992224503296804 393
1739810244933 35.85177701307316 394
1739810244950 35.71188533683334 395
1739810244967 35.57253045008396 396
1739810244983 35.433743792926656 397
1739810244993 35.29550634501995 398
1739810245019 35.157799143270175 399
1739810245032 35.02065358381915 400
1739810245053 34.88405070755949 401
1739810245059 34.74798835644306 402
1739810245083 34.6124476219633 403
1739810245091 34.47745989481262 404
1739810245112 34.34300627018721 405
1739810245123 34.20906790019747 406
1739810245141 34.0756761309627 407
1739810245155 33.94281211813729 408
1739810245169 33.810473763176276 409
1739810245177 33.6786422717445 410
1739810245198 33.547348983712546 411
1739810245209 33.4165751080147 412
1739810245227 33.28630191016632 413
1739810245242 33.15656068487911 414
1739810245254 33.02733270078584 415
1739810245265 32.898615917202044 416
1739810245283 32.770391652186305 417
1739810245290 32.64269119343847 418
1739810245306 32.51549586186879 419
1739810245327 32.388787034635826 420
1739810245343 32.26259595372149 421
1739810245358 32.13690399899046 422
1739810245371 32.011692606341214 423
1739810245387 31.88699297189264 424
1739810245400 31.762786534106382 425
1739810245408 31.639071332195986 426
1739810245427 31.515828853137325 427
1739810245442 31.393090285122792 428
1739810245456 31.27083711743768 429
1739810245471 31.149050895069596 430
1739810245483 31.02776275982494 431
1739810245495 30.906954258864083 432
1739810245512 30.78662348545819 433
1739810245526 30.66675203471131 434
1739810245542 30.547371039822846 435
1739810245554 30.42846209782411 436
1739810245568 30.31000686111756 437
1739810245574 30.192036416018645 438
1739810245596 30.074532416726452 439
1739810245605 29.95747657259742 440
1739810245623 29.84089992294355 441
1739810245637 29.724784178789758 442
1739810245653 29.60912750805399 443
1739810245653 29.49391166881282 444
1739810245680 29.37916769097059 445
1739810245697 29.26487733403799 446
1739810245710 29.15102241235316 447
1739810245725 29.037633908352692 448
1739810245738 28.92469363768651 449
1739810245754 28.812199818777394 450
1739810245769 28.70013431376974 451
1739810245782 28.588528095089007 452
1739810245795 28.477363025964717 453
1739810245814 28.366621024124306 454
1739810245825 28.25633301408445 455
1739810245841 28.146480914541087 456
1739810245859 28.03704669847485 457
1739810245874 27.92806124239812 458
1739810245887 27.81950652014565 459
1739810245899 27.71138081988116 460
1739810245919 27.60366616106025 461
1739810245925 27.49639340948979 462
1739810245942 27.389544585263266 463
1739810245959 27.28310176243057 464
1739810245972 27.177095758384585 465
1739810245975 27.071508647704164 466
1739810246000 26.96633876573869 467
1739810246012 26.861568232143146 468
1739810246031 26.75722785307334 469
1739810246045 26.653299748504107 470
1739810246058 26.549766092038773 471
1739810246074 26.446657641031273 472
1739810246090 26.343956569301152 473
1739810246090 26.241645104083947 474
1739810246115 26.13975395385845 475
1739810246122 26.038265345974903 476
1739810246144 25.9371776809404 477
1739810246154 25.836473230325094 478
1739810246174 25.73618269077543 479
1739810246186 25.636288333776893 480
1739810246201 25.536772483904276 481
1739810246212 25.43766578857016 482
1739810246228 25.338950572168233 483
1739810246243 25.24060921196946 484
1739810246258 25.14267230609159 485
1739810246271 25.045122231530094 486
1739810246290 24.947957451395837 487
1739810246293 24.85116038605821 488
1739810246308 24.754761621261814 489
1739810246324 24.658743576910506 490
1739810246340 24.56308872545995 491
1739810246360 24.46782760302918 492
1739810246372 24.3729426815188 493
1739810246388 24.27841648516971 494
1739810246404 24.184279500426126 495
1739810246404 24.09051425088632 496
1739810246420 23.997119259811175 497
1739810246436 23.904077093336852 498
1739810246452 23.81141822504581 499
