1739809010075 175.98008960858945 0
1739809010086 175.2779692241411 1
1739809010107 174.57879233992307 2
1739809010118 173.88254633333253 3
1739809010139 173.1892186365499 4
1739809010150 172.49879673629988 5
1739809010165 171.8112681736131 6
1739809010171 171.1266205435888 7
1739809010188 170.44484149515918 8
1739809010201 169.7659187308537 9
1739809010215 169.08984000656554 10
1739809010229 168.41659313131825 11
1739809010244 167.74616596703396 12
1739809010251 167.07854642830227 13
1739809010267 166.41372248215023 14
1739809010287 165.75168214781345 15
1739809010292 165.0924134965082 16
1739809010307 164.43590465120417 17
1739809010323 163.78214378639885 18
1739809010339 163.13111912789225 19
1739809010350 162.48281895256306 20
1739809010370 161.83723158814553 21
1739809010386 161.1943454130076 22
1739809010392 160.55414885592953 23
1739809010414 159.91663039588417 24
1739809010420 159.2817785618175 25
1739809010439 158.6495819324306 26
1739809010448 158.0200291359625 27
1739809010466 157.39310884997371 28
1739809010482 156.76880980113097 29
1739809010503 156.1471207649932 30
1739809010512 155.5280305657974 31
1739809010527 154.91152807624675 32
1739809010543 154.29760221729867 33
1739809010555 153.68624195795445 34
1739809010559 153.07743631504914 35
1739809010582 152.47117435304324 36
1739809010591 151.86744518381437 37
1739809010608 151.2662379664505 38
1739809010608 150.66754190704387 39
1739809010635 150.07134625848573 40
1739809010639 149.47764032026225 41
1739809010662 148.88641343825088 42
1739809010671 148.29765500451802 43
1739809010687 147.7113544571174 44
1739809010687 147.1275012798894 45
1739809010713 146.5460850022612 46
1739809010719 145.9670951990476 47
1739809010734 145.39052149025332 48
1739809010751 144.8163535408754 49
1739809010767 144.24458106070716 50
1739809010767 143.67519380414237 51
1739809010785 143.10818156998096 52
1739809010799 142.5435342012349 53
1739809010818 141.98124158493545 54
1739809010831 141.421293651941 55
1739809010845 140.8636803767459 56
1739809010847 140.30839177728993 57
1739809010863 139.7554179147686 58
1739809010883 139.20474889344476 59
1739809010894 138.6563748604604 60
1739809010911 138.1102860056495 61
1739809010911 137.5664725613519 62
1739809010935 137.02492480222782 63
1739809010952 136.48563304507311 64
1739809010959 135.94858764863542 65
1739809010979 135.41377901343122 66
1739809010991 134.88119758156347 67
1739809011007 134.35083383654026 68
1739809011007 133.82267830309414 69
1739809011033 133.29672154700214 70
1739809011044 132.7729541749069 71
1739809011061 132.25136683413825 72
1739809011074 131.7319502125357 73
1739809011086 131.2146950382718 74
1739809011086 130.69959207967602 75
1739809011124 130.18663214505983 76
1739809011140 129.67580608254198 77
1739809011154 129.16710477987507 78
1739809011166 128.66051916427253 79
1739809011178 128.15604020223654 80
1739809011181 127.65365889938666 81
1739809011199 127.15336630028912 82
1739809011212 126.65515348828703 83
1739809011231 126.15901158533116 84
1739809011244 125.6649317518116 85
1739809011261 125.17290518639 86
1739809011273 124.68292312583282 87
1739809011289 124.19497684484485 88
1739809011304 123.70905765590409 89
1739809011319 123.2251569090967 90
1739809011333 122.74326599195312 91
1739809011344 122.26337632928474 92
1739809011358 121.78547938302125 93
1739809011370 121.30956665204894 94
1739809011386 120.83562967204927 95
1739809011399 120.36366001533857 96
1739809011402 119.89364929070825 97
1739809011425 119.42558914326571 98
1739809011434 118.95947125427602 99
1739809011450 118.49528734100416 100
1739809011465 118.03302915655811 101
1739809011478 117.57268848973254 102
1739809011489 117.11425716485314 103
1739809011497 116.6577270416218 104
1739809011513 116.20309001496221 105
1739809011532 115.75033801486646 106
1739809011545 115.29946300624194 107
1739809011558 114.85045698875925 108
1739809011561 114.4033119967006 109
1739809011584 113.95802009880877 110
1739809011593 113.51457339813713 111
1739809011609 113.07296403189982 112
1739809011625 112.63318417132284 113
1739809011632 112.19522602149591 114
1739809011641 111.75908182122473 115
1739809011666 111.32474384288398 116
1739809011673 110.89220439227101 117
1739809011689 110.46145580846019 118
1739809011704 110.03249046365771 119
1739809011720 109.60530076305734 120
1739809011720 109.17987914469641 121
1739809011748 108.75621807931284 122
1739809011755 108.33431007020246 123
1739809011775 107.91414765307724 124
1739809011785 107.49572339592373 125
1739809011801 107.07902989886273 126
1739809011816 106.66405979400895 127
1739809011828 106.25080574533169 128
1739809011839 105.83926044851599 129
1739809011848 105.42941663082435 130
1739809011870 105.02126705095915 131
1739809011880 104.61480449892561 132
1739809011891 104.21002179589534 133
1739809011907 103.8069117940706 134
1739809011912 103.40546737654896 135
1739809011934 103.00568145718871 136
1739809011943 102.60754698047481 137
1739809011959 102.21105692138543 138
1739809011975 101.81620428525906 139
1739809011987 101.42298210766216 140
1739809011991 101.03138345425756 141
1739809012013 100.6414014206732 142
1739809012023 100.25302913237161 143
1739809012039 99.8662597445199 144
1739809012039 99.48108644186034 145
1739809012065 99.09750243858151 146
1739809012071 98.71550097818998 147
1739809012092 98.33507533338256 148
1739809012102 97.95621880591914 149
1739809012118 97.57892472649603 150
1739809012118 97.20318645462 151
1739809012145 96.82899737848263 152
1739809012150 96.4563509148354 153
1739809012165 96.08524050886528 154
1739809012181 95.71565963407087 155
1739809012197 95.34760179213903 156
1739809012197 94.98106051282203 157
1739809012223 94.61602935381543 158
1739809012229 94.25250190063626 159
1739809012250 93.89047176650183 160
1739809012262 93.52993259220914 161
1739809012277 93.17087804601465 162
1739809012277 92.81330182351478 163
1739809012303 92.45719764752673 164
1739809012310 92.10255926796998 165
1739809012330 91.74938046174823 166
1739809012342 91.39765503263185 167
1739809012356 91.04737681114095 168
1739809012357 90.69853965442874 169
1739809012382 90.35113744616568 170
1739809012389 90.0051640964239 171
1739809012409 89.66061354156221 172
1739809012421 89.31747974411184 173
1739809012437 88.97575669266212 174
1739809012437 88.63543840174722 175
1739809012462 88.2965189117332 176
1739809012469 87.95899228870542 177
1739809012488 87.62285262435658 178
1739809012500 87.28809403587518 179
1739809012516 86.95471066583464 180
1739809012516 86.62269668208262 181
1739809012542 86.29204627763099 182
1739809012548 85.96275367054639 183
1739809012568 85.63481310384101 184
1739809012579 85.30821884536404 185
1739809012595 84.98296518769354 186
1739809012595 84.65904644802875 187
1739809012627 84.33645696808294 188
1739809012627 84.01519111397663 189
1739809012652 83.69524327613144 190
1739809012663 83.37660786916418 191
1739809012679 83.05927933178161 192
1739809012690 82.74325212667553 193
1739809012706 82.42852074041839 194
1739809012706 82.11507968335933 195
1739809012731 81.80292348952071 196
1739809012737 81.49204671649508 197
1739809012758 81.18244394534248 198
1739809012769 80.87410978048842 199
1739809012785 80.56703884962212 200
1739809012785 80.26122580359534 201
1739809012811 79.95666531632139 202
1739809012821 79.65335208467498 203
1739809012837 79.35128082839218 204
1739809012849 79.05044628997082 205
1739809012865 78.75084323457173 206
1739809012865 78.4524664499198 207
1739809012891 78.15531074620596 208
1739809012897 77.8593709559894 209
1739809012918 77.56464193410025 210
1739809012929 77.27111855754252 211
1739809012945 76.9787957253978 212
1739809012945 76.68766835872917 213
1739809012964 76.39773140048543 214
1739809012977 76.10897981540596 215
1739809012992 75.82140858992597 216
1739809013008 75.53501273208195 217
1739809013024 75.24978727141787 218
1739809013024 74.96572725889145 219
1739809013051 74.68282776678109 220
1739809013055 74.40108388859308 221
1739809013079 74.12049073896927 222
1739809013087 73.84104345359509 223
1739809013103 73.56273718910808 224
1739809013120 73.28556712300663 225
1739809013132 73.00952845355938 226
1739809013135 72.73461639971472 227
1739809013159 72.46082620101099 228
1739809013167 72.18815311748679 229
1739809013185 71.91659242959187 230
1739809013199 71.64613943809836 231
1739809013213 71.37678946401238 232
1739809013215 71.108537848486 233
1739809013242 70.84137995272964 234
1739809013253 70.57531115792489 235
1739809013267 70.31032686513754 236
1739809013278 70.04642249523125 237
1739809013294 69.78359348878126 238
1739809013294 69.5218353059889 239
1739809013314 69.26114342659605 240
1739809013334 69.00151334980028 241
1739809013350 68.74294059417024 242
1739809013364 68.48542069756134 243
1739809013374 68.22894921703201 244
1739809013389 67.97352172876012 245
1739809013403 67.71913382795987 246
1739809013405 67.46578112879904 247
1739809013429 67.21345926431655 248
1739809013436 66.96216388634048 249
1739809013457 66.71189066540627 250
1739809013468 66.46263529067552 251
1739809013485 66.2143934698549 252
1739809013485 65.96716092911561 253
1739809013510 65.72093341301309 254
1739809013516 65.47570668440709 255
1739809013537 65.23147652438207 256
1739809013548 64.98823873216809 257
1739809013564 64.7459891250618 258
1739809013564 64.50472353834799 259
1739809013590 64.26443782522139 260
1739809013596 64.02512785670885 261
1739809013617 63.78678952159176 262
1739809013628 63.54941872632895 263
1739809013643 63.313011394979874 264
1739809013643 63.07756346912804 265
1739809013669 62.84307090780492 266
1739809013675 62.60952968741413 267
1739809013696 62.37693580165586 268
1739809013707 62.145285261451804 269
1739809013723 61.91457409487023 270
1739809013723 61.68479834705158 271
1739809013749 61.455954080134205 272
1739809013754 61.228037373180506 273
1739809013776 61.00104432210344 274
1739809013785 60.77497103959329 275
1739809013803 60.549813655044744 276
1739809013817 60.32556831448437 277
1739809013829 60.102231180498315 278
1739809013833 59.87979843216037 279
1739809013849 59.658266264960346 280
1739809013865 59.437630890732756 281
1739809013884 59.21788853758582 282
1739809013897 58.99903544983076 283
1739809013910 58.78106788791137 284
1739809013912 58.56398212833407 285
1739809013937 58.34777446359797 286
1739809013945 58.13244120212555 287
1739809013963 57.91797866819335 288
1739809013982 57.70438320186325 289
1739809013997 57.49165115891382 290
1739809014008 57.2797789107721 291
1739809014024 57.06876284444559 292
1739809014024 56.858599362454655 293
1739809014049 56.64928488276509 294
1739809014056 56.44081583872108 295
1739809014076 56.23318867897842 296
1739809014088 56.026399867438 297
1739809014104 55.820445883179616 298
1739809014104 55.61532322039604 299
1739809014128 55.41102838832747 300
1739809014139 55.2075579111961 301
1739809014151 55.00490832814109 302
1739809014167 54.803076193153856 303
1739809014183 54.6020580750135 304
1739809014183 54.40185055722272 305
1739809014210 54.202450237943744 306
1739809014215 54.00385372993481 307
1739809014236 53.806057660486765 308
1739809014253 53.60905867135992 309
1739809014263 53.412853418721326 310
1739809014278 53.217438573082156 311
1739809014283 53.0228108192355 312
1739809014305 52.82896685619438 313
1739809014316 52.6359033971299 314
1739809014327 52.44361716931001 315
1739809014342 52.25210491403807 316
1739809014342 52.0613633865922 317
1739809014370 51.87138935616438 318
1739809014374 51.68217960580023 319
1739809014396 51.49373093233881 320
1739809014406 51.3060401463528 321
1739809014422 51.11910407208889 322
1739809014438 50.93291954740837 323
1739809014449 50.747483423728205 324
1739809014454 50.56279256596206 325
1739809014476 50.37884385246185 326
1739809014490 50.19563417495932 327
1739809014501 50.01316043850808 328
1739809014517 49.83141956142579 329
1739809014529 49.65040847523658 330
1739809014533 49.47012412461377 331
1739809014549 49.290563467322826 332
1739809014564 49.11172347416456 333
1739809014582 48.93360112891859 334
1739809014596 48.75619342828699 335
1739809014612 48.5794973818383 336
1739809014612 48.40351001195169 337
1739809014635 48.22822835376135 338
1739809014644 48.05364945510123 339
1739809014662 47.87977037644991 340
1739809014676 47.70658819087578 341
1739809014682 47.53409998398239 342
1739809014692 47.36230285385416 343
1739809014716 47.19119391100219 344
1739809014724 47.020770278310415 345
1739809014740 46.85102909098187 346
1739809014756 46.68196749648536 347
1739809014771 46.51358265450221 348
1739809014771 46.34587173687332 349
1739809014797 46.17883192754645 350
1739809014803 46.0124604225237 351
1739809014824 45.8467544298093 352
1739809014835 45.68171116935753 353
1739809014851 45.517327873020825 354
1739809014851 45.35360178449837 355
1739809014870 45.1905301592846 356
1739809014883 45.02811026461811 357
1739809014903 44.86633937943073 358
1739809014915 44.70521479429686 359
1739809014931 44.54473381138296 360
1739809014931 44.38489374439734 361
1739809014957 44.22569191854012 362
1739809014963 44.06712567045339 363
1739809014983 43.90919234817166 364
1739809014994 43.751889311072404 365
1739809015010 43.59521392982704 366
1739809015010 43.43916358635181 367
1739809015036 43.28373567375918 368
1739809015042 43.12892759630924 369
1739809015062 42.97473676936145 370
1739809015075 42.821160619326484 371
1739809015082 42.668196583618396 372
1739809015091 42.515842110606876 373
1739809015115 42.364094659569865 374
1739809015122 42.2129517006462 375
1739809015141 42.06241071478864 376
1739809015154 41.912469193716895 377
1739809015167 41.76312463987113 378
1739809015170 41.614374566365385 379
1739809015188 41.46621649694141 380
1739809015202 41.318647965922615 381
1739809015217 41.17166651816817 382
1739809015217 41.02526970902746 383
1739809015244 40.87945510429456 384
1739809015249 40.734220280163036 385
1739809015270 40.5895628231809 386
1739809015282 40.445480330205754 387
1739809015297 40.301970408360106 388
1739809015297 40.15903067498698 389
1739809015317 40.01665875760557 390
1739809015329 39.87485229386724 391
1739809015351 39.73360893151161 392
1739809015361 39.59292632832287 393
1739809015377 39.45280215208627 394
1739809015393 39.31323408054486 395
1739809015393 39.17421980135631 396
1739809015421 39.03575701205001 397
1739809015432 38.89784341998437 398
1739809015440 38.76047674230417 399
1739809015459 38.62365470589826 400
1739809015471 38.48737504735734 401
1739809015487 38.35163551293199 402
1739809015487 38.21643385849084 403
1739809015513 38.08176784947887 404
1739809015518 37.94763526087607 405
1739809015541 37.814033877156064 406
1739809015554 37.68096149224509 407
1739809015566 37.54841590948101 408
1739809015566 37.416394941572655 409
1739809015590 37.28489641055923 410
1739809015597 37.15391814776987 411
1739809015619 37.02345799378355 412
1739809015630 36.89351379838899 413
1739809015647 36.764083420544765 414
1739809015661 36.635164728339696 415
1739809015672 36.50675559895332 416
1739809015678 36.37885391861651 417
1739809015701 36.25145758257234 418
1739809015709 36.124564495037134 419
1739809015728 35.99817256916155 420
1739809015740 35.87227972699198 421
1739809015756 35.74688389943207 422
1739809015756 35.621983026204404 423
1739809015780 35.4975750558123 424
1739809015788 35.373657945501854 425
1739809015807 35.25022966122415 426
1739809015820 35.127288177597606 427
1739809015836 35.004831477870376 428
1739809015836 34.88285755388319 429
1739809015862 34.76136440603204 430
1739809015868 34.64035004323127 431
1739809015884 34.519812482876716 432
1739809015900 34.39974975080897 433
1739809015916 34.28015988127695 434
1739809015932 34.16104091690147 435
1739809015943 34.04239090863904 436
1739809015947 33.924207915745875 437
1739809015970 33.80649000574195 438
1739809015979 33.689235254375276 439
1739809015998 33.57244174558637 440
1739809016011 33.456107571472764 441
1739809016024 33.340230832253795 442
1739809016027 33.22480963623546 443
1739809016049 33.10984209977549 444
1739809016059 32.99532634724849 445
1739809016077 32.881260511011334 446
1739809016090 32.76764273136863 447
1739809016102 32.65447115653837 448
1739809016106 32.541743942617735 449
1739809016128 32.42945925354904 450
1739809016138 32.31761526108582 451
1739809016154 32.20621014475906 452
1739809016154 32.0952420918436 453
1739809016180 31.984709297324677 454
1739809016186 31.87460996386456 455
1739809016208 31.764942301769423 456
1739809016217 31.65570452895632 457
1739809016233 31.546894870920234 458
1739809016249 31.43851156070141 459
1739809016262 31.330552838852704 460
1739809016264 31.22301695340714 461
1739809016288 31.115902159845607 462
1739809016296 31.009206721064658 463
1739809016312 30.902928907344492 464
1739809016328 30.797066996317042 465
1739809016340 30.69161927293424 466
1739809016355 30.586584029436377 467
1739809016366 30.481959565320643 468
1739809016376 30.37774418730974 469
1739809016395 30.273936209320738 470
1739809016408 30.170533952433946 471
1739809016424 30.067535744862 472
1739809016424 29.964939921919083 473
1739809016449 29.862744825990195 474
1739809016455 29.760948806500686 475
1739809016476 29.65955021988583 476
1739809016491 29.55854742956053 477
1739809016503 29.457938805889242 478
1739809016503 29.357722726155895 479
1739809016529 29.25789757453406 480
1739809016535 29.158461742057238 481
1739809016551 29.059413626589173 482
1739809016567 28.96075163279439 483
1739809016583 28.86247417210888 484
1739809016583 28.764579662710815 485
1739809016607 28.667066529491485 486
1739809016615 28.56993320402628 487
1739809016636 28.473178124545893 488
1739809016647 28.376799735907547 489
1739809016663 28.280796489566416 490
1739809016663 28.18516684354719 491
1739809016683 28.089909262415638 492
1739809016695 27.995022217250458 493
1739809016713 27.900504185615148 494
1739809016726 27.806353651530006 495
1739809016746 27.712569105444288 496
1739809016758 27.619149044208477 497
1739809016774 27.526091971046654 498
1739809016774 27.433396395528998 499
