1739809325710 162.73803141324603 0
1739809325735 154.94412679876578 1
1739809325751 150.5199912857102 2
1739809325767 144.20568385354275 3
1739809325782 142.91472761608924 4
1739809325793 138.15619268081002 5
1739809325812 137.6873413602843 6
1739809325825 129.7060475351347 7
1739809325842 126.37809044545511 8
1739809325854 125.64464821864037 9
1739809325871 120.82326546847764 10
1739809325884 118.43061153053955 11
1739809325901 111.73229267510104 12
1739809325913 109.87722947022307 13
1739809325930 104.41496052595262 14
1739809325942 102.83167509531101 15
1739809325960 97.63802728952078 16
1739809325974 98.10741910544604 17
1739809325992 95.03578471248072 18
1739809326006 93.5009945133188 19
1739809326024 89.30085176020526 20
1739809326040 84.83269325658173 21
1739809326052 85.06870455580567 22
1739809326068 81.2029658994666 23
1739809326084 77.88786649190398 24
1739809326101 76.20690937819158 25
1739809326116 73.67354026876497 26
1739809326131 69.09395147343231 27
1739809326145 69.91732630844676 28
1739809326163 68.87445448064004 29
1739809326172 66.61935232900495 30
1739809326183 64.3437815525005 31
1739809326203 63.36371008178329 32
1739809326214 61.322038502415005 33
1739809326235 59.90670550735968 34
1739809326244 58.972237954166935 35
1739809326266 54.359236761187496 36
1739809326273 53.94147860462224 37
1739809326297 54.344344786785136 38
1739809326305 50.820779374932776 39
1739809326321 50.72048514914923 40
1739809326337 47.62902402671231 41
1739809326358 47.70849689431552 42
1739809326368 46.96954478092023 43
1739809326389 46.38665513211413 44
1739809326400 44.33117940135227 45
1739809326416 43.77763554210041 46
1739809326432 43.09883321393053 47
1739809326448 42.78336112921993 48
1739809326464 40.356480275427 49
1739809326480 39.68009936127801 50
1739809326485 36.85388099989741 51
1739809326511 37.03585713571807 52
1739809326516 37.30663082551571 53
1739809326539 35.103342435574675 54
1739809326547 34.40338005232023 55
1739809326567 32.415550524573845 56
1739809326575 31.004737283889416 57
1739809326599 31.78506582233154 58
1739809326607 31.283034992554075 59
1739809326628 30.197528625083304 60
1739809326639 28.82664074089687 61
1739809326660 28.483029473048013 62
1739809326670 27.904988836384824 63
1739809326692 27.40621941478283 64
1739809326702 26.77997443440102 65
1739809326722 26.059994134211845 66
1739809326739 25.227463279884393 67
1739809326752 24.61536611121759 68
1739809326765 23.183788109007878 69
1739809326782 23.912709309787743 70
1739809326797 22.57706823109793 71
1739809326812 21.966448211809578 72
1739809326828 21.65981168631439 73
1739809326848 20.694218966730265 74
1739809326864 19.410049499570626 75
1739809326880 19.48586608627521 76
1739809326898 19.399260153346685 77
1739809326914 18.745313526064546 78
1739809326924 19.055529903322444 79
1739809326942 18.18420362518727 80
1739809326955 17.783123040184872 81
1739809326973 17.10848496521683 82
1739809326987 16.92568636887655 83
1739809327002 15.404797449756941 84
1739809327018 16.07185095068937 85
1739809327034 16.344707417301766 86
1739809327050 15.320927771988572 87
1739809327066 15.698643201329679 88
1739809327082 14.35220412717731 89
1739809327098 14.712119142804488 90
1739809327114 14.458767644462068 91
1739809327127 13.634659394191896 92
1739809327134 14.02900083503479 93
1739809327156 13.514678725019387 94
1739809327164 13.32925414510257 95
1739809327187 12.353296867107499 96
1739809327203 13.173593632930615 97
1739809327217 12.571516500929942 98
1739809327225 11.31201633826925 99
1739809327246 11.2643086119295 100
1739809327257 11.87852443456145 101
1739809327277 11.38051134979693 102
1739809327288 11.268512862473656 103
1739809327309 10.720355313235844 104
1739809327320 10.567721525924654 105
1739809327339 10.48446240547006 106
1739809327352 10.410050588126925 107
1739809327368 9.605629659053594 108
1739809327384 10.398354111832365 109
1739809327400 9.471211152188154 110
1739809327415 9.117232297064362 111
1739809327432 8.282136149675923 112
1739809327438 8.517064319354885 113
1739809327463 9.118008100422573 114
1739809327469 8.5621152925151 115
1739809327490 8.786486072466843 116
1739809327500 7.869784607131887 117
1739809327527 8.02196713426957 118
1739809327533 7.334292541847119 119
1739809327555 8.000576613639028 120
1739809327563 7.468360310697698 121
1739809327584 7.710231165880719 122
1739809327591 7.709313919984868 123
1739809327614 7.281652177993474 124
1739809327623 6.484653771120011 125
1739809327645 7.182952553379812 126
1739809327655 6.9679844400820725 127
1739809327675 6.9023967339481755 128
1739809327687 7.019722285667997 129
1739809327706 6.605636429820593 130
1739809327718 6.810029380147451 131
1739809327734 6.743458908884799 132
1739809327750 6.2402087492601295 133
1739809327766 5.736169375340243 134
1739809327782 6.003440284133995 135
1739809327798 5.889836394634414 136
1739809327814 5.605583819974288 137
1739809327827 5.743579659849387 138
1739809327834 5.866298044430123 139
1739809327862 5.226270488628177 140
1739809327867 5.607370673787796 141
1739809327890 5.1186841910386836 142
1739809327898 5.42392603786375 143
1739809327920 5.390114317647274 144
1739809327925 5.234872196831943 145
1739809327949 5.469200873500685 146
1739809327957 4.912375686522 147
1739809327979 5.195614332683367 148
1739809327989 4.542132827512631 149
1739809328010 4.533294831710706 150
1739809328020 4.723437031469027 151
1739809328041 4.90816855481789 152
1739809328052 4.503943685088931 153
1739809328072 4.781411684731746 154
1739809328089 4.474362293197518 155
1739809328102 4.371561624959904 156
1739809328116 4.5731602399289395 157
1739809328132 4.322370260847008 158
1739809328148 4.2026399542516355 159
1739809328163 4.015016700031094 160
1739809328169 3.939974824986945 161
1739809328190 4.156877355411139 162
1739809328207 3.7656706057676597 163
1739809328224 4.016174454537482 164
1739809328235 3.9146076080763406 165
1739809328250 3.853886037879644 166
1739809328258 3.5144124223289537 167
1739809328280 3.4877828302117058 168
1739809328290 3.908144886276631 169
1739809328310 3.7720357691793014 170
1739809328321 3.7711228713905887 171
1739809328343 3.4084939847093314 172
1739809328357 3.598365985053637 173
1739809328370 3.3319646329396475 174
1739809328386 3.4180280776605447 175
1739809328400 3.5329959575312038 176
1739809328416 3.148617491004828 177
1739809328431 3.398877399093784 178
1739809328447 3.2046658634716296 179
1739809328463 2.7728736976074204 180
1739809328479 3.2016621695174936 181
1739809328491 3.146548548398242 182
1739809328499 3.33768389098222 183
1739809328511 3.168123406971342 184
1739809328529 3.049575326442476 185
1739809328552 3.005714046001347 186
1739809328561 3.311173900554639 187
1739809328583 3.184097618877285 188
1739809328590 2.9650802881085805 189
1739809328613 3.1244418524962803 190
1739809328622 3.0563561191770874 191
1739809328644 3.0043246946975 192
1739809328654 2.89915510753795 193
1739809328672 2.9967721040061863 194
1739809328686 3.0114824818093298 195
1739809328707 3.0753998276692283 196
1739809328722 2.7449186277849598 197
1739809328733 2.742940519117696 198
1739809328754 2.7893388501191363 199
1739809328768 2.4995798458124856 200
1739809328784 2.677239058534208 201
1739809328797 2.7672754709362315 202
1739809328813 2.780873139220391 203
1739809328829 2.5610334091098794 204
1739809328836 2.8196211047787676 205
1739809328861 2.4072096807633936 206
1739809328866 2.3479077514838496 207
1739809328893 2.8398240995335904 208
1739809328908 2.3649291513934427 209
1739809328908 2.487637384794747 210
1739809328929 2.571782271741767 211
1739809328951 2.599515667800179 212
1739809328959 2.5737609971164703 213
1739809328980 2.57214164998547 214
1739809328988 2.3316412450570785 215
1739809329011 2.5508632965352405 216
1739809329020 2.38553812970438 217
1739809329042 2.547207073876144 218
1739809329052 2.4040137212132344 219
1739809329071 2.3780232396884755 220
1739809329087 2.488502352943396 221
1739809329099 2.1989724032162297 222
1739809329115 2.178204265242729 223
1739809329131 2.3348217282730417 224
1739809329147 2.09431552060561 225
1739809329163 2.2676246839103946 226
1739809329169 2.0972914651710557 227
1739809329191 2.29373463235794 228
1739809329199 2.159554642213531 229
1739809329211 2.315808401000966 230
1739809329227 2.0626081106854572 231
1739809329252 2.1874138046156286 232
1739809329261 2.420982823057887 233
1739809329283 2.4672428387278957 234
1739809329292 2.523355222256928 235
1739809329316 2.183125114500202 236
1739809329324 2.299364203976248 237
1739809329345 2.266787971944845 238
1739809329355 2.1062774977815453 239
1739809329376 1.965672686225769 240
1739809329387 1.8621588257709265 241
1739809329407 1.9995766339493606 242
1739809329419 2.06628841476866 243
1739809329438 2.2236456435850496 244
1739809329454 1.9057331502845252 245
1739809329466 1.9140387176760714 246
1739809329482 1.9011951036552033 247
1739809329498 1.8884281533610878 248
1739809329514 1.9417425716667351 249
1739809329530 1.7862531213078991 250
1739809329536 1.9281108959692441 251
1739809329562 1.864689597074711 252
1739809329567 1.8638086672881495 253
1739809329590 1.7722260579457645 254
1739809329598 1.7847235410207303 255
1739809329620 1.9758293971024552 256
1739809329628 2.140743785476179 257
1739809329650 1.8242291986154604 258
1739809329657 1.9580453017340889 259
1739809329680 1.905533084721451 260
1739809329689 1.9924195026683966 261
1739809329711 1.9644174841594888 262
1739809329721 2.1434329120540245 263
1739809329742 1.9801453421960105 264
1739809329752 1.5502643906443452 265
1739809329769 1.81682356794011 266
1739809329784 1.8782538124456865 267
1739809329803 1.7202048423398484 268
1739809329816 2.0416569799502406 269
1739809329832 1.8184448958950252 270
1739809329848 1.9267290613224985 271
1739809329864 1.6064860991429029 272
1739809329869 1.8968992021448268 273
1739809329891 1.823709850592848 274
1739809329900 1.568236715296716 275
1739809329911 1.9684299335430915 276
1739809329927 1.8084463993645208 277
1739809329952 1.6851712641968595 278
1739809329959 1.870535207228952 279
1739809329983 2.1589494636688737 280
1739809329992 1.628991440961655 281
1739809330011 1.8599655017912897 282
1739809330024 1.644162211886572 283
1739809330039 2.003878911097287 284
1739809330056 1.8322369091592834 285
1739809330074 1.6214696198675431 286
1739809330087 1.8907840361314634 287
1739809330103 1.8341749901138018 288
1739809330119 1.545698468228832 289
1739809330135 1.6381123382532168 290
1739809330151 1.7868511823208444 291
1739809330166 1.7331542924773777 292
1739809330172 1.5837560640776902 293
1739809330194 1.8635737497052676 294
1739809330202 1.845635623981346 295
1739809330225 1.6091409696156487 296
1739809330246 1.5466657506258121 297
1739809330257 1.7426519466078734 298
1739809330265 1.5381336889649428 299
1739809330287 1.7327896637701266 300
1739809330295 1.8148330765877043 301
1739809330314 2.0085525943057547 302
1739809330325 1.7731624273337785 303
1739809330348 1.7710636130334785 304
1739809330357 1.6176768683440945 305
1739809330377 1.7468025738483655 306
1739809330393 1.8458399907303338 307
1739809330411 1.6840585649005326 308
1739809330426 1.9600521771681385 309
1739809330438 1.6181349180122877 310
1739809330454 1.612230501408288 311
1739809330468 1.8732279145375972 312
1739809330484 1.5290423585055382 313
1739809330500 1.7640696368804776 314
1739809330517 1.6074351651217227 315
1739809330532 1.6730030082682106 316
1739809330547 1.7038665513594 317
1739809330563 1.8323932501040263 318
1739809330568 1.9610164671396266 319
1739809330590 1.7791223577955413 320
1739809330599 1.770897105927732 321
1739809330622 1.6957485224284385 322
1739809330637 1.5515802409532877 323
1739809330650 1.7735422898216002 324
1739809330659 1.8261840498518294 325
1739809330681 1.6898927269780573 326
1739809330689 1.5020662880177773 327
1739809330711 1.8797650695490378 328
1739809330721 1.473121923230458 329
1739809330742 1.6223282475572474 330
1739809330752 1.6680264730886165 331
1739809330773 1.6811864236608478 332
1739809330784 1.4581626641608718 333
1739809330803 1.9509620649555979 334
1739809330816 1.5757554762379957 335
1739809330834 1.6673257638186312 336
1739809330851 1.6464509398361327 337
1739809330864 1.5633771171637312 338
1739809330879 1.9297308518421723 339
1739809330895 1.2518045242919993 340
1739809330913 1.5405753792052483 341
1739809330926 1.7731683934902787 342
1739809330942 1.5605945486648074 343
1739809330944 1.457802799330669 344
1739809330971 1.634726575766716 345
1739809330984 1.6627137606791356 346
1739809330992 1.2397076499943216 347
1739809331014 1.4219304779070587 348
1739809331022 1.507297496285045 349
1739809331045 1.5631822955339032 350
1739809331054 1.5266444160065087 351
1739809331074 1.752914652426931 352
1739809331086 1.4295918781916481 353
1739809331102 1.584678325049112 354
1739809331121 1.3750992335158032 355
1739809331133 1.8395320437939162 356
1739809331149 1.7602508246768231 357
1739809331165 1.8715931570325122 358
1739809331181 1.8833965140827127 359
1739809331197 1.7015188149390268 360
1739809331203 1.7329352382933028 361
1739809331229 1.877299709634855 362
1739809331234 1.7441378148106248 363
1739809331257 1.5506486788380354 364
1739809331264 1.8313375559584955 365
1739809331286 1.5308014314105867 366
1739809331294 1.4258503717206399 367
1739809331315 1.683869933558181 368
1739809331324 1.8244475963765754 369
1739809331345 1.4890837833983204 370
1739809331356 1.5872248238680442 371
1739809331376 1.599582991520942 372
1739809331387 1.6480589972012127 373
1739809331407 1.5614122449851864 374
1739809331419 1.7219949317047492 375
1739809331436 1.388431352325059 376
1739809331452 1.6889476111915227 377
1739809331468 1.4631917751838592 378
1739809331483 1.5601908982952213 379
1739809331499 1.567766454640826 380
1739809331505 1.4786230584126556 381
1739809331527 1.497720497071653 382
1739809331535 1.5354157431635496 383
1739809331556 1.8851226237627725 384
1739809331564 1.3143202137391652 385
1739809331585 1.3829867581070054 386
1739809331610 1.3668880350531543 387
1739809331625 1.5983248334464144 388
1739809331625 1.5745740668868677 389
1739809331641 1.6642273314332194 390
1739809331667 1.340846907882786 391
1739809331673 1.6895262803338569 392
1739809331689 1.642620599153854 393
1739809331705 1.6942560569809526 394
1739809331721 1.6551922649712552 395
1739809331737 1.576950462431608 396
1739809331753 1.6636565553489162 397
1739809331769 1.681806521031827 398
1739809331785 1.5683639327620145 399
1739809331801 1.938692580360685 400
1739809331822 1.79744305293803 401
1739809331833 1.6437116387486232 402
1739809331849 1.4944351503292308 403
1739809331865 1.486054660007425 404
1739809331881 1.6723501016656548 405
1739809331897 1.5408562979389202 406
1739809331912 1.533235552650606 407
1739809331933 1.5366026629260907 408
1739809331944 1.6419945195723848 409
1739809331960 1.6093689987130475 410
1739809331976 1.5151654644628718 411
1739809331994 1.491353417454664 412
1739809332008 1.5935168914312328 413
1739809332024 1.3550185376158859 414
1739809332040 1.4869433646001955 415
1739809332056 1.4774893484762084 416
1739809332062 1.580681920923131 417
1739809332084 1.51201122392042 418
1739809332092 1.9023647811316868 419
1739809332113 1.6748232861266934 420
1739809332119 1.7494571702071715 421
1739809332144 1.6045163609853046 422
1739809332153 1.3975647486062537 423
1739809332176 1.5984186051528644 424
1739809332183 1.495949311094079 425
1739809332199 1.5623821825580297 426
1739809332221 1.4783526991596425 427
1739809332235 1.738941336907608 428
1739809332252 1.5984570648447192 429
1739809332265 1.6781761571320113 430
1739809332281 1.4761806556188473 431
1739809332293 1.5970775816658496 432
1739809332310 1.5850232482455353 433
1739809332326 1.6666498853840195 434
1739809332331 1.5155716962704902 435
1739809332354 1.5864053644032567 436
1739809332362 1.5791152890849918 437
1739809332383 1.4444349711093751 438
1739809332391 1.3812723151424426 439
1739809332412 1.4973971879859724 440
1739809332421 1.559911855934088 441
1739809332444 1.5606740769337732 442
1739809332452 1.5721853858146333 443
1739809332475 1.4097869999544832 444
1739809332486 1.5254806103802405 445
1739809332500 1.4419040494303363 446
1739809332523 1.5521114949673172 447
1739809332535 1.4999170211098807 448
1739809332552 1.4177638425665287 449
1739809332566 1.4390560554585803 450
1739809332579 1.5579963267631143 451
1739809332598 1.5061810825000588 452
1739809332613 1.5931742537382292 453
1739809332626 1.5129986111220826 454
1739809332642 1.5807021683255933 455
1739809332658 1.6791706541694973 456
1739809332664 1.4974239328247543 457
1739809332684 1.4023311370889053 458
1739809332690 1.4626000457170945 459
1739809332719 1.579803462029537 460
1739809332731 1.4784608818417986 461
1739809332745 1.5155324414815743 462
1739809332755 1.4647289649324597 463
1739809332777 1.7943146878358471 464
1739809332785 1.5415269403393466 465
1739809332807 1.8047778979765712 466
1739809332816 1.5311120918742165 467
1739809332837 1.6890011996352272 468
1739809332854 1.3698681119922127 469
1739809332864 1.5191651984642527 470
1739809332880 1.6253991187586347 471
1739809332896 1.5320915182292096 472
1739809332912 1.5998485805122795 473
1739809332928 1.657668335229318 474
1739809332943 1.5980381145222837 475
