1739808846100 169.08902758239503 0
1739808846116 168.41495087770787 1
1739808846132 167.7436995034032 2
1739808846148 167.07526134439067 3
1739808846164 166.40962433816009 4
1739808846180 165.746776474552 5
1739808846196 165.0867057955288 6
1739808846212 164.42940039494718 7
1739808846212 163.7748484183316 8
1739808846228 163.12303806264856 9
1739808846244 162.47395757608206 10
1739808846260 161.82759525780972 11
1739808846276 161.18393945778044 12
1739808846296 160.5429785764924 13
1739808846308 159.9047010647726 14
1739808846323 159.26909542355673 15
1739808846339 158.63615020367078 16
1739808846355 158.00585400561292 17
1739808846355 157.3781954793366 18
1739808846371 156.75316332403492 19
1739808846387 156.13074628792532 20
1739808846403 155.5109331680356 21
1739808846419 154.89371280999083 22
1739808846435 154.27907410780134 23
1739808846435 153.66700600365118 24
1739808846452 153.05749748768798 25
1739808846467 152.45053759781345 26
1739808846483 151.846115419475 27
1739808846499 151.24422008545815 28
1739808846515 150.6448407756797 29
1739808846515 150.0479667169823 30
1739808846531 149.45358718292914 31
1739808846547 148.8616914936005 32
1739808846563 148.2722690153903 33
1739808846579 147.68530916080405 34
1739808846594 147.10080138825765 35
1739808846594 146.51873520187678 36
1739808846610 145.93910015129762 37
1739808846626 145.36188583146802 38
1739808846642 144.78708188244954 39
1739808846663 144.21467798922114 40
1739808846676 143.64466388148247 41
1739808846689 143.07702933345885 42
1739808846699 142.51176416370726 43
1739808846719 141.94885823492234 44
1739808846735 141.38830145374413 45
1739808846747 140.83008377056612 46
1739808846764 140.27419517934425 47
1739808846778 139.72062571740682 48
1739808846796 139.1693654652653 49
1739808846811 138.62040454642568 50
1739808846826 138.07373312720094 51
1739808846838 137.5293414165243 52
1739808846842 136.98721966576306 53
1739808846865 136.4473581685335 54
1739808846879 135.90974726051653 55
1739808846891 135.3743773192741 56
1739808846904 134.84123876406642 57
1739808846912 134.31032205567 58
1739808846929 133.78161769619658 59
1739808846944 133.2551162289126 60
1739808846948 132.73080823805975 61
1739808846971 132.20868434867603 62
1739808846980 131.68873522641798 63
1739808847000 131.17095157738314 64
1739808847015 130.65532414793392 65
1739808847029 130.1418437245216 66
1739808847045 129.6305011335117 67
1739808847059 129.12128724100958 68
1739808847072 128.61419295268726 69
1739808847085 128.10920921361068 70
1739808847092 127.60632700806784 71
1739808847109 127.1055373593977 72
1739808847124 126.60683132981985 73
1739808847137 126.11020002026484 74
1739808847151 125.61563457020526 75
1739808847165 125.1231261574877 76
1739808847178 124.63266599816527 77
1739808847194 124.144245346331 78
1739808847207 123.65785549395176 79
1739808847210 123.17348777070323 80
1739808847235 122.6911335438053 81
1739808847249 122.21078421785828 82
1739808847262 121.7324312346799 83
1739808847274 121.25606607314296 84
1739808847293 120.78168024901369 85
1739808847308 120.30926531479084 86
1739808847324 119.83881285954546 87
1739808847340 119.37031450876137 88
1739808847354 118.90376192417631 89
1739808847367 118.43914680362394 90
1739808847383 117.9764608808763 91
1739808847396 117.51569592548711 92
1739808847409 117.05684374263565 93
1739808847422 116.59989617297154 94
1739808847435 116.1448450924599 95
1739808847447 115.69168241222741 96
1739808847461 115.24040007840892 97
1739808847473 114.79099007199488 98
1739808847476 114.34344440867925 99
1739808847501 113.89775513870815 100
1739808847514 113.45391434672932 101
1739808847526 113.01191415164192 102
1739808847541 112.57174670644739 103
1739808847541 112.13340419810052 104
1739808847559 111.6968788473616 105
1739808847573 111.26216290864889 106
1739808847593 110.8292486698919 107
1739808847607 110.39812845238531 108
1739808847612 109.96879461064346 109
1739808847632 109.54123953225546 110
1739808847641 109.11545563774116 111
1739808847660 108.69143538040737 112
1739808847672 108.269171246205 113
1739808847688 107.84865575358681 114
1739808847694 107.42988145336564 115
1739808847713 107.01284092857325 116
1739808847719 106.59752679432013 117
1739808847741 106.18393169765534 118
1739808847751 105.7720483174275 119
1739808847767 105.36186936414606 120
1739808847783 104.95338757984334 121
1739808847796 104.54659573793705 122
1739808847803 104.14148664309363 123
1739808847823 103.73805313109185 124
1739808847830 103.3362880686873 125
1739808847846 102.93618435347734 126
1739808847862 102.53773491376677 127
1739808847878 102.1409327084338 128
1739808847885 101.74577072679693 129
1739808847905 101.35224198848225 130
1739808847921 100.96033954329137 131
1739808847935 100.5700564710698 132
1739808847948 100.1813858815762 133
1739808847963 99.7943209143518 134
1739808847979 99.40885473859076 135
1739808847994 99.0249805530109 136
1739808847999 98.64269158572503 137
1739808848019 98.26198109411284 138
1739808848029 97.8828423646934 139
1739808848048 97.50526871299815 140
1739808848062 97.12925348344444 141
1739808848078 96.7547900492098 142
1739808848084 96.38187181210645 143
1739808848103 96.01049220245665 144
1739808848121 95.64064467896839 145
1739808848140 95.27232272861177 146
1739808848160 94.90551986649587 147
1739808848175 94.54022963574604 148
1739808848191 94.176445607382 149
1739808848210 93.81416138019615 150
1739808848224 93.45337058063271 151
1739808848245 93.09406686266715 152
1739808848263 92.73624390768622 153
1739808848277 92.37989542436871 154
1739808848291 92.02501514856638 155
1739808848314 91.67159684318564 156
1739808848333 91.31963429806969 157
1739808848343 90.96912132988123 158
1739808848363 90.62005178198558 159
1739808848378 90.27241952433432 160
1739808848394 89.92621845334958 161
1739808848408 89.58144249180869 162
1739808848423 89.2380855887294 163
1739808848439 88.89614171925554 164
1739808848455 88.5556048845433 165
1739808848469 88.21646911164784 166
1739808848482 87.87872845341062 167
1739808848497 87.54237698834692 168
1739808848512 87.20740882053423 169
1739808848525 86.87381807950072 170
1739808848539 86.54159892011454 171
1739808848543 86.21074552247343 172
1739808848566 85.8812520917948 173
1739808848575 85.55311285830645 174
1739808848593 85.22632207713744 175
1739808848607 84.90087402821 176
1739808848621 84.5767630161312 177
1739808848634 84.2539833700857 178
1739808848648 83.93252944372867 179
1739808848661 83.61239561507918 180
1739808848675 83.29357628641421 181
1739808848688 82.97606588416298 182
1739808848704 82.65985885880171 183
1739808848714 82.34494968474914 184
1739808848731 82.03133286026207 185
1739808848746 81.71900290733166 186
1739808848762 81.40795437158009 187
1739808848767 81.09818182215777 188
1739808848789 80.78967985164073 189
1739808848801 80.48244307592881 190
1739808848815 80.176466134144 191
1739808848829 79.87174368852945 192
1739808848843 79.56827042434874 193
1739808848858 79.26604104978576 194
1739808848871 78.96505029584479 195
1739808848877 78.66529291625136 196
1739808848897 78.36676368735326 197
1739808848906 78.06945740802193 198
1739808848922 77.77336889955475 199
1739808848940 77.4784930055771 200
1739808848954 77.18482459194541 201
1739808848967 76.89235854665029 202
1739808848982 76.60108977972018 203
1739808848994 76.31101322312558 204
1739808849008 76.0221238306834 205
1739808849029 75.73441657796195 206
1739808849042 75.44788646218632 207
1739808849055 75.16252850214411 208
1739808849069 74.87833773809149 209
1739808849083 74.59530923165995 210
1739808849098 74.31343806576328 211
1739808849110 74.03271934450474 212
1739808849125 73.75314819308515 213
1739808849137 73.4747197577109 214
1739808849144 73.19742920550257 215
1739808849167 72.9212717244041 216
1739808849182 72.6462425230919 217
1739808849193 72.37233683088495 218
1739808849208 72.09954989765475 219
1739808849210 71.82787699373611 220
1739808849238 71.55731340983793 221
1739808849251 71.2878544569547 222
1739808849257 71.0194954662782 223
1739808849279 70.75223178910967 224
1739808849292 70.48605879677227 225
1739808849293 70.22097188052403 226
1739808849309 69.95696645147116 227
1739808849325 69.69403794048168 228
1739808849346 69.4321817980994 229
1739808849356 69.1713934944585 230
1739808849373 68.91166851919813 231
1739808849375 68.65300238137776 232
1739808849393 68.39539060939254 233
1739808849404 68.13882875088933 234
1739808849422 67.88331237268295 235
1739808849435 67.62883706067275 236
1739808849453 67.3753984197597 237
1739808849467 67.12299207376373 238
1739808849483 66.87161366534139 239
1739808849483 66.62125885590403 240
1739808849504 66.37192332553622 241
1739808849515 66.12360277291447 242
1739808849536 65.87629291522654 243
1739808849547 65.62998948809081 244
1739808849562 65.38468824547621 245
1739808849578 65.1403849596224 246
1739808849595 64.89707542096036 247
1739808849595 64.65475543803329 248
1739808849614 64.41342083741783 249
1739808849626 64.17306746364572 250
1739808849642 63.933691179125674 251
1739808849658 63.6952878640657 252
1739808849674 63.457853416395736 253
1739808849690 63.22138375169056 254
1739808849706 62.98587480309312 255
1739808849712 62.75132252123816 256
1739808849724 62.517722874176194 257
1739808849739 62.28507184729778 258
1739808849753 62.05336544325815 259
1739808849769 61.82259968190221 260
1739808849785 61.59277060018978 261
1739808849801 61.36387425212122 262
1739808849807 61.13590670866339 263
1739808849817 60.90886405767585 264
1739808849833 60.68274240383751 265
1739808849849 60.45753786857349 266
1739808849864 60.233246589982386 267
1739808849880 60.00986472276379 268
1739808849887 59.7873884381461 269
1739808849896 59.5658139238148 270
1739808849914 59.34513738384083 271
1739808849928 59.12535503860947 272
1739808849944 58.90646312474944 273
1739808849960 58.68845789506228 274
1739808849975 58.471335618452095 275
1739808849991 58.25509257985564 276
1739808849996 58.03972508017257 277
1739808850007 57.82522943619619 278
1739808850025 57.611601980544314 279
1739808850039 57.39883906159058 280
1739808850055 57.18693704339596 281
1739808850071 56.975892305640635 282
1739808850087 56.76570124355616 283
1739808850087 56.556360267857805 284
1739808850107 56.34786580467749 285
1739808850119 56.14021429549663 286
1739808850134 55.93340219707953 287
1739808850150 55.72742598140706 288
1739808850166 55.522282135610446 289
1739808850182 55.3179671619056 290
1739808850198 55.1144775775275 291
1739808850198 54.91180991466497 292
1739808850217 54.70996072039582 293
1739808850232 54.5089265566221 294
1739808850245 54.30870400000571 295
1739808850261 54.10928964190442 296
1739808850279 53.91068008830789 297
1739808850293 53.71287195977429 298
1739808850309 53.51586189136691 299
1739808850325 53.31964653259125 300
1739808850332 53.12422254733229 301
1739808850346 52.92958661379205 302
1739808850359 52.73573542442743 303
1739808850378 52.54266568588834 304
1739808850392 52.350374118956026 305
1739808850405 52.158857458481776 306
1739808850421 51.96811245332581 307
1739808850437 51.77813586629645 308
1739808850453 51.588924474089616 309
1739808850469 51.40047506722846 310
1739808850476 51.212784450003426 311
1739808850485 51.02584944041246 312
1739808850503 50.83966687010143 313
1739808850518 50.654233584305054 314
1739808850534 50.469546441787756 315
1739808850549 50.28560231478504 316
1739808850566 50.102398088944966 317
1739808850566 49.91993066326998 318
1739808850585 49.738196950058914 319
1739808850598 49.55719387484932 320
1739808850614 49.376918376359995 321
1739808850629 49.19736740643381 322
1739808850645 49.018537929980695 323
1739808850661 48.84042692492099 324
1739808850666 48.66303138212898 325
1739808850681 48.48634830537663 326
1739808850693 48.31037471127774 327
1739808850709 48.13510762923209 328
1739808850725 47.96054410137006 329
1739808850741 47.78668118249739 330
1739808850757 47.613515940040074 331
1739808850773 47.44104545398979 332
1739808850789 47.26926681684922 333
1739808850789 47.098177133577884 334
1739808850808 46.92777352153803 335
1739808850821 46.75805311044089 336
1739808850837 46.58901304229307 337
1739808850853 46.42065047134324 338
1739808850869 46.252962564029 339
1739808850885 46.08594649892405 340
1739808850890 45.919599466685554 341
1739808850914 45.753918670001674 342
1739808850919 45.58890132353943 343
1739808850933 45.424544653892816 344
1739808850949 45.2608458995309 345
1739808850965 45.09780231074651 346
1739808850981 44.93541114960483 347
1739808850981 44.77366968989243 348
1739808851000 44.6125752170664 349
1739808851012 44.452125028203746 350
1739808851028 44.29231643195099 351
1739808851044 44.13314674847405 352
1739808851060 43.974613309408255 353
1739808851076 43.81671345780864 354
1739808851092 43.65944454810042 355
1739808851092 43.50280394602967 356
1739808851110 43.34678902861431 357
1739808851124 43.191397184095194 358
1739808851140 43.03662581188746 359
1739808851156 42.882472322532074 360
1739808851172 42.72893413764769 361
1739808851188 42.57600868988249 362
1739808851193 42.423693422866485 363
1739808851204 42.27198579116391 364
1739808851220 42.12088326022573 365
1739808851236 41.9703833063426 366
1739808851252 41.82048341659776 367
1739808851268 41.67118108882035 368
1739808851284 41.522473831538754 369
1739808851284 41.37435916393435 370
1739808851303 41.22683461579524 371
1739808851318 41.07989772747031 372
1739808851339 40.9335460498235 373
1739808851347 40.78777714418822 374
1739808851368 40.64258858232197 375
1739808851379 40.49797794636124 376
1739808851395 40.353942828776425 377
1739808851411 40.21048083232717 378
1739808851425 40.067589570017724 379
1739808851438 39.925266665052554 380
1739808851451 39.78350975079221 381
1739808851457 39.64231647070928 382
1739808851473 39.50168447834461 383
1739808851490 39.36161143726363 384
1739808851507 39.22209502101307 385
1739808851521 39.08313291307754 386
1739808851537 38.944722806836666 387
1739808851542 38.80686240552208 388
1739808851561 38.66954942217485 389
1739808851569 38.532781579602975 390
1739808851590 38.39655661033904 391
1739808851601 38.260872256598155 392
1739808851617 38.12572627023602 393
1739808851632 37.991116412707136 394
1739808851645 37.85704045502325 395
1739808851652 37.72349617771206 396
1739808851671 37.59048137077585 397
1739808851680 37.4579938336506 398
1739808851699 37.32603137516508 399
1739808851712 37.19459181350021 400
1739808851727 37.063672976148524 401
1739808851734 36.933272699873946 402
1739808851756 36.80338883067152 403
1739808851759 36.674019223727605 404
1739808851783 36.54516174337995 405
1739808851790 36.416814263078166 406
1739808851811 36.28897466534422 407
1739808851822 36.16164084173322 408
1739808851838 36.03481069279432 409
1739808851845 35.90848212803174 410
1739808851866 35.78265306586605 411
1739808851873 35.657321433595534 412
1739808851893 35.532485167357855 413
1739808851901 35.408142212091704 414
1739808851922 35.28429052149879 415
1739808851933 35.16092805800587 416
1739808851949 35.038052792727036 417
1739808851956 34.915662705426065 418
1739808851976 34.79375578447907 419
1739808851983 34.67233002683715 420
1739808852003 34.55138343798938 421
1739808852012 34.4309140319258 422
1739808852028 34.310919831100676 423
1739808852044 34.191398866395865 424
1739808852059 34.07234917708436 425
1739808852075 33.95376881079401 426
1739808852088 33.83565582347134 427
1739808852095 33.718008279345604 428
1739808852115 33.60082425089295 429
1739808852129 33.48410181880073 430
1739808852145 33.36783907193202 431
1739808852154 33.25203410729021 432
1739808852171 33.13668502998388 433
1739808852186 33.02178995319166 434
1739808852201 32.90734699812736 435
1739808852208 32.79335429400526 436
1739808852217 32.679809978005466 437
1739808852237 32.5667121952395 438
1739808852257 32.45405909871597 439
1739808852265 32.34184884930646 440
1739808852284 32.23007961571151 441
1739808852297 32.11874957442678 442
1739808852310 32.00785690970934 443
1739808852318 31.89739981354412 444
1739808852338 31.787376485610494 445
1739808852344 31.677785133249053 446
1739808852360 31.568623971428448 447
1739808852376 31.459891222712418 448
1739808852392 31.351585117226993 449
1739808852399 31.24370389262778 450
1739808852419 31.13624579406743 451
1739808852426 31.029209074163226 452
1739808852446 30.92259199296486 453
1739808852455 30.816392817922246 454
1739808852474 30.710609823853602 455
1739808852487 30.605241292913572 456
1739808852503 30.500285514561565 457
1739808852508 30.39574078553012 458
1739808852528 30.29160540979357 459
1739808852535 30.18787769853667 460
1739808852554 30.0845559701235 461
1739808852567 29.981638550066428 462
1739808852583 29.879123770995207 463
1739808852589 29.77700997262629 464
1739808852609 29.675295501732144 465
1739808852615 29.573978712110797 466
1739808852637 29.473057964555508 467
1739808852647 29.37253162682454 468
1739808852663 29.272398073611058 469
1739808852679 29.172655686513227 470
1739808852692 29.073302854004314 471
1739808852699 28.97433797140306 472
1739808852719 28.875759440844103 473
1739808852726 28.777565671248517 474
1739808852742 28.679755078294555 475
1739808852757 28.582326084388402 476
1739808852773 28.4852771186352 477
1739808852780 28.388606616810048 478
1739808852801 28.29231302132927 479
1739808852808 28.196394781221723 480
1739808852828 28.10085035210022 481
1739808852837 28.005678196133132 482
1739808852855 27.910876782016064 483
1739808852868 27.816444584943746 484
1739808852881 27.72238008658187 485
1739808852888 27.628681775039258 486
1739808852908 27.53534814483999 487
1739808852916 27.442377696895754 488
1739808852936 27.34976893847824 489
1739808852948 27.257520383191714 490
1739808852964 27.165630550945696 491
1739808852970 27.074097967927734 492
1739808852991 26.982921166576325 493
1739808852995 26.892098685553915 494
1739808853014 26.801629069720086 495
1739808853027 26.711510870104775 496
1739808853043 26.621742643881664 497
1739808853059 26.532322954341705 498
1739808853061 26.443250370866686 499
