1739808946425 169.08902758239503 0
1739808946441 169.0215592450472 1
1739808946441 169.01482798056622 2
1739808946467 169.0080849850689 3
1739808946473 169.00134227482303 4
1739808946495 168.9945998474386 5
1739808946504 168.9878577029039 6
1739808946520 168.98111584120687 7
1739808946536 168.9743742623353 8
1739808946552 168.96763296627702 9
1739808946552 168.96089195302 10
1739808946578 168.95415122255204 11
1739808946584 168.947410774861 12
1739808946606 168.94067060993476 13
1739808946616 168.93393072776118 14
1739808946632 168.92719112832808 15
1739808946648 168.92045181162342 16
1739808946652 168.913712777635 17
1739808946664 168.90697402635064 18
1739808946685 168.90023555775832 19
1739808946695 168.89349737184585 20
1739808946713 168.8867594686011 21
1739808946728 168.88002184801195 22
1739808946743 168.8732845100662 23
1739808946759 168.86654745475184 24
1739808946759 168.85981068205663 25
1739808946775 168.85307419196855 26
1739808946791 168.84633798447533 27
1739808946807 168.83960205956495 28
1739808946827 168.83286641722523 29
1739808946839 168.8261310574441 30
1739808946839 168.81939598020935 31
1739808946855 168.81266118550897 32
1739808946870 168.8059266733307 33
1739808946886 168.79919244366246 34
1739808946902 168.7924584964922 35
1739808946918 168.78572483180767 36
1739808946934 168.7789914495969 37
1739808946950 168.77225834984765 38
1739808946966 168.7655255325478 39
1739808946966 168.75879299768525 40
1739808946982 168.75206074524795 41
1739808946998 168.74532877522364 42
1739808947014 168.7385970876003 43
1739808947030 168.73186568236576 44
1739808947046 168.72513455950795 45
1739808947046 168.7184037190147 46
1739808947064 168.71167316087391 47
1739808947087 168.7049428850735 48
1739808947094 168.6982128916013 49
1739808947111 168.69148318044523 50
1739808947126 168.68475375159312 51
1739808947142 168.67802460503293 52
1739808947142 168.67129574075247 53
1739808947158 168.66456715873966 54
1739808947174 168.6578388589824 55
1739808947195 168.65111084146852 56
1739808947206 168.64438310618604 57
1739808947221 168.63765565312264 58
1739808947237 168.63092848226637 59
1739808947237 168.62420159360508 60
1739808947253 168.61747498712666 61
1739808947269 168.61074866281893 62
1739808947285 168.6040226206699 63
1739808947301 168.59729686066737 64
1739808947318 168.59057138279925 65
1739808947334 168.58384618705344 66
1739808947334 168.57712127341787 67
1739808947350 168.57039664188036 68
1739808947366 168.56367229242886 69
1739808947382 168.5569482250512 70
1739808947398 168.55022443973536 71
1739808947414 168.54350093646917 72
1739808947414 168.53677771524056 73
1739808947430 168.53005477603736 74
1739808947446 168.52333211884758 75
1739808947462 168.516609743659 76
1739808947479 168.5098876504596 77
1739808947495 168.50316583923723 78
1739808947495 168.49644430997984 79
1739808947510 168.48972306267527 80
1739808947527 168.4830020973114 81
1739808947554 168.47628141387622 82
1739808947584 168.46956101235762 83
1739808947606 168.4628408927434 84
1739808947630 168.45612105502153 85
1739808947637 168.44940149917994 86
1739808947660 168.4426822252065 87
1739808947679 168.4359632330891 88
1739808947693 168.42924452281568 89
1739808947706 168.42252609437406 90
1739808947715 168.41580794775226 91
1739808947733 168.40909008293812 92
1739808947736 168.40237249991955 93
1739808947747 168.3956551986845 94
1739808947763 168.3889381792208 95
1739808947779 168.38222144151638 96
1739808947795 168.3755049855592 97
1739808947810 168.36878881133708 98
1739808947810 168.36207291883804 99
1739808947831 168.3553573080499 100
1739808947843 168.3486419789606 101
1739808947858 168.34192693155802 102
1739808947874 168.33521216583014 103
1739808947890 168.32849768176482 104
1739808947905 168.32178347935 105
1739808947922 168.31506955857358 106
1739808947922 168.30835591942343 107
1739808947937 168.30164256188755 108
1739808947953 168.29492948595376 109
1739808947969 168.28821669161007 110
1739808947985 168.28150417884427 111
1739808948001 168.27479194764442 112
1739808948017 168.26807999799834 113
1739808948017 168.261368329894 114
1739808948033 168.25465694331925 115
1739808948048 168.24794583826207 116
1739808948066 168.24123501471036 117
1739808948080 168.23452447265208 118
1739808948096 168.22781421207497 119
1739808948112 168.22110423296724 120
1739808948112 168.21439453531656 121
1739808948128 168.20768511911098 122
1739808948144 168.20097598433836 123
1739808948160 168.19426713098667 124
1739808948176 168.18755855904382 125
1739808948193 168.18085026849772 126
1739808948193 168.17414225933632 127
1739808948208 168.16743453154746 128
1739808948225 168.16072708511916 129
1739808948241 168.1540199200393 130
1739808948256 168.14731303629586 131
1739808948276 168.14060643387668 132
1739808948288 168.13390011276974 133
1739808948288 168.12719407296296 134
1739808948304 168.12048831444426 135
1739808948320 168.11378283720157 136
1739808948339 168.1070776412228 137
1739808948352 168.10037272649592 138
1739808948368 168.09366809300883 139
1739808948368 168.0869637407495 140
1739808948384 168.0802596697058 141
1739808948400 168.0735558798657 142
1739808948416 168.06685237121712 143
1739808948432 168.060149143748 144
1739808948448 168.05344619744628 145
1739808948448 168.04674353229987 146
1739808948464 168.04004114829672 147
1739808948480 168.03333904542475 148
1739808948496 168.02663722367194 149
1739808948512 168.01993568302612 150
1739808948528 168.01323442347535 151
1739808948545 168.0065334450075 152
1739808948549 167.99983274761053 153
1739808948560 167.9931323312724 154
1739808948576 167.98643219598097 155
1739808948592 167.9797323417242 156
1739808948608 167.97303276849007 157
1739808948624 167.96633347626653 158
1739808948624 167.9596344650415 159
1739808948640 167.9529357348029 160
1739808948655 167.9462372855387 161
1739808948671 167.93953911723682 162
1739808948687 167.93284122988518 163
1739808948703 167.92614362347177 164
1739808948719 167.9194462979845 165
1739808948719 167.9127492534114 166
1739808948735 167.9060524897403 167
1739808948751 167.89935600695918 168
1739808948767 167.89265980505598 169
1739808948783 167.88596388401868 170
1739808948799 167.87926824383518 171
1739808948799 167.8725728844935 172
1739808948815 167.8658778059815 173
1739808948831 167.85918300828723 174
1739808948846 167.85248849139853 175
1739808948862 167.8457942553034 176
1739808948879 167.8391002999898 177
1739808948894 167.83240662544563 178
1739808948894 167.82571323165894 179
1739808948910 167.81902011861757 180
1739808948926 167.8123272863095 181
1739808948943 167.80563473472276 182
1739808948958 167.79894246384526 183
1739808948974 167.7922504736649 184
1739808948974 167.78555876416965 185
1739808948990 167.7788673353475 186
1739808949006 167.77217618718643 187
1739808949022 167.76548531967435 188
1739808949038 167.75879473279917 189
1739808949054 167.75210442654893 190
1739808949070 167.74541440091156 191
1739808949070 167.73872465587502 192
1739808949086 167.7320351914273 193
1739808949101 167.72534600755623 194
1739808949117 167.7186571042499 195
1739808949133 167.71196848149623 196
1739808949149 167.7052801392832 197
1739808949149 167.69859207759873 198
1739808949165 167.69190429643078 199
1739808949181 167.6852167957674 200
1739808949197 167.6785295755964 201
1739808949213 167.67184263590588 202
1739808949229 167.66515597668376 203
1739808949245 167.65846959791793 204
1739808949245 167.6517834995965 205
1739808949261 167.6450976817073 206
1739808949277 167.63841214423837 207
1739808949293 167.63172688717762 208
1739808949309 167.62504191051306 209
1739808949325 167.6183572142327 210
1739808949325 167.6116727983244 211
1739808949341 167.60498866277624 212
1739808949357 167.59830480757606 213
1739808949372 167.59162123271196 214
1739808949388 167.58493793817178 215
1739808949404 167.57825492394363 216
1739808949419 167.57157219001536 217
1739808949435 167.56488973637505 218
1739808949441 167.55820756301054 219
1739808949451 167.55152566990992 220
1739808949467 167.54484405706114 221
1739808949483 167.53816272445212 222
1739808949499 167.53148167207084 223
1739808949515 167.52480089990536 224
1739808949515 167.51812040794354 225
1739808949531 167.51144019617345 226
1739808949547 167.504760264583 227
1739808949563 167.4980806131602 228
1739808949579 167.49140124189302 229
1739808949595 167.48472215076944 230
1739808949611 167.4780433397774 231
1739808949611 167.47136480890495 232
1739808949627 167.46468655814004 233
1739808949643 167.45800858747057 234
1739808949659 167.45133089688466 235
1739808949675 167.44465348637019 236
1739808949691 167.43797635591517 237
1739808949706 167.43129950550755 238
1739808949722 167.4246229351354 239
1739808949738 167.4179466447866 240
1739808949754 167.4112706344492 241
1739808949770 167.4045949041112 242
1739808949786 167.3979194537605 243
1739808949802 167.39124428338516 244
1739808949818 167.3845693929731 245
1739808949818 167.37789478251239 246
1739808949834 167.37122045199095 247
1739808949866 167.3645464013968 248
1739808949883 167.35787263071788 249
1739808949900 167.35119913994228 250
1739808949913 167.34452592905782 251
1739808949929 167.33785299805265 252
1739808949937 167.33118034691472 253
1739808949954 167.32450797563192 254
1739808949968 167.31783588419236 255
1739808949969 167.31116407258403 256
1739808949984 167.30449254079483 257
1739808950001 167.29782128881277 258
1739808950017 167.29115031662596 259
1739808950033 167.28447962422226 260
1739808950048 167.27780921158973 261
1739808950048 167.27113907871632 262
1739808950064 167.26446922559003 263
1739808950080 167.2577996521989 264
1739808950096 167.25113035853093 265
1739808950112 167.24446134457406 266
1739808950128 167.23779261031632 267
1739808950128 167.2311241557457 268
1739808950146 167.2244559808502 269
1739808950160 167.21778808561783 270
1739808950176 167.21112047003655 271
1739808950191 167.20445313409436 272
1739808950207 167.1977860777793 273
1739808950207 167.1911193010794 274
1739808950223 167.18445280398254 275
1739808950239 167.17778658647688 276
1739808950255 167.1711206485503 277
1739808950271 167.16445499019085 278
1739808950287 167.15778961138648 279
1739808950303 167.15112451212528 280
1739808950303 167.1444596923952 281
1739808950319 167.13779515218425 282
1739808950335 167.13113089148047 283
1739808950351 167.1244669102718 284
1739808950366 167.1178032085463 285
1739808950383 167.11113978629191 286
1739808950383 167.10447664349675 287
1739808950399 167.09781378014873 288
1739808950414 167.09115119623593 289
1739808950430 167.08448889174628 290
1739808950446 167.07782686666786 291
1739808950462 167.07116512098858 292
1739808950478 167.06450365469658 293
1739808950478 167.05784246777978 294
1739808950495 167.05118156022624 295
1739808950511 167.04452093202391 296
1739808950527 167.03786058316092 297
1739808950543 167.03120051362518 298
1739808950543 167.0245407234047 299
1739808950559 167.01788121248754 300
1739808950575 167.0112219808617 301
1739808950591 167.00456302851518 302
1739808950606 166.99790435543605 303
1739808950622 166.99124596161226 304
1739808950638 166.98458784703186 305
1739808950638 166.97793001168284 306
1739808950654 166.97127245555325 307
1739808950670 166.9646151786311 308
1739808950686 166.9579581809044 309
1739808950702 166.95130146236116 310
1739808950718 166.9446450229894 311
1739808950734 166.93798886277716 312
1739808950734 166.93133298171247 313
1739808950750 166.9246773797833 314
1739808950766 166.91802205697775 315
1739808950782 166.91136701328375 316
1739808950797 166.9047122486894 317
1739808950813 166.8980577631827 318
1739808950829 166.89140355675167 319
1739808950829 166.8847496293843 320
1739808950845 166.8780959810686 321
1739808950865 166.8714426117927 322
1739808950877 166.86478952154457 323
1739808950893 166.85813671031224 324
1739808950909 166.85148417808375 325
1739808950925 166.84483192484703 326
1739808950941 166.83817995059024 327
1739808950941 166.83152825530132 328
1739808950957 166.82487683896835 329
1739808950973 166.81822570157934 330
1739808950989 166.81157484312237 331
1739808951005 166.80492426358532 332
1739808951020 166.7982739629564 333
1739808951037 166.79162394122355 334
1739808951037 166.7849741983748 335
1739808951052 166.7783247343982 336
1739808951068 166.77167554928178 337
1739808951084 166.76502664301358 338
1739808951100 166.75837801558168 339
1739808951116 166.751729666974 340
1739808951132 166.74508159717868 341
1739808951132 166.7384338061837 342
1739808951148 166.73178629397708 343
1739808951164 166.72513906054692 344
1739808951179 166.71849210588124 345
1739808951195 166.71184542996804 346
1739808951212 166.70519903279538 347
1739808951212 166.6985529143513 348
1739808951227 166.69190707462383 349
1739808951243 166.68526151360103 350
1739808951259 166.67861623127092 351
1739808951281 166.67197122762158 352
1739808951291 166.665326502641 353
1739808951307 166.65868205631725 354
1739808951323 166.65203788863838 355
1739808951339 166.64539399959241 356
1739808951355 166.63875038916737 357
1739808951355 166.63210705735133 358
1739808951370 166.6254640041324 359
1739808951387 166.61882122949845 360
1739808951403 166.61217873343767 361
1739808951419 166.60553651593813 362
1739808951435 166.5988945769878 363
1739808951435 166.5922529165747 364
1739808951450 166.5856115346869 365
1739808951466 166.5789704313125 366
1739808951482 166.57232960643952 367
1739808951498 166.565689060056 368
1739808951514 166.55904879214998 369
1739808951530 166.55240880270952 370
1739808951530 166.5457690917227 371
1739808951546 166.53912965917755 372
1739808951562 166.5324905050621 373
1739808951577 166.5258516293644 374
1739808951593 166.51921303207257 375
1739808951609 166.51257471317462 376
1739808951625 166.50593667265858 377
1739808951625 166.49929891051252 378
1739808951641 166.4926614267245 379
1739808951657 166.4860242212826 380
1739808951673 166.47938729417484 381
1739808951688 166.47275064538928 382
1739808951704 166.466114274914 383
1739808951704 166.459478182737 384
1739808951720 166.45284236884643 385
1739808951736 166.4462068332303 386
1739808951752 166.43957157587664 387
1739808951773 166.43293659677354 388
1739808951784 166.4263018959091 389
1739808951784 166.4196674732713 390
1739808951800 166.41303332884823 391
1739808951816 166.40639946262797 392
1739808951831 166.3997658745986 393
1739808951847 166.39313256474816 394
1739808951863 166.38649953306464 395
1739808951863 166.3798667795362 396
1739808951880 166.3732343041509 397
1739808951896 166.36660210689678 398
1739808951911 166.35997018776192 399
1739808951927 166.35333854673434 400
1739808951943 166.34670718380218 401
1739808951959 166.34007609895343 402
1739808951975 166.3334452921762 403
1739808951975 166.32681476345854 404
1739808951991 166.3201845127886 405
1739808952007 166.31355454015434 406
1739808952023 166.3069248455438 407
1739808952038 166.30029542894516 408
1739808952055 166.2936662903465 409
1739808952069 166.28703742973582 410
1739808952082 166.28040884710117 411
1739808952093 166.2737805424307 412
1739808952101 166.26715251571238 413
1739808952117 166.26052476693442 414
1739808952134 166.25389729608483 415
1739808952150 166.2472701031516 416
1739808952165 166.24064318812293 417
1739808952165 166.23401655098687 418
1739808952181 166.22739019173144 419
1739808952198 166.22076411034476 420
1739808952214 166.2141383068149 421
1739808952229 166.20751278112988 422
1739808952245 166.2008875332779 423
1739808952261 166.19426256324692 424
1739808952261 166.1876378710251 425
1739808952277 166.18101345660043 426
1739808952293 166.17438931996108 427
1739808952308 166.1677654610951 428
1739808952324 166.1611418799906 429
1739808952340 166.15451857663555 430
1739808952356 166.14789555101814 431
1739808952372 166.14127280312644 432
1739808952372 166.13465033294847 433
1739808952388 166.12802814047245 434
1739808952404 166.1214062256863 435
1739808952420 166.1147845885782 436
1739808952436 166.10816322913618 437
1739808952452 166.1015421473484 438
1739808952468 166.09492134320286 439
1739808952468 166.08830081668773 440
1739808952483 166.08168056779104 441
1739808952499 166.07506059650086 442
1739808952515 166.06844090280532 443
1739808952531 166.06182148669254 444
1739808952547 166.05520234815057 445
1739808952563 166.0485834871675 446
1739808952578 166.04196490373135 447
1739808952578 166.03534659783034 448
1739808952594 166.02872856945245 449
1739808952610 166.02211081858593 450
1739808952626 166.0154933452187 451
1739808952648 166.00887614933887 452
1739808952658 166.00225923093467 453
1739808952674 165.99564258999402 454
1739808952689 165.9890262265052 455
1739808952705 165.98241014045607 456
1739808952721 165.97579433183495 457
1739808952738 165.96917880062983 458
1739808952753 165.96256354682885 459
1739808952753 165.95594857042 460
1739808952769 165.94933387139153 461
1739808952785 165.94271944973144 462
1739808952801 165.93610530542782 463
1739808952817 165.92949143846883 464
1739808952833 165.92287784884255 465
1739808952849 165.91626453653703 466
1739808952864 165.90965150154042 467
1739808952868 165.90303874384082 468
1739808952882 165.89642626342635 469
1739808952896 165.8898140602851 470
1739808952912 165.88320213440508 471
1739808952928 165.8765904857745 472
1739808952944 165.86997911438147 473
1739808952960 165.86336802021404 474
1739808952975 165.85675720326034 475
1739808952991 165.85014666350844 476
1739808952991 165.84353640094645 477
1739808953007 165.83692641556257 478
1739808953023 165.8303167073448 479
1739808953039 165.82370727628125 480
1739808953054 165.8170981223601 481
1739808953071 165.81048924556944 482
1739808953086 165.8038806458973 483
1739808953102 165.79727232333192 484
1739808953102 165.79066427786128 485
1739808953118 165.78405650947357 486
1739808953134 165.77744901815686 487
1739808953150 165.7708418038993 488
1739808953166 165.76423486668895 489
1739808953182 165.75762820651397 490
1739808953198 165.7510218233625 491
1739808953214 165.74441571722258 492
1739808953214 165.7378098880823 493
1739808953230 165.7312043359299 494
1739808953246 165.7245990607534 495
1739808953262 165.71799406254092 496
1739808953278 165.7113893412806 497
1739808953294 165.70478489696058 498
1739808953310 165.69818072956892 499
