1739808819157 169.089027582395 0
1739808819181 162.40892741464336 1
1739808819204 156.00605666229623 2
1739808819224 149.86864805180988 3
1739808819243 143.98543983294837 4
1739808819259 138.3456539245914 5
1739808819275 132.93897500838116 6
1739808819294 127.7555305290331 7
1739808819312 122.78587156192178 8
1739808819329 118.02095451026887 9
1739808819346 113.45212359589641 10
1739808819363 109.07109410907593 11
1739808819380 104.86993638450248 12
1739808819397 100.8410604718564 13
1739808819415 96.97720147078587 14
1739808819433 93.271405501456 15
1739808819450 89.71701628306346 16
1739808819473 86.30766229391585 17
1739808819488 83.03724448782353 18
1739808819506 79.89992454264751 19
1739808819524 76.89011361789926 20
1739808819546 74.00246159929038 21
1739808819563 71.23184680909273 22
1739808819578 68.57336616208693 23
1739808819593 66.0223257477569 24
1739808819608 63.574231820228796 25
1739808819625 61.224782178255964 26
1739808819640 58.96985791832205 27
1739808819655 56.80551554466862 28
1739808819671 54.727979420758786 29
1739808819687 52.73363454736007 30
1739808819701 50.81901965307473 31
1739808819717 48.980820583760725 32
1739808819731 47.2158639778762 33
1739808819749 45.52111121534338 34
1739808819763 43.893652628066945 35
1739808819779 42.330701960757125 36
1739808819793 40.829591071201406 37
1739808819810 39.387764859600004 38
1739808819824 38.002776417031114 39
1739808819840 36.67228238354434 40
1739808819854 35.39403850679245 41
1739808819869 34.16589539250738 42
1739808819884 32.98579443850316 43
1739808819900 31.85176394425044 44
1739808819916 30.76191538841219 45
1739808819932 29.714439867061294 46
1739808819948 28.707604685616214 47
1739808819964 27.7397500978338 48
1739808819979 26.809286185487405 49
1739808819995 25.91468987263508 50
1739808820011 25.054502068647345 51
1739808820028 24.227324934417158 52
1739808820044 23.431819266416802 53
1739808820052 22.66670199349823 54
1739808820067 21.930743781554586 55
1739808820085 21.22276674137285 56
1739808820101 20.541642235210222 57
1739808820118 19.886288777820624 58
1739808820133 19.255670027843195 59
1739808820147 18.64879286564238 60
1739808820165 18.06470555385829 61
1739808820179 17.502495977089072 62
1739808820194 16.961289957281657 63
1739808820210 16.440249641556207 64
1739808820228 15.938571959331576 65
1739808820242 15.45548714575468 66
1739808820258 14.990257328567274 67
1739808820270 14.542175175667342 68
1739808820294 14.110562600741654 69
1739808820313 13.694769524459826 70
1739808820333 13.294172688828692 71
1739808820349 12.908174522410386 72
1739808820365 12.53620205420673 73
1739808820381 12.17770587410807 74
1739808820394 11.832159137895584 75
1739808820405 11.499056614873394 76
1739808820423 11.17791377629023 77
1739808820429 10.868265922789977 78
1739808820454 10.569667349206885 79
1739808820460 10.281690545094232 80
1739808820485 10.003925429444765 81
1739808820503 9.735978618128497 82
1739808820519 9.477472722636756 83
1739808820534 9.22804567878309 84
1739808820550 8.987350104069467 85
1739808820566 8.755052682482757 86
1739808820582 8.530833575539308 87
1739808820597 8.314385858447332 88
1739808820613 8.105414980305003 89
1739808820629 7.903638247299658 90
1739808820645 7.708784327917832 91
1739808820661 7.520592779218887 92
1739808820673 7.338813593265995 93
1739808820677 7.16320676284743 94
1739808820703 6.993541865658514 95
1739808820709 6.829597666150675 96
1739808820733 6.671161734288105 97
1739808820740 6.518030080485689 98
1739808820764 6.370006806032937 99
1739808820772 6.226903768338951 100
1739808820790 6.088540260362121 101
1739808820815 5.954742703615618 102
1739808820832 5.825344354166412 103
1739808820844 5.700185021070217 104
1739808820858 5.579110796709242 105
1739808820866 5.461973798522554 106
1739808820889 5.348631921640706 107
1739808820898 5.238948601957608 108
1739808820919 5.132792589192682 109
1739808820930 5.0300377295155965 110
1739808820949 4.93056275732439 111
1739808820962 4.834251095785355 112
1739808820980 4.740990665760162 113
1739808820994 4.650673702761547 114
1739808821010 4.5631965815946085 115
1739808821026 4.478459648355403 116
1739808821042 4.396367059472768 117
1739808821058 4.316826627492729 118
1739808821070 4.239749673317911 119
1739808821074 4.165050884626687 120
1739808821102 4.092648180208668 121
1739808821109 4.022462579964514 122
1739808821131 3.954418080328831 123
1739808821138 3.8884415348853203 124
1739808821161 3.824462539953361 125
1739808821170 3.762413324934524 126
1739808821194 3.7022286472168306 127
1739808821202 3.643845691443054 128
1739808821226 3.587203972957818 129
1739808821234 3.532245245256197 130
1739808821249 3.4789134112640596 131
1739808821265 3.427154438287757 132
1739808821281 3.3769162764777043 133
1739808821297 3.328148780657104 134
1739808821315 3.2808036353733594 135
1739808821329 3.2348342830359464 136
1739808821345 3.1901958550102636 137
1739808821345 3.1468451055426403 138
1739808821361 3.104740348396974 139
1739808821377 3.063841396088606 140
1739808821403 3.0241095016059716 141
1739808821408 2.9855073025152175 142
1739808821436 2.947998767347462 143
1739808821440 2.9115491441726795 144
1739808821469 2.8761249112682554 145
1739808821472 2.8416937297943066 146
1739808821501 2.8082243983914306 147
1739808821504 2.7756868096203005 148
1739808821533 2.7440519081659174 149
1739808821536 2.71329165073262 150
1739808821564 2.683378967559059 151
1739808821568 2.654287725485471 152
1739808821597 2.625992692508355 153
1739808821600 2.5984695037605086 154
1739808821628 2.5716946288569327 155
1739808821632 2.545645340549754 156
1739808821658 2.52029968463763 157
1739808821666 2.495636451077483 158
1739808821689 2.4716351462485977 159
1739808821695 2.448275966321278 160
1739808821721 2.4255397716842033 161
1739808821727 2.403408062386654 162
1739808821753 2.3818629545536285 163
1739808821775 2.3608871577336026 164
1739808821791 2.3404639531403966 165
1739808821807 2.3205771727523046 166
1739808821807 2.3012111792331305 167
1739808821823 2.2823508466413003 168
1739808821839 2.263981541894683 169
1739808821854 2.2460891069600084 170
1739808821870 2.2286598417372425 171
1739808821886 2.2116804876103804 172
1739808821903 2.195138211637436 173
1739808821919 2.179020591353465 174
1739808821934 2.1633156001616203 175
1739808821951 2.1480115932882673 176
1739808821966 2.1330972942791817 177
1739808821982 2.118561782014838 178
1739808821998 2.1043944782237096 179
1739808822014 2.090585135473413 180
1739808822030 2.077123825620283 181
1739808822046 2.064000928698933 182
1739808822061 2.051207122233949 183
1739808822077 2.0387333709567774 184
1739808822093 2.0265709169114254 185
1739808822109 2.0147112699334127 186
1739808822125 2.0031461984869585 187
1739808822142 1.9918677208460314 188
1739808822158 1.9808680966055952 189
1739808822174 1.970139818509747 190
1739808822190 1.9596756045842085 191
1739808822205 1.9494683905610077 192
1739808822221 1.9395113225837626 193
1739808822237 1.9297977501824195 194
1739808822253 1.9203212195068227 195
1739808822269 1.9110754668088104 196
1739808822285 1.9020544121631084 197
1739808822301 1.893252153417579 198
1739808822317 1.8846629603638088 199
1739808822333 1.8762812691194435 200
1739808822349 1.8681016767138943 201
1739808822378 1.8601189358695451 202
1739808822393 1.8523279499708096 203
1739808822403 1.844723768213741 204
1739808822419 1.8373015809291404 205
1739808822435 1.830056715072517 206
1739808822450 1.8229846298743713 207
1739808822466 1.816080912644673 208
1739808822482 1.8093412747255582 209
1739808822498 1.8027615475865928 210
1739808822514 1.7963376790570855 211
1739808822530 1.7900657296902658 212
1739808822546 1.7839418692542628 213
1739808822563 1.7779623733450514 214
1739808822579 1.7721236201167818 215
1739808822594 1.7664220871249867 216
1739808822610 1.760854348278445 217
1739808822626 1.7554170708955894 218
1739808822642 1.7501070128615233 219
1739808822658 1.7449210198818976 220
1739808822674 1.7398560228299886 221
1739808822690 1.7349090351835217 222
1739808822705 1.7300771505479267 223
1739808822721 1.7253575402627404 224
1739808822737 1.7207474510881802 225
1739808822753 1.7162442029688456 226
1739808822769 1.711845186871766 227
1739808822785 1.7075478626960146 228
1739808822800 1.7033497572513188 229
1739808822816 1.6992484623031185 230
1739808822832 1.6952416326816704 231
1739808822848 1.69132698445286 232
1739808822864 1.6875022931484982 233
1739808822880 1.6837653920539486 234
1739808822896 1.6801141705510514 235
1739808822912 1.6765465725143212 236
1739808822927 1.6730605947585269 237
1739808822943 1.6696542855358623 238
1739808822959 1.6663257430808767 239
1739808822975 1.6630731142015343 240
1739808822993 1.65989459291474 241
1739808823009 1.6567884191247924 242
1739808823025 1.6537528773432233 243
1739808823037 1.6507862954486132 244
1739808823053 1.6478870434849766 245
1739808823070 1.6450535324973568 246
1739808823086 1.6422842134033877 247
1739808823101 1.6395775758995323 248
1739808823117 1.6369321474008487 249
1739808823134 1.634346492013101 250
1739808823150 1.6318192095361292 251
1739808823165 1.629348934497412 252
1739808823181 1.6269343352147945 253
1739808823197 1.624574112887408 254
1739808823213 1.622267000713799 255
1739808823229 1.6200117630364048 256
1739808823245 1.6178071945114418 257
1739808823261 1.615652119303404 258
1739808823278 1.6135453903033354 259
1739808823294 1.611485888370084 260
1739808823310 1.6094725215937808 261
1739808823326 1.607504224580836 262
1739808823342 1.605579957759711 263
1739808823358 1.6036987067068378 264
1739808823374 1.6018594814919807 265
1739808823390 1.6000613160424344 266
1739808823406 1.598303267525468 267
1739808823421 1.5965844157483946 268
1739808823437 1.5949038625757204 269
1739808823453 1.5932607313628364 270
1739808823469 1.591654166405715 271
1739808823485 1.5900833324061006 272
1739808823501 1.5885474139517184 273
1739808823517 1.5870456150110246 274
1739808823533 1.585577158442043 275
1739808823549 1.5841412855148447 276
1739808823564 1.5827372554472512 277
1739808823564 1.581364344953349 278
1739808823581 1.5800218478044283 279
1739808823596 1.5787090744019616 280
1739808823628 1.5774253513622332 281
1739808823644 1.5761700211122938 282
1739808823660 1.5749424414968873 283
1739808823676 1.5737419853960117 284
1739808823676 1.5725680403527873 285
1739808823692 1.5714200082113419 286
1739808823708 1.5702973047644007 287
1739808823724 1.5691993594102966 288
1739808823739 1.5681256148190998 289
1739808823755 1.5670755266076493 290
1739808823771 1.5660485630231553 291
1739808823787 1.5650442046351745 292
1739808823803 1.56406194403569 293
1739808823819 1.5631012855470627 294
1739808823841 1.5621617449376284 295
1739808823851 1.5612428491447037 296
1739808823867 1.5603441360048218 297
1739808823883 1.5594651539909483 298
1739808823899 1.5586054619565184 299
1739808823915 1.55776462888605 300
1739808823931 1.5569422336522072 301
1739808823947 1.5561378647790765 302
1739808823963 1.5553511202115238 303
1739808823979 1.5545816070904166 304
1739808823995 1.5538289415335826 305
1739808824011 1.553092748422351 306
1739808824026 1.5523726611934565 307
1739808824043 1.5516683216362588 308
1739808824059 1.55097937969503 309
1739808824075 1.5503054932762372 310
1739808824090 1.5496463280606623 311
1739808824106 1.5490015573202072 312
1739808824122 1.548370861739298 313
1739808824138 1.547753929240714 314
1739808824156 1.547150454815774 315
1739808824170 1.5465601403587161 316
1739808824186 1.545982694505174 317
1739808824202 1.545417832474662 318
1739808824218 1.544865275916919 319
1739808824234 1.544324752762044 320
1739808824250 1.543795997074322 321
1739808824266 1.5432787489095876 322
1739808824282 1.5427727541761247 323
1739808824298 1.542277764498923 324
1739808824314 1.5417935370872606 325
1739808824330 1.5413198346054895 326
1739808824346 1.5408564250469552 327
1739808824362 1.5404030816109913 328
1739808824378 1.5399595825828465 329
1739808824394 1.5395257112165415 330
1739808824410 1.5391012556205206 331
1739808824426 1.5386860086460792 332
1739808824442 1.538279767778436 333
1739808824458 1.5378823350304336 334
1739808824489 1.5374935168387784 335
1739808824505 1.537113123962758 336
1739808824523 1.536740971385352 337
1739808824537 1.5363768782167235 338
1739808824553 1.5360206675999875 339
1739808824569 1.5356721666192177 340
1739808824585 1.535331206209631 341
1739808824601 1.5349976210698884 342
1739808824617 1.5346712495764823 343
1739808824633 1.53435193370013 344
1739808824649 1.5340395189241287 345
1739808824665 1.533733854164655 346
1739808824681 1.5334347916929094 347
1739808824697 1.53314218705909 348
1739808824712 1.532855899018165 349
1739808824728 1.5325757894573548 350
1739808824745 1.53230172332533 351
1739808824761 1.5320335685630466 352
1739808824777 1.531771196036188 353
1739808824793 1.5315144794691942 354
1739808824809 1.5312632953808194 355
1739808824825 1.5310175230211753 356
1739808824841 1.5307770443102375 357
1739808824857 1.5305417437777844 358
1739808824874 1.530311508504712 359
1739808824889 1.5300862280657235 360
1739808824905 1.5298657944733118 361
1739808824921 1.5296501021230682 362
1739808824939 1.5294390477402173 363
1739808824953 1.5292325303274104 364
1739808824970 1.529030451113695 365
1739808824986 1.5288327135046755 366
1739808825004 1.528639223033803 367
1739808825018 1.5284498873147867 368
1739808825035 1.5282646159950959 369
1739808825051 1.5280833207105233 370
1739808825067 1.5279059150407834 371
1739808825083 1.5277323144661337 372
1739808825099 1.527562436324981 373
1739808825114 1.5273961997724483 374
1739808825131 1.527233525739885 375
1739808825147 1.5270743368953184 376
1739808825163 1.5269185576047728 377
1739808825181 1.5267661138944943 378
1739808825197 1.5266169334140118 379
1739808825213 1.526470945400061 380
1739808825226 1.5263280806412958 381
1739808825241 1.526188271443822 382
1739808825258 1.5260514515975006 383
1739808825274 1.5259175563430232 384
1739808825289 1.5257865223397078 385
1739808825305 1.5256582876340525 386
1739808825321 1.5255327916289794 387
1739808825337 1.5254099750537764 388
1739808825353 1.525289779934716 389
1739808825369 1.5251721495663406 390
1739808825385 1.5250570284833813 391
1739808825406 1.5249443624333299 392
1739808825417 1.524834098349606 393
1739808825433 1.5247261843253417 394
1739808825449 1.5246205695877435 395
1739808825465 1.5245172044730353 396
1739808825481 1.5244160404019758 397
1739808825497 1.5243170298558908 398
1739808825513 1.5242201263532864 399
1739808825529 1.5241252844269444 400
1739808825545 1.52403245960156 401
1739808825561 1.5239416083718689 402
1739808825576 1.52385268818126 403
1739808825592 1.5237656574008691 404
1739808825608 1.5236804753091435 405
1739808825624 1.5235971020718604 406
1739808825640 1.5235154987225843 407
1739808825656 1.523435627143568 408
1739808825672 1.5233574500470854 409
1739808825688 1.5232809309571533 410
1739808825704 1.5232060341917035 411
1739808825720 1.523132724845106 412
1739808825736 1.5230609687711205 413
1739808825752 1.5229907325661989 414
1739808825768 1.5229219835531727 415
1739808825784 1.5228546897652924 416
1739808825800 1.5227888199306443 417
1739808825816 1.5227243434568871 418
1739808825832 1.5226612304163412 419
1739808825854 1.5225994515314025 420
1739808825864 1.522538978160293 421
1739808825880 1.5224797822831075 422
1739808825896 1.522421836488183 423
1739808825912 1.5223651139587646 424
1739808825928 1.5223095884599795 425
1739808825943 1.522255234326081 426
1739808825960 1.5222020264479799 427
1739808825976 1.5221499402610608 428
1739808825992 1.5220989517332573 429
1739808826008 1.522049037353401 430
1739808826023 1.5220001741198226 431
1739808826039 1.5219523395292043 432
1739808826055 1.5219055115656714 433
1739808826071 1.5218596686901384 434
1739808826087 1.5218147898298955 435
1739808826109 1.521770854368399 436
1739808826119 1.5217278421353047 437
1739808826135 1.521685733396723 438
1739808826151 1.5216445088456856 439
1739808826166 1.5216041495928145 440
1739808826182 1.5215646371572138 441
1739808826198 1.5215259534575423 442
1739808826214 1.5214880808032993 443
1739808826230 1.521451001886293 444
1739808826246 1.5214146997722948 445
1739808826262 1.5213791578928895 446
1739808826278 1.521344360037492 447
1739808826294 1.5213102903455495 448
1739808826310 1.521276933298908 449
1739808826325 1.5212442737143517 450
1739808826341 1.5212122967362942 451
1739808826357 1.5211809878296543 452
1739808826373 1.5211503327728697 453
1739808826389 1.5211203176510608 454
1739808826404 1.5210909288493606 455
1739808826420 1.5210621530463857 456
1739808826437 1.5210339772078367 457
1739808826453 1.5210063885802647 458
1739808826468 1.5209793746849485 459
1739808826484 1.5209529233119303 460
1739808826500 1.520927022514159 461
1739808826516 1.5209016606017742 462
1739808826532 1.5208768261365178 463
1739808826547 1.5208525079262714 464
1739808826564 1.520828695019689 465
1739808826579 1.5208053767009817 466
1739808826595 1.5207825424847952 467
1739808826611 1.520760182111196 468
1739808826627 1.520738285540789 469
1739808826643 1.5207168429499225 470
1739808826659 1.520695844726 471
1739808826675 1.520675281462911 472
1739808826692 1.5206551439565321 473
1739808826708 1.5206354232003658 474
1739808826724 1.520616110381236 475
1739808826740 1.5205971968750982 476
1739808826756 1.5205786742429515 477
1739808826772 1.520560534226803 478
1739808826788 1.5205427687457693 479
1739808826803 1.5205253698922165 480
1739808826819 1.5205083299280218 481
1739808826835 1.5204916412808873 482
1739808826851 1.5204752965407589 483
1739808826867 1.5204592884563115 484
