1739809533571 1.8377193831431398 0
1739809533651 1.0157584373201223 1
1739809533721 2.2640356742732637 2
1739809533808 1.7333325878492054 3
1739809533881 1.7257719630000574 4
1739809533951 0.29369220406843827 5
1739809534018 1.2769400158451076 6
1739809534093 0.9062267605049772 7
1739809534165 1.452923775624281 8
1739809534235 1.0960947550317184 9
1739809534298 2.063280839188264 10
1739809534377 0.9691541611060472 11
1739809534456 0.678507530227401 12
1739809534544 2.0584145632350617 13
1739809534617 1.258448701159944 14
1739809534692 0.811769016852917 15
1739809534771 1.1977598876842626 16
1739809534840 1.3443826277497244 17
1739809534928 2.4383436867041857 18
1739809535001 0.41352185129029856 19
1739809535078 1.9283505698139884 20
1739809535167 1.2695828465288392 21
1739809535245 1.114772057917729 22
1739809535325 0.8465877541294946 23
1739809535396 1.003728219503581 24
1739809535477 1.0709969306658602 25
1739809535546 2.9679523658588525 26
1739809535619 2.0571994661520145 27
1739809535694 1.5256027310934923 28
1739809535769 2.1556055871702258 29
1739809535838 0.0063351890876908136 30
1739809535911 1.022791728101501 31
1739809535985 0.9185345713903394 32
1739809536051 1.6867524916015695 33
1739809536138 2.60102521880401 34
1739809536207 0.7849355578699991 35
1739809536270 1.2757985202037825 36
1739809536349 1.0782351184439356 37
1739809536412 1.3618308423395662 38
1739809536491 0.9824926870448142 39
1739809536562 0.16208104903654397 40
1739809536630 3.767607564158637 41
1739809536695 1.8376339483151753 42
1739809536762 0.030187088064923345 43
1739809536837 1.4188583577070881 44
1739809536917 0.9593065168023798 45
1739809536980 0.9668430457468309 46
1739809537058 0.7489971830608672 47
1739809537128 1.0934137484515754 48
1739809537210 1.2501718454559136 49
1739809537284 0.9986619688430323 50
1739809537345 2.0490475507820167 51
1739809537424 0.9497443113054652 52
1739809537497 0.4185487197300217 53
1739809537568 0.4122876430499785 54
1739809537639 2.0493923033323496 55
1739809537712 2.4474377318174865 56
1739809537771 1.9023077599627216 57
1739809537851 0.6506963754240995 58
1739809537938 1.8767475703778367 59
1739809538009 1.0320048901032335 60
1739809538082 2.4723604444976286 61
1739809538157 1.7535882352996695 62
1739809538232 0.5874015807676923 63
1739809538307 0.8507099136195294 64
1739809538381 0.48003613426590247 65
1739809538453 1.632687244669421 66
1739809538529 1.2063686375158043 67
1739809538605 0.5186586600937713 68
1739809538672 1.3461144859522158 69
1739809538736 1.897734041556337 70
1739809538815 2.091407154459838 71
1739809538881 1.945913952821291 72
1739809538962 0.928800022594945 73
1739809539029 2.079056902088602 74
1739809539104 1.3016579496180976 75
1739809539175 0.4207178448361702 76
1739809539242 1.7680538041367022 77
1739809539313 0.2043745975653578 78
1739809539385 1.5122361919120584 79
1739809539454 1.655449742738052 80
1739809539525 1.100170655930282 81
1739809539592 0.7917312948080497 82
1739809539654 0.61226904631376 83
1739809539730 0.9882069816962813 84
1739809539799 1.1125608550389916 85
1739809539868 2.0045581252556595 86
1739809539939 0.7262337551724733 87
1739809540008 1.836090114506791 88
1739809540080 3.3925436308094206 89
1739809540153 1.2850805468444912 90
1739809540224 0.47329867515890717 91
1739809540289 0.7843887277846635 92
1739809540362 1.363097232259093 93
1739809540416 1.9966494644516994 94
1739809540500 0.3489658376749553 95
1739809540559 1.1675939436829665 96
1739809540639 2.028606682827067 97
1739809540714 1.3224266340860604 98
1739809540785 3.3197369425818586 99
1739809540855 0.6006023493385668 100
1739809540928 0.7786336804301406 101
1739809540988 1.5962582667448664 102
1739809541051 2.14856689716714 103
1739809541131 3.244175497082523 104
1739809541195 1.2964242900255678 105
1739809541284 1.781173040096372 106
1739809541355 2.6697638957700938 107
1739809541431 3.584054247034303 108
1739809541502 1.298844927897746 109
1739809541575 1.613717111777453 110
1739809541639 0.1260370555305349 111
1739809541703 3.3777757501807675 112
1739809541790 2.1633782908554227 113
1739809541866 1.704018560999924 114
1739809541943 1.695736753102682 115
1739809542019 0.03719259653111507 116
1739809542098 1.9192803026066259 117
1739809542161 0.94069443583431 118
1739809542241 0.10001102491111402 119
1739809542318 3.1732049472415502 120
1739809542389 2.5241727784722667 121
1739809542461 0.2550651926542857 122
1739809542537 1.0392561540019112 123
1739809542611 1.1899184560208065 124
1739809542687 2.6462919243916763 125
1739809542764 0.8702695302450785 126
1739809542828 1.0117912843393 127
1739809542904 1.2869346730009241 128
1739809542984 2.487549025739009 129
1739809543065 4.180948995910291 130
1739809543142 1.8172505116052504 131
1739809543206 1.1023258956235895 132
1739809543285 2.5987803617033802 133
1739809543371 1.5792381344704822 134
1739809543444 2.1079895015550765 135
1739809543523 1.9204048611805213 136
1739809543600 1.7192238881766262 137
1739809543669 1.503676319861948 138
1739809543743 1.679584158708167 139
1739809543816 1.7610745372095908 140
1739809543896 3.334345733389222 141
1739809543965 1.5506876036056922 142
1739809544030 1.471221296434541 143
1739809544112 0.4821538157562361 144
1739809544189 0.527413190066414 145
1739809544253 1.0365337702791129 146
1739809544332 2.8334035566375975 147
1739809544412 2.7348658613683265 148
1739809544491 2.2237542120396148 149
1739809544556 1.2583475993426632 150
1739809544635 1.6826322342125408 151
1739809544697 1.9468373810680422 152
1739809544776 2.708221085511097 153
1739809544855 0.3471519587660857 154
1739809544917 1.4807847294270005 155
1739809545001 1.0431126404522955 156
1739809545076 1.92696379713054 157
1739809545151 1.1930996843269082 158
1739809545219 0.09812403329809263 159
1739809545298 1.7662065935253366 160
1739809545374 0.469558209887977 161
1739809545449 2.1660385441920975 162
1739809545520 2.3855281985280716 163
1739809545590 1.1747744682293713 164
1739809545663 2.6222372357962254 165
1739809545732 0.6194827562179304 166
1739809545807 4.354048787419037 167
1739809545869 2.0596967581598915 168
1739809545949 0.2780717207302644 169
1739809546012 1.578030179923983 170
1739809546091 1.4522066132244493 171
1739809546171 1.8380115405534874 172
1739809546235 1.911756423558716 173
1739809546315 2.499706227281135 174
1739809546394 1.4025167260668652 175
1739809546458 0.860188620856086 176
1739809546537 1.9728603807555647 177
1739809546612 0.05321344838794725 178
1739809546686 1.26210021514747 179
1739809546755 0.11461370032980113 180
1739809546825 2.016370342932707 181
1739809546903 1.3501779083519694 182
1739809546979 1.4171860815111066 183
1739809547053 1.523187227806456 184
1739809547121 2.3776976020848353 185
1739809547204 0.941375728461972 186
1739809547263 0.7833982229506007 187
1739809547344 1.951934470137884 188
1739809547406 2.289815476586275 189
1739809547486 1.8656210457673728 190
1739809547565 4.273815259156217 191
1739809547629 3.4528407093601166 192
1739809547708 1.6357815752114546 193
1739809547788 0.9977023714425064 194
1739809547859 2.807472110205477 195
1739809547929 0.12857271560855701 196
1739809548002 3.8652388459408966 197
1739809548079 1.0409641152731959 198
1739809548155 0.8408341334759717 199
1739809548216 2.898176496583579 200
1739809548301 1.3427856683156856 201
1739809548377 0.8547965412075752 202
1739809548453 1.4383634157965384 203
1739809548518 1.8247889805891935 204
1739809548582 0.7946006671672097 205
1739809548661 0.8425280331321285 206
1739809548740 0.24646620155040086 207
1739809548820 2.024833564219036 208
1739809548883 0.047267171406138404 209
1739809548963 0.7718656406397774 210
1739809549026 1.1425446994242479 211
1739809549111 1.8483607086269138 212
1739809549185 0.8785451780877979 213
1739809549257 1.4696531053779438 214
1739809549311 1.802426142019678 215
1739809549394 2.0075104903429963 216
1739809549454 1.5894885950506954 217
1739809549533 2.062360066209241 218
1739809549614 0.6702953740728601 219
1739809549685 2.3884435244234274 220
1739809549761 1.8222826594291786 221
1739809549838 2.255286275963778 222
1739809549909 0.829383550583397 223
1739809549977 1.2394268033116893 224
1739809550056 0.7638189181916675 225
1739809550135 1.4967233983309691 226
1739809550198 1.0702237309291636 227
1739809550270 1.333090982094311 228
1739809550348 1.6278158971112986 229
1739809550428 3.2504718172361557 230
1739809550504 1.3419128238968314 231
1739809550577 1.9158710608771747 232
1739809550647 0.8477377512443246 233
1739809550717 2.1830386062992946 234
1739809550792 1.1817280994401103 235
1739809550864 0.554921321221651 236
1739809550944 1.470754452169422 237
1739809551023 1.4194323041123649 238
1739809551087 1.325466089658526 239
1739809551166 3.485097020581198 240
1739809551246 0.019173614249654213 241
1739809551332 0.9193373618679553 242
1739809551403 0.5520971043756492 243
1739809551483 1.1670901930829023 244
1739809551562 1.3821084741390273 245
1739809551648 5.585803655990503 246
1739809551726 0.21542277474434104 247
1739809551800 1.4774415958031764 248
1739809551863 0.8089911134356156 249
1739809551943 1.2126447584237725 250
1739809552054 2.288346335820828 251
1739809552117 3.2579191020004123 252
1739809552197 1.8089048406372943 253
1739809552262 1.8677883955546897 254
1739809552339 1.718520468097908 255
1739809552402 1.2019973635003387 256
1739809552468 0.8312221758076157 257
1739809552545 1.017987548853583 258
1739809552610 1.7405198431392719 259
1739809552671 1.0431660171491783 260
1739809552751 0.8750032405762179 261
1739809552823 0.28470141530256216 262
1739809552893 2.724673544781449 263
1739809552957 3.053035724904122 264
1739809553037 0.8697740268435804 265
1739809553100 0.24446951014343324 266
1739809553163 3.0134878278810944 267
1739809553243 1.8106230887904344 268
1739809553312 2.0490326234083964 269
1739809553385 0.6020329178060239 270
1739809553464 2.9455759935888195 271
1739809553562 1.8866750597220427 272
1739809553646 1.1269459890305666 273
1739809553726 2.1624977815934394 274
1739809553798 0.8915112744332031 275
1739809553883 2.0610414733852616 276
1739809553954 0.40568129471614217 277
1739809554026 0.11703622618880205 278
1739809554096 17.5071872404954 279
1739809554161 2.972533339688096 280
1739809554228 0.8797952918589358 281
1739809554302 0.8184078206553584 282
1739809554365 2.2296129955470803 283
1739809554450 0.9896119976372096 284
1739809554523 0.9331861205018072 285
1739809554586 1.3121325215591682 286
1739809554665 1.2701563678107206 287
1739809554728 1.5802486986775806 288
1739809554816 0.9866720277213697 289
1739809554875 1.5509310163472008 290
1739809554950 0.18130711324732882 291
1739809555029 3.014709846440101 292
1739809555094 1.1288927868665284 293
1739809555175 0.7338300273232763 294
1739809555246 0.8962395558806135 295
1739809555324 1.7996047818474465 296
1739809555391 3.832000122373435e-05 297
1739809555455 1.8907272070534418 298
1739809555534 0.07805901312169083 299
1739809555597 3.9118307949313937 300
1739809555678 1.426405946435774 301
1739809555757 1.9899602501284426 302
1739809555830 1.5444723627011818 303
1739809555899 2.1828912907596907 304
1739809555979 2.9995698894017475 305
1739809556056 1.7727266233718673 306
1739809556119 0.7641522487622777 307
1739809556198 2.9100808455264993 308
1739809556271 0.8985884899543143 309
1739809556341 2.426217662956198 310
1739809556422 1.1631705882591008 311
1739809556499 1.3320367105477235 312
1739809556574 0.029531106088939506 313
1739809556646 0.23230414021796852 314
1739809556720 1.182575232966941 315
1739809556800 2.139360372867631 316
1739809556879 0.6919913915508498 317
1739809556964 0.08566086573953861 318
1739809557039 1.725608792930871 319
1739809557114 2.1874759125287113 320
1739809557179 1.0143022178176782 321
1739809557264 0.11296218473088537 322
1739809557338 0.7343978182273249 323
1739809557404 2.4217810855044277 324
1739809557488 2.6457631742510332 325
1739809557546 2.2242582013193153 326
1739809557626 1.3291991578693676 327
1739809557702 4.830296358257987 328
1739809557782 2.1289950149457524 329
1739809557847 2.506409908876498 330
1739809557930 0.4763317818327202 331
1739809558005 0.3674147191154198 332
1739809558081 1.938331209045265 333
1739809558148 0.5158222691336943 334
1739809558224 1.2494770740620544 335
1739809558303 1.434935185265184 336
1739809558382 2.6160266254879954 337
1739809558458 1.6964262529545713 338
1739809558531 0.7184604072664895 339
1739809558604 1.2163499985876993 340
1739809558671 0.9598683592507369 341
1739809558749 0.34620128018395535 342
1739809558829 1.3653662932802275 343
1739809558901 1.4789478834407237 344
1739809558972 2.0704930415708027 345
1739809559051 1.5530836296363215 346
1739809559130 0.851476721176947 347
1739809559189 1.2345244422591892 348
1739809559268 0.5371796596342882 349
1739809559348 1.9481612645505664 350
1739809559428 0.5422035943917902 351
1739809559492 1.32318841119285 352
1739809559571 0.5806978886726114 353
1739809559652 1.9940910808143752 354
1739809559731 0.7830875487826563 355
1739809559794 2.66107677743585 356
1739809559873 2.230122034943382 357
1739809559937 1.0845633621489401 358
1739809560017 0.20218515340405255 359
1739809560081 2.2286369625347255 360
1739809560160 0.8377912947402968 361
1739809560238 1.9911792252504232 362
1739809560302 1.0523867086170546 363
1739809560382 1.5974751926138417 364
1739809560445 0.08321409973124211 365
1739809560526 2.2525101601238937 366
1739809560605 0.6109328477265011 367
1739809560670 0.820533736048262 368
1739809560750 1.0278393550274458 369
1739809560813 0.8261161669229067 370
1739809560894 1.6064053098297635 371
1739809560958 1.418771133981191 372
1739809561023 0.6434189787420707 373
1739809561103 3.561427068800685 374
1739809561167 3.1524962533827385 375
1739809561246 2.6670137078089637 376
1739809561309 0.7676014032620947 377
1739809561373 1.4512558203885477 378
1739809561453 1.9436506917263479 379
1739809561518 0.8381655795967616 380
1739809561597 0.4317238745446494 381
1739809561661 1.4802254776582981 382
1739809561741 1.2631875687740408 383
1739809561821 2.0693312366255796 384
1739809561885 1.6861784337405776 385
1739809561969 2.078258214146353 386
1739809562027 3.2446080525928216 387
1739809562108 1.1221832287896547 388
1739809562171 1.479337730831251 389
1739809562252 1.681102000883007 390
1739809562327 1.5250794944122696 391
1739809562397 0.6581278933879563 392
1739809562456 0.43236682463098 393
1739809562540 1.3844411547686564 394
1739809562615 0.8172114563447965 395
1739809562679 0.6716753114056471 396
1739809562744 4.211967225237461 397
1739809562826 0.47865570947203906 398
1739809562889 2.1346595621014925 399
1739809562968 3.1736981909984667 400
1739809563047 1.7728339104199873 401
1739809563110 3.460371530672931 402
1739809563191 1.5316117604816437 403
1739809563256 3.0043044061762587 404
1739809563340 0.9767509977938268 405
1739809563402 1.064759103972849 406
1739809563481 2.0149856276664453 407
1739809563547 2.441643804616742 408
1739809563622 0.9832789121582167 409
1739809563688 2.4944347582850863 410
1739809563752 1.5061770373942707 411
1739809563815 2.1770241386578575 412
1739809563895 0.10360352506935633 413
1739809563960 0.21099661539967185 414
1739809564022 2.336645554188287 415
1739809564085 1.3316616197779867 416
1739809564164 0.8201828430144439 417
1739809564228 3.3544436973180316 418
1739809564292 0.2509915587043126 419
1739809564372 1.2927602932293691 420
1739809564436 2.6249639495741266 421
1739809564508 0.8486568039042176 422
1739809564578 1.192677124359982 423
1739809564641 2.1502908631389226 424
1739809564705 1.3416878043869491 425
1739809564784 1.3006008876326192 426
1739809564848 1.1132181804897454 427
1739809564912 3.345055970482147 428
1739809564991 0.7770002990848133 429
1739809565055 0.7358933583397439 430
1739809565119 0.6414499637140471 431
1739809565198 2.81619461946967 432
1739809565290 1.1466221129569059 433
1739809565365 1.0994463644287817 434
1739809565452 1.7809503137814748 435
1739809565531 0.2949029656954431 436
1739809565595 0.05060150866922562 437
1739809565675 0.3647855733000255 438
1739809565738 1.8963677074438776 439
1739809565817 1.1985964842507226 440
1739809565881 2.1457861892570285 441
1739809565944 1.260525613138467 442
1739809566024 0.5218441309647427 443
1739809566089 0.6136116149355546 444
1739809566153 1.9711987290451272 445
1739809566232 2.6262274580492915 446
1739809566296 1.6352065103790723 447
1739809566360 1.1532958774735234 448
1739809566424 2.6593767088226987 449
1739809566503 0.36622889636688194 450
1739809566567 1.020647832186951 451
1739809566646 1.128722119026032 452
1739809566709 0.7413155394357751 453
1739809566800 0.7639726194929164 454
1739809566866 1.2713791016088634 455
1739809566930 2.5794863822491214 456
1739809566995 0.9226677949987577 457
1739809567072 0.2766018898919028 458
1739809567135 2.1308598158456458 459
1739809567214 1.2275448035519614 460
1739809567278 1.6738511252358574 461
1739809567357 2.3249426460586515 462
1739809567420 1.73994687801924 463
1739809567484 2.118880260916772 464
1739809567563 1.9814183554552423 465
1739809567627 0.257458421078559 466
1739809567707 0.9949207269750209 467
1739809567772 3.2310801144323507 468
1739809567852 2.881015085186868 469
1739809567915 0.34046402333642156 470
1739809567979 1.3568184524754945 471
1739809568043 1.6998880614848437 472
1739809568123 2.3655929752117806 473
1739809568186 3.5008190229540204 474
1739809568255 2.2850815586884967 475
1739809568330 2.260129129555405 476
1739809568394 0.7869686206049125 477
1739809568474 1.2948806985732875 478
1739809568538 1.788853622115286 479
1739809568603 0.5199947431603994 480
1739809568681 1.6813733007100582 481
1739809568746 2.28497069963549 482
1739809568810 2.303533238900679 483
1739809568889 2.6219763879523765 484
1739809568961 2.5835850475641426 485
1739809569032 2.4250835002683666 486
1739809569096 1.1256773392502843 487
1739809569160 1.6058841183388048 488
1739809569224 1.275380637530431 489
1739809569303 1.4839165381085315 490
1739809569367 0.00958238131422168 491
1739809569431 1.3868095587884246 492
1739809569511 2.6745118750971253 493
1739809569575 0.6906012995333267 494
1739809569639 3.1470837402740455 495
1739809569718 1.0678928273474808 496
1739809569782 1.3959955814988767 497
1739809569845 1.4897123319454537 498
1739809569925 1.5251134911676465 499
