1739809301789 125.74547870932577 0
1739809301804 95.54345434524812 1
1739809301820 72.42322641581553 2
1739809301836 53.1040825083163 3
1739809301852 42.351372299053544 4
1739809301868 31.27791875296849 5
1739809301883 23.697467293828737 6
1739809301899 20.549122279220736 7
1739809301909 16.49743156488962 8
1739809301925 13.52608958274157 9
1739809301940 10.774875757784212 10
1739809301961 8.506815194223389 11
1739809301977 7.557460580528499 12
1739809301987 7.075967577613284 13
1739809302005 5.050364696958571 14
1739809302021 4.148394603618957 15
1739809302036 3.895800640436646 16
1739809302054 3.6826699063282136 17
1739809302069 2.826587928118166 18
1739809302082 2.9260867302502542 19
1739809302099 2.7134868960185967 20
1739809302118 2.366498916621382 21
1739809302133 2.2308681049929895 22
1739809302148 2.0811137443766587 23
1739809302162 2.153705146866819 24
1739809302178 1.7753686044957984 25
1739809302194 1.8813280365847111 26
1739809302209 1.894529850377655 27
1739809302225 2.0475067351539082 28
1739809302241 1.726575048935845 29
1739809302257 1.6669604102849465 30
1739809302273 1.569588858695752 31
1739809302285 1.670887467915415 32
1739809302299 1.9664924381530122 33
1739809302305 1.5075354980959903 34
1739809302329 1.5610880574702024 35
1739809302343 1.7741129247508298 36
1739809302359 1.766726718143207 37
1739809302373 1.6355401905926283 38
1739809302389 1.596830791475025 39
1739809302404 1.6859333765083877 40
1739809302420 1.0875143900542086 41
1739809302435 1.5393808497385548 42
1739809302448 1.607212657893886 43
1739809302463 1.6439826712587073 44
1739809302479 1.4106109035057657 45
1739809302495 1.5973054863458065 46
1739809302510 1.3786504239354733 47
1739809302526 1.434611241373361 48
1739809302542 1.549009365453119 49
1739809302558 1.1971048256586776 50
1739809302574 1.493987433779729 51
1739809302586 1.5329279880623867 52
1739809302600 1.5859487838991044 53
1739809302615 1.5786951252937969 54
1739809302622 1.6223315944609211 55
1739809302645 1.591002592365859 56
1739809302660 1.309328477099385 57
1739809302675 1.6213604974190066 58
1739809302690 1.4249852720128846 59
1739809302704 1.4692223229144925 60
1739809302720 1.4365666018976875 61
1739809302734 1.5765889555794776 62
1739809302749 1.6519863971396518 63
1739809302765 1.9878084325271304 64
1739809302781 1.459460547472522 65
1739809302797 1.4748777123410073 66
1739809302813 1.6638598388489805 67
1739809302825 1.6156136560180958 68
1739809302840 1.4917320258527547 69
1739809302855 1.5435889946870105 70
1739809302877 1.4307264962322335 71
1739809302892 1.5458249023754362 72
1739809302905 1.5584980689217804 73
1739809302920 1.409453176361076 74
1739809302935 1.5250283334761081 75
1739809302950 1.735628097468192 76
1739809302966 1.4228860970413495 77
1739809302973 1.8487595984125853 78
1739809302989 1.4855151421001984 79
1739809303013 1.518988969533422 80
1739809303029 1.394062318199922 81
1739809303044 1.414059258246978 82
1739809303059 1.530649936326941 83
1739809303074 1.71033989823271 84
1739809303089 1.5925927987148751 85
1739809303104 1.283683048432078 86
1739809303119 1.5540550410789629 87
1739809303135 1.4587595719374002 88
1739809303149 1.6735857475345564 89
1739809303165 1.616816818338684 90
1739809303181 1.530449361030048 91
1739809303196 1.5546942834695705 92
1739809303212 1.3631944765448534 93
1739809303228 1.5423508811428477 94
1739809303244 1.4887557257404394 95
1739809303260 1.4200327325177051 96
1739809303276 1.6418292458333457 97
1739809303292 1.5101795130501245 98
1739809303308 1.450153031600774 99
1739809303320 1.6214943613874118 100
1739809303335 1.4841138162808338 101
1739809303349 1.4474495709389683 102
1739809303356 1.583547259783083 103
1739809303378 1.6642855450009864 104
1739809303393 1.5729196705502584 105
1739809303409 1.3987701209421828 106
1739809303425 1.742737250534388 107
1739809303439 1.6822445579288163 108
1739809303452 1.5169789897563282 109
1739809303468 1.4733540029483307 110
1739809303484 1.484003870139746 111
1739809303500 1.5517419397655496 112
1739809303516 1.4285359119736927 113
1739809303532 1.5896286407294158 114
1739809303544 1.5884674547838182 115
1739809303558 1.6477258044391798 116
1739809303573 1.6625476052075612 117
1739809303588 1.4208966216773253 118
1739809303602 1.6584153162400501 119
1739809303618 1.3076548748414545 120
1739809303632 1.6491363567382362 121
1739809303649 1.5760990131457664 122
1739809303659 1.573628612500163 123
1739809303679 1.6074359815411337 124
1739809303691 1.6144065154519693 125
1739809303710 1.6850258123144026 126
1739809303723 1.3086493842689397 127
1739809303741 1.408732752446596 128
1739809303755 1.4918759387157319 129
1739809303770 1.6397611223905333 130
1739809303786 1.4431982901048899 131
1739809303802 1.6989496451626025 132
1739809303818 1.257830186320882 133
1739809303829 1.4096992214988064 134
1739809303845 1.3577039961858544 135
1739809303860 1.4557658734040266 136
1739809303875 1.8328081687026039 137
1739809303890 1.748150292718278 138
1739809303905 1.7962841532638472 139
1739809303920 1.3388967763923285 140
1739809303936 1.5480709274960056 141
1739809303950 1.3901619961388167 142
1739809303966 1.4486204656925858 143
1739809303980 1.7282314898462214 144
1739809303995 1.4461657260363008 145
1739809304009 1.570180685391698 146
1739809304025 1.6004104642535257 147
1739809304041 1.52969480872025 148
1739809304057 1.8036646574601551 149
1739809304073 1.428604317727752 150
1739809304088 1.7549294152516643 151
1739809304100 1.4258086145662014 152
1739809304104 1.6000586606415423 153
1739809304129 1.3534415548698668 154
1739809304147 1.440336228572096 155
1739809304162 1.3308169170462654 156
1739809304174 1.3858856573291514 157
1739809304190 1.3564558432640343 158
1739809304204 1.3454458782187015 159
1739809304218 1.244112611324723 160
1739809304236 1.5431862947708732 161
1739809304251 1.4274923200782816 162
1739809304262 1.4985189715539766 163
1739809304278 1.380145827659031 164
1739809304292 1.6714666248822447 165
1739809304309 1.6258851586313428 166
1739809304326 1.8115610140864284 167
1739809304340 1.4417665788524936 168
1739809304353 1.2650338306507432 169
1739809304374 1.5073049483463894 170
1739809304399 1.3732840798660155 171
1739809304415 1.5309179602527199 172
1739809304428 1.7133853286206142 173
1739809304442 1.5666011504978117 174
1739809304458 1.3408590931498672 175
1739809304472 1.7534695287712392 176
1739809304487 1.6282475131251894 177
1739809304502 1.4122277567423442 178
1739809304518 1.6330139172784313 179
1739809304531 1.5180267355013204 180
1739809304547 1.479147238601773 181
1739809304563 1.4684429928332936 182
1739809304579 1.6434767271841308 183
1739809304595 1.3538495588265342 184
1739809304611 1.6696794518283569 185
1739809304623 1.5034088412950724 186
1739809304638 1.5594307632586122 187
1739809304651 1.5549002619002184 188
1739809304666 1.4775229191641 189
1739809304674 1.4295889739574243 190
1739809304696 1.4643734753301512 191
1739809304711 1.6240182046492306 192
1739809304726 1.2963422479060878 193
1739809304742 1.5442982842232587 194
1739809304757 1.3435103885149173 195
1739809304772 1.5337916860207996 196
1739809304788 1.6079286892681994 197
1739809304801 1.557253966436314 198
1739809304817 1.420588188351071 199
1739809304833 1.4774138691784686 200
1739809304849 1.4097948617855018 201
1739809304865 1.5993272573258053 202
1739809304881 1.5689886724312452 203
1739809304896 1.612899843403552 204
1739809304912 1.4656886759548313 205
1739809304923 1.6372793446751865 206
1739809304938 1.3910866585212442 207
1739809304952 1.7319046392938546 208
1739809304967 1.5019200365092427 209
1739809304976 1.4336141382992509 210
1739809304997 1.4865531057715817 211
1739809305012 1.2389991119547015 212
1739809305028 1.6319512414987976 213
1739809305043 1.5977197748147978 214
1739809305059 1.7595379654659364 215
1739809305074 1.3144135131257506 216
1739809305089 1.5267050658259564 217
1739809305103 1.6251142805046115 218
1739809305119 1.6533156285994084 219
1739809305135 1.3712151082023463 220
1739809305151 1.6129680925605014 221
1739809305166 1.5651671009913408 222
1739809305182 1.5847694131882155 223
1739809305198 1.3866819290796912 224
1739809305214 1.3244753672962357 225
1739809305225 1.8365364093616208 226
1739809305239 1.7651700499850478 227
1739809305253 1.5807002926429476 228
1739809305268 1.4481107901234835 229
1739809305283 1.3549301781337895 230
1739809305294 1.6519231331053672 231
1739809305312 1.4613506390762556 232
1739809305326 1.452247328635144 233
1739809305342 1.2133128165033482 234
1739809305357 1.5689302963083755 235
1739809305373 1.40046108609073 236
1739809305389 1.6169975549690287 237
1739809305405 1.3668321435918225 238
1739809305421 1.5416899682045584 239
1739809305433 1.4729514741219996 240
1739809305437 1.451532928270727 241
1739809305463 1.4663261841861126 242
1739809305478 1.5250446929799555 243
1739809305489 1.6171256180548725 244
1739809305500 1.4550755125942236 245
1739809305520 1.386040854199656 246
1739809305532 1.5475495489440358 247
1739809305547 1.6559857462884833 248
1739809305563 1.6473135980538267 249
1739809305581 1.3833715642952809 250
1739809305595 1.453288025866064 251
1739809305611 1.4237253690656233 252
1739809305627 1.570453897801129 253
1739809305643 1.3441071574692953 254
1739809305659 1.35691596573468 255
1739809305675 1.3835028548912167 256
1739809305675 1.4176965428341801 257
1739809305707 1.3042339837484678 258
1739809305723 1.7532202558149168 259
1739809305739 1.660557504563612 260
1739809305755 1.4587111851105503 261
1739809305771 1.5135109187037508 262
1739809305771 1.4175154388662117 263
1739809305789 1.5642866325185094 264
1739809305803 1.4326387886075138 265
1739809305819 1.5547646230449117 266
1739809305835 1.6800898727211138 267
1739809305852 1.5823970649321737 268
1739809305867 1.4525662077664918 269
1739809305883 1.530060971005842 270
1739809305900 1.3991555790761803 271
1739809305915 1.4048827538830715 272
1739809305935 1.6094093203931108 273
1739809305950 1.6298866877760145 274
1739809305965 1.6264537033492734 275
1739809305979 1.469613048505744 276
1739809305994 1.6111769997744692 277
1739809306010 1.5923753802436003 278
1739809306026 1.6280906458117246 279
1739809306041 1.641534858714468 280
1739809306057 1.576870099419719 281
1739809306069 1.4449047302656457 282
1739809306084 1.5357391835144854 283
1739809306089 1.3910232267965408 284
1739809306105 1.6671547832051758 285
1739809306130 1.347453781665176 286
1739809306145 1.4325661894653354 287
1739809306160 1.4103664410061534 288
1739809306176 1.413196764212232 289
1739809306190 1.4028980230772725 290
1739809306204 1.5403637790846976 291
1739809306219 1.522282021843966 292
1739809306232 1.3112649481983234 293
1739809306248 1.4598727473596178 294
1739809306264 1.771323303166564 295
1739809306280 1.44223426265107 296
1739809306292 1.4201703028831234 297
1739809306307 1.4710957777556526 298
1739809306323 1.5303256850426161 299
1739809306340 1.5275503677130378 300
1739809306352 1.4990432401833969 301
1739809306358 1.5108424678685501 302
1739809306382 1.4637976301535631 303
1739809306396 1.450208338814049 304
1739809306409 1.5331719905808847 305
1739809306428 1.497506775963697 306
1739809306443 1.6196910175415467 307
1739809306455 1.4320491315856863 308
1739809306472 1.4396884609255998 309
1739809306485 1.505977039282609 310
1739809306501 1.5924282003730608 311
1739809306517 1.6071639182055184 312
1739809306533 1.4442065187256596 313
1739809306545 1.554073091207185 314
1739809306564 1.5149022650816106 315
1739809306576 1.3986091279583426 316
1739809306592 1.6562371355926155 317
1739809306607 1.3697493745364966 318
1739809306622 1.3907275449210106 319
1739809306636 1.2744468152824286 320
1739809306651 1.690142729972696 321
1739809306660 1.2285158517945758 322
1739809306680 1.8487849921834743 323
1739809306695 1.5075188618339335 324
1739809306711 1.6763039740242696 325
1739809306724 1.5336517861759296 326
1739809306739 1.488102814426751 327
1739809306755 1.6651761296538552 328
1739809306767 1.4950145175941003 329
1739809306783 1.5026431275083465 330
1739809306796 1.6330661393025026 331
1739809306811 1.4151692825167337 332
1739809306827 1.4145697135488393 333
1739809306842 1.5410807023583681 334
1739809306857 1.8875123457152496 335
1739809306871 1.649291583593615 336
1739809306887 1.3812358223225465 337
1739809306902 1.4927779877605039 338
1739809306916 1.4233332625803754 339
1739809306934 1.6265651370143406 340
1739809306949 1.5381550509703914 341
1739809306964 1.7816741633544562 342
1739809306979 1.4660571843859125 343
1739809306993 1.330062826704024 344
1739809307009 1.2586355992553597 345
1739809307025 1.334115929891585 346
1739809307041 1.5281344933546446 347
1739809307052 1.4968865506566562 348
1739809307073 1.233727163272083 349
1739809307084 1.5669382235529856 350
1739809307088 1.5134731779912003 351
1739809307114 1.4680459116590185 352
1739809307129 1.5892006596175865 353
1739809307144 1.5015558974712346 354
1739809307160 1.4907040464013084 355
1739809307175 1.728723530940799 356
1739809307189 1.480257413942734 357
1739809307203 1.5606808196813042 358
1739809307218 1.6304075592222775 359
1739809307231 1.4809199856205166 360
1739809307247 1.5196892534000894 361
1739809307263 1.6549010258598105 362
1739809307278 1.5965553916779016 363
1739809307294 1.5118332050769165 364
1739809307310 1.373716614931081 365
1739809307322 1.4683969674389556 366
1739809307338 1.2981668347005673 367
1739809307352 1.6066897041163555 368
1739809307367 1.480081135775051 369
1739809307383 1.6866574611972378 370
1739809307398 1.617330597820625 371
1739809307412 1.8070980040695865 372
1739809307428 1.4557617794197326 373
1739809307442 1.6455429930150154 374
1739809307456 1.4056980299438289 375
1739809307469 1.7188633537205324 376
1739809307485 1.4224235191371264 377
1739809307501 1.6864407583425631 378
1739809307516 1.7218278383476575 379
1739809307532 1.661730065246563 380
1739809307548 1.354774137072674 381
1739809307564 1.5606114702865488 382
1739809307580 1.5765957717057726 383
1739809307592 1.5918632688098426 384
1739809307607 1.5072983229038583 385
1739809307622 1.310380581405569 386
1739809307638 1.5865728989243109 387
1739809307652 1.3481205854152167 388
1739809307668 1.3845114459466696 389
1739809307676 1.6141349404577525 390
1739809307692 1.6247497108303939 391
1739809307714 1.4368606153474386 392
1739809307729 1.3377512615158849 393
1739809307744 1.5391872526787918 394
1739809307759 1.4841747132833472 395
1739809307774 1.556173959426029 396
1739809307790 1.5525579100985696 397
1739809307803 1.571937498411946 398
1739809307819 1.5096178793315043 399
1739809307835 1.2987994273638712 400
1739809307851 1.4259782909584016 401
1739809307867 1.5129238358245138 402
1739809307883 1.5184287039303264 403
1739809307894 1.6376016804453586 404
1739809307914 1.4301803738779753 405
1739809307925 1.409546740120107 406
1739809307940 1.6234234171908966 407
1739809307955 1.482046624106686 408
1739809307971 1.4808931736636137 409
1739809307985 1.374285564541911 410
1739809308001 1.454745927548754 411
1739809308017 1.5362184255237668 412
1739809308026 1.5485891682276307 413
1739809308046 1.5760920903438613 414
1739809308062 1.840141340412589 415
1739809308077 1.342269298360591 416
1739809308089 1.5881937975605305 417
1739809308106 1.502288964221437 418
1739809308121 1.4749124515283858 419
1739809308137 1.6220996326119401 420
1739809308153 1.5173098134621215 421
1739809308169 1.6023535564137148 422
1739809308185 1.5337582542424202 423
1739809308201 1.4385269632338709 424
1739809308216 1.6505350778703027 425
1739809308228 1.5491383976316015 426
1739809308242 1.6641705771310542 427
1739809308257 1.4632152614062495 428
1739809308272 1.477520361657444 429
1739809308287 1.5681761188148313 430
1739809308303 1.6174707640565533 431
1739809308318 1.2959563662470825 432
1739809308328 1.606654422073947 433
1739809308347 1.5781461812258526 434
1739809308362 1.6316617440977514 435
1739809308376 1.53526877977413 436
1739809308391 1.5481683224465486 437
1739809308407 1.4447817887935022 438
1739809308426 1.7307099994315862 439
1739809308439 1.4252752040015508 440
1739809308455 1.5918577450220437 441
1739809308471 1.5999600189897802 442
1739809308487 1.7089108270695692 443
1739809308502 1.6400991235712932 444
1739809308514 1.5541140322264908 445
1739809308532 1.6673335434109275 446
1739809308544 1.57906787294866 447
1739809308559 1.652015041181667 448
1739809308573 1.5437715353715868 449
1739809308588 1.7444617664446005 450
1739809308603 1.6586554794692894 451
1739809308622 1.5208187634055017 452
1739809308637 1.4611275185890862 453
1739809308644 1.6904598933763257 454
1739809308665 1.4560842013413322 455
1739809308679 1.3787083244359895 456
1739809308693 1.5447242926926485 457
1739809308708 1.587324265193639 458
1739809308724 1.327932878481976 459
1739809308740 1.4810404759027254 460
1739809308756 1.3522067277440615 461
1739809308772 1.503304029771044 462
1739809308784 1.5261007073091906 463
1739809308798 1.6563858736813908 464
1739809308815 1.7068140167921144 465
1739809308829 1.53323488830484 466
1739809308845 1.4167126254101345 467
1739809308860 1.8897608397649166 468
1739809308876 1.3677653667598104 469
1739809308890 1.6569388793836233 470
1739809308905 1.3267251823118023 471
1739809308920 1.167809372831229 472
1739809308936 1.5548672562224177 473
1739809308951 1.4963131801898286 474
1739809308963 1.5559077494800875 475
1739809308981 1.7359547903650296 476
1739809308995 1.8720589617599386 477
1739809309010 1.5300346330477599 478
1739809309026 1.7025882066788935 479
1739809309044 1.6581280679508625 480
1739809309057 1.6337470393399227 481
1739809309073 1.662007207267081 482
1739809309089 1.749940935003425 483
1739809309101 1.5605616580451507 484
1739809309105 1.5979755526311337 485
1739809309131 1.4336106418302397 486
1739809309146 1.4809732466938508 487
1739809309161 1.563293909973715 488
