1739810191221 139.35860231499962 0
1739810191316 128.83447093830654 1
1739810191404 96.99650610129783 2
1739810191486 71.51215124085591 3
1739810191570 92.50415137523325 4
1739810191666 71.81140780972683 5
1739810191751 38.10645467898928 6
1739810191836 46.901338541437624 7
1739810191930 59.553328893728455 8
1739810192028 38.044149135454205 9
1739810192123 42.595818559734916 10
1739810192201 32.59253688973104 11
1739810192296 24.25398071427112 12
1739810192392 13.609830342454433 13
1739810192479 18.743109553549303 14
1739810192554 17.231552497046515 15
1739810192650 16.01136590646161 16
1739810192733 21.505204984280894 17
1739810192812 13.042991910048883 18
1739810192898 11.895856641237724 19
1739810192976 5.1711355348731765 20
1739810193057 7.94544344966409 21
1739810193150 6.740901527158487 22
1739810193245 9.683946261256777 23
1739810193340 5.378332411119571 24
1739810193426 6.228795445784708 25
1739810193506 7.0333485895765415 26
1739810193580 5.149685195766083 27
1739810193656 4.021439884281045 28
1739810193723 3.1921708584498516 29
1739810193819 4.722535510609362 30
1739810193895 4.293115582228424 31
1739810193992 3.8391064792754497 32
1739810194061 5.5454547996617585 33
1739810194152 3.361041675228041 34
1739810194278 2.06924150283343 35
1739810194367 2.131024842368055 36
1739810194449 3.2782147501672303 37
1739810194525 1.9797217400111873 38
1739810194610 2.2997738878708796 39
1739810194695 1.4210927168934504 40
1739810194763 2.062316745433855 41
1739810194862 2.960341342363625 42
1739810194945 1.7705487492041017 43
1739810195032 1.1354201332147333 44
1739810195115 3.3853698167777377 45
1739810195195 3.7116939974172842 46
1739810195279 1.886754587252381 47
1739810195367 1.5859504967492704 48
1739810195446 3.1561145765506593 49
1739810195535 1.9309450811334357 50
1739810195611 1.1506160172199489 51
1739810195701 2.5536627869553232 52
1739810195792 2.652535476308736 53
1739810195873 2.1661470609411 54
1739810195953 1.569759452577474 55
1739810196029 0.7654059785268054 56
1739810196108 2.1877506906556965 57
1739810196203 1.548328397977932 58
1739810196286 1.7137604377268758 59
1739810196365 0.25937151951896237 60
1739810196446 1.154010656934339 61
1739810196511 2.449189443951106 62
1739810196601 1.199386311680882 63
1739810196683 2.71915184527355 64
1739810196761 1.6468091703569858 65
1739810196834 1.6098973458412082 66
1739810196928 0.9974873127585144 67
1739810197009 2.112497809924472 68
1739810197084 1.1335623355060542 69
1739810197162 0.6630463239434 70
1739810197257 1.6510161638330036 71
1739810197351 2.4300148639744337 72
1739810197444 1.0145729236715266 73
1739810197531 2.829628491823449 74
1739810197629 1.4434554491714742 75
1739810197733 1.2336785555462868 76
1739810197830 2.8861079091838153 77
1739810197929 2.1578498080478172 78
1739810198025 1.0165293703586096 79
1739810198104 1.9169050402233512 80
1739810198197 1.3013360598727952 81
1739810198279 1.3818643982609984 82
1739810198346 2.702930505693674 83
1739810198425 0.30661226003331177 84
1739810198503 0.9852467688216618 85
1739810198592 0.5800473536595042 86
1739810198663 1.2647367192474706 87
1739810198748 1.7489933644302975 88
1739810198824 2.175060873752629 89
1739810198909 1.6935785432355661 90
1739810198985 0.8457455534491058 91
1739810199050 1.5388401285786293 92
1739810199130 1.2807385678351622 93
1739810199210 0.8494487486891519 94
1739810199288 1.0664058946532071 95
1739810199364 1.83396415160144 96
1739810199437 1.866690350706143 97
1739810199514 1.9672382579870762 98
1739810199603 0.9436389619180842 99
1739810199675 4.021712071278959 100
1739810199748 0.8466518685512823 101
