1739809133993 127.24339936805998 0
1739809134011 93.87768801215516 1
1739809134025 70.4160871537335 2
1739809134039 53.05673436184871 3
1739809134051 41.38238100683309 4
1739809134067 30.616709261734133 5
1739809134083 24.577938365863908 6
1739809134099 19.23699774882208 7
1739809134115 15.411068199490444 8
1739809134130 11.95474441048766 9
1739809134146 9.79887055272363 10
1739809134146 8.989367986529974 11
1739809134162 6.7601857962777885 12
1739809134178 5.568802106763009 13
1739809134194 4.68954849052364 14
1739809134210 4.565310003277804 15
1739809134225 3.8523980985471153 16
1739809134241 3.5211417248618786 17
1739809134264 3.086706757173535 18
1739809134273 2.734865362868851 19
1739809134289 2.437073838036593 20
1739809134305 2.8106937457219536 21
1739809134321 2.65040262957714 22
1739809134337 1.9898455205851182 23
1739809134353 2.20912648598027 24
1739809134369 1.8993031897473343 25
1739809134369 1.9268056457141878 26
1739809134385 1.915792787536223 27
1739809134401 1.7210594173365963 28
1739809134417 1.7871208718667326 29
1739809134433 1.7652118976516453 30
1739809134449 1.6011236478538118 31
1739809134465 1.4826751923400352 32
1739809134481 1.7025857025518223 33
1739809134499 1.4907445123266538 34
1739809134513 1.6099802146455435 35
1739809134529 1.3883021069409642 36
1739809134545 1.5970558512019002 37
1739809134561 1.619778936748258 38
1739809134576 1.6515992726230848 39
1739809134576 1.5068953522129251 40
1739809134593 1.4999434764903379 41
1739809134609 1.4747322042528972 42
1739809134625 1.44330442525561 43
1739809134641 1.43488551858002 44
1739809134657 1.5936409735778105 45
1739809134673 1.5080702431757609 46
1739809134689 1.7833950642167125 47
1739809134704 1.7848180129212383 48
1739809134720 1.5790727273600067 49
1739809134736 1.3622935321514038 50
1739809134752 1.7319646778903977 51
1739809134768 1.5912334297812667 52
1739809134768 1.6198873846376223 53
1739809134784 1.4224050283518608 54
1739809134800 1.4442912596601925 55
1739809134816 1.584803110976032 56
1739809134832 1.524086707679615 57
1739809134847 1.6234860400177709 58
1739809134863 1.4615148479931037 59
1739809134879 1.7052156070879292 60
1739809134895 1.4901402554717884 61
1739809134911 1.7937763589449474 62
1739809134927 1.5793546492794386 63
1739809134927 1.523557608153894 64
1739809134943 1.3981327578951914 65
1739809134959 1.4845442526959671 66
1739809134976 1.5606676145289133 67
1739809134992 1.6346990065044804 68
1739809135008 1.4530638190022953 69
1739809135024 1.6000889712409023 70
1739809135040 1.6474486375528303 71
1739809135056 1.6233038765228196 72
1739809135072 1.7432828123327198 73
1739809135087 1.71211697081094 74
1739809135103 1.7737269080285392 75
1739809135103 1.273151425255332 76
1739809135119 1.5287437903780017 77
1739809135135 1.4365308634344252 78
1739809135151 1.4151791645883152 79
1739809135167 1.4530966524404576 80
1739809135183 1.723859985887069 81
1739809135199 1.331402779788449 82
1739809135215 1.5821739333640905 83
1739809135231 1.7469733145262802 84
1739809135247 1.4296027957878592 85
1739809135263 1.8333184786807901 86
1739809135281 1.57360168557249 87
1739809135295 1.479900500661333 88
1739809135311 1.6511751481361407 89
