1739810019042 38.31832372468407 0
1739810019115 22.712111788980966 1
1739810019187 8.32887975525235 2
1739810019246 3.1501665551982723 3
1739810019316 3.42249537074115 4
1739810019382 2.9040588963101737 5
1739810019468 1.7430469100367056 6
1739810019531 1.876550509067503 7
1739810019599 0.9950828049666761 8
1739810019666 2.4443848096711585 9
1739810019747 0.7566268524018125 10
1739810019816 1.627714215377578 11
1739810019883 1.5166799978465393 12
1739810019949 0.8838623388086095 13
1739810020033 1.8888918225814062 14
1739810020108 0.4595228960989764 15
1739810020199 2.7589757776233443 16
1739810020281 2.6162806537659056 17
1739810020366 2.0797152358948647 18
1739810020451 1.3489054273162198 19
1739810020534 1.1166427443349438 20
1739810020617 1.3616564380338025 21
1739810020699 0.3080147891934117 22
1739810020769 0.8606509781757048 23
1739810020850 2.0513279198451153 24
1739810020938 2.016928647373768 25
1739810021017 0.9040049987975138 26
1739810021102 1.0043857429652097 27
1739810021170 2.9584119404363216 28
1739810021259 1.0777844376448942 29
1739810021339 0.5331141050870681 30
1739810021417 3.2270260992113555 31
1739810021492 0.5442069684048827 32
1739810021570 1.0534712716469685 33
1739810021647 1.1645004968393136 34
1739810021722 1.7441051766584585 35
1739810021793 0.8516511852305215 36
1739810021867 1.4798217888658591 37
1739810021940 2.9590279929830072 38
1739810022011 1.5039906854487506 39
1739810022085 1.6199611173144255 40
1739810022157 0.6012785247828631 41
1739810022228 2.02434058444892 42
1739810022302 2.7557999410721346 43
1739810022374 1.1002560199573301 44
1739810022446 2.1875259437233536 45
1739810022521 1.5114509300520864 46
1739810022592 0.9247700539751376 47
1739810022668 1.4975310721609796 48
1739810022743 1.2085153896558534 49
1739810022816 0.9300725267786887 50
1739810022887 2.484628434754251 51
1739810022965 0.9838366147426029 52
1739810023041 0.23651324742502572 53
1739810023115 1.5529271861433829 54
1739810023184 0.22544891132210518 55
1739810023254 0.9842644213086275 56
1739810023325 1.0767533793742363 57
1739810023393 0.451823539786719 58
1739810023462 1.2221724236163616 59
1739810023531 1.1221648952004644 60
1739810023599 0.24739433395879323 61
1739810023665 0.9994017557618592 62
1739810023732 0.7772438121727614 63
1739810023799 1.3244413315959394 64
1739810023866 0.7810929147522971 65
1739810023933 1.1987434996387478 66
1739810024001 1.4894472060233048 67
1739810024076 0.766598063303029 68
1739810024147 0.0382245039721154 69
1739810024218 4.156484672772791 70
1739810024288 1.0780992063002681 71
1739810024356 2.577473734120553 72
1739810024424 2.0782724301064364 73
1739810024491 1.0604519757873805 74
1739810024558 1.1024655028731185 75
1739810024626 1.646233811877255 76
1739810024695 0.9449583920908667 77
1739810024763 0.9762607322691942 78
1739810024838 1.8133402530505578 79
1739810024912 2.3149511874988242 80
1739810024987 0.2740471809222815 81
1739810025057 0.1712489536490085 82
1739810025130 0.9925044165011061 83
1739810025201 5.556365491398928 84
1739810025271 1.1970280266217463 85
1739810025340 0.6433944128327479 86
1739810025408 0.89476391661476 87
1739810025478 0.6769387144065419 88
1739810025546 1.733988978429275 89
1739810025615 1.8831935382290619 90
1739810025684 0.7560125001372182 91
1739810025753 2.002430980086912 92
1739810025822 2.1847336427907647 93
1739810025890 0.8841981638133357 94
1739810025960 2.728178492218379 95
1739810026031 2.6344516255295205 96
1739810026098 1.7804285539857425 97
1739810026169 2.735628669262053 98
1739810026237 0.28135097208670623 99
1739810026307 2.2525561135450443 100
1739810026432 0.8695691960594898 101
1739810026558 4.083838045693821 102
1739810026650 0.8605558733850546 103
1739810026735 3.5050948774248263 104
1739810026809 0.18224051312369804 105
1739810026870 0.7956271169804694 106
1739810026954 0.3694524299655371 107
1739810027035 1.0259921967694128 108
1739810027105 0.600067466947064 109
1739810027169 2.021831948767493 110
1739810027255 1.0448116220823729 111
1739810027323 1.7483449362411154 112
1739810027404 0.9378870651230683 113
1739810027487 0.7521974949342553 114
1739810027574 0.9508277497514862 115
1739810027656 2.255417661176276 116
1739810027735 0.9782777373832747 117
1739810027818 0.798523106729686 118
1739810027885 1.9911864790940625 119
1739810027970 0.7978819634207622 120
1739810028037 2.3154703979617537 121
1739810028122 1.292521524074601 122
1739810028187 1.784504348504041 123
1739810028271 4.071187466231935 124
1739810028368 2.87143846538442 125
1739810028479 0.9963878865106232 126
1739810028576 1.8443465236319778 127
1739810028671 1.9135247688000345 128
1739810028772 2.127191119841995 129
1739810028852 1.1738015375625266 130
1739810028956 1.1993098921312542 131
1739810029043 1.3984064705825607 132
1739810029120 1.5906858422123353 133
1739810029216 0.2492531723346693 134
1739810029304 2.3727170884073896 135
1739810029381 0.3113493458694175 136
1739810029454 2.3711419461533003 137
1739810029527 1.8180723448427405 138
1739810029602 1.0244178843638123 139
1739810029678 1.6519384522389575 140
1739810029750 0.3157770261635796 141
1739810029826 0.9105455231595119 142
1739810029900 2.6925732718944797 143
1739810029976 1.4534056616284234 144
1739810030057 2.6747867625293917 145
1739810030126 1.0981381308449905 146
1739810030204 2.8186553092803046 147
1739810030275 0.374732166873255 148
1739810030367 0.6965992958718801 149
1739810030452 2.144570243867295 150
1739810030532 2.0250084051614614 151
1739810030605 1.8617141272613005 152
1739810030689 2.4239163204395786 153
1739810030774 0.4667914051902951 154
1739810030854 0.7765891785749625 155
1739810030936 1.8398142582093198 156
1739810031002 1.2079426025431315 157
1739810031085 1.7808818992080382 158
1739810031154 1.6836785467971362 159
1739810031234 1.0186950076435848 160
1739810031309 1.2445449807463256 161
1739810031384 3.6062794092994332 162
1739810031459 1.7028028824168324 163
1739810031525 0.8339650642261276 164
1739810031606 1.536259059104029 165
1739810031680 2.0896472726168187 166
1739810031755 1.503183870739514 167
1739810031821 2.734746666845811 168
1739810031896 0.5074100830313456 169
1739810031966 2.7722309986067692 170
1739810032038 3.2795224158576715 171
1739810032110 1.9922389374654192 172
1739810032181 2.5806080188913443 173
1739810032253 1.2674280181063071 174
1739810032324 2.2396777016264666 175
1739810032397 6.390330374891527 176
1739810032466 1.6318161333024457 177
1739810032539 0.711416264205834 178
1739810032611 1.0183023947013679 179
1739810032682 1.4827922217827167 180
1739810032751 0.998824399268275 181
1739810032825 1.7933142493911474 182
1739810032886 2.057762944041927 183
1739810032965 1.8859620338583218 184
1739810033036 0.14011363901169235 185
1739810033103 2.4377063913817243 186
1739810033171 0.8229172305846439 187
1739810033243 1.404173121191691 188
1739810033319 1.563856045521782 189
1739810033384 1.2498936575526267 190
1739810033448 2.19939324756223 191
1739810033512 2.166327543112013 192
1739810033590 1.357912997253124 193
1739810033654 1.086963558445274 194
1739810033735 2.773512642080105 195
1739810033807 2.204873619863595 196
1739810033879 1.0204787697400477 197
1739810033959 1.351875991163563 198
1739810034033 0.9692312345475416 199
1739810034103 0.46045101025042234 200
1739810034175 2.9615494282534605 201
1739810034243 1.8179345759190904 202
1739810034311 0.9434366966626256 203
1739810034379 2.3955572997038193 204
1739810034436 1.1279541016409256 205
1739810034517 2.9574257626691987 206
1739810034586 2.822121025333173 207
1739810034653 1.3490484944403363 208
1739810034723 1.4040101411174586 209
1739810034792 0.8337462665927632 210
1739810034860 0.8721921751432553 211
1739810034935 0.6389408664969406 212
1739810035002 2.3312447627019206 213
1739810035067 0.11581682819146914 214
1739810035131 4.039611689299438 215
1739810035203 0.7609803945853766 216
1739810035280 1.4819412478086262 217
1739810035335 2.4489328644513417 218
1739810035416 2.9675786788701504 219
1739810035479 0.5640129336285991 220
1739810035551 0.3844982850569089 221
1739810035622 0.5230641437538724 222
1739810035701 2.6017023922507856 223
1739810035779 2.315515486869619 224
1739810035869 1.6251835126951624 225
1739810035943 1.4683197159578845 226
1739810036017 2.942089510592489 227
1739810036111 1.3381477462997886 228
1739810036191 1.5370254042996958 229
1739810036254 1.4940605018813258 230
1739810036344 2.2550597680796556 231
1739810036414 2.2151373677815704 232
1739810036492 1.1002684489253747 233
1739810036570 0.3500041163330533 234
1739810036650 1.1347522602576339 235
1739810036714 1.0359441296299519 236
1739810036778 3.9851456909247167 237
1739810036841 1.1701910152874206 238
1739810036921 2.142105075883658 239
1739810036984 1.0759158305442136 240
1739810037048 0.9259885238794393 241
1739810037125 1.064780476973593 242
1739810037192 1.9634493090019882 243
1739810037254 0.5827708929425248 244
1739810037327 2.3955420226412194 245
1739810037380 2.2178589208143036 246
1739810037459 0.99536462139524 247
1739810037533 2.7451404481345927 248
1739810037602 1.4619475293287967 249
1739810037666 0.3767124486183464 250
1739810037735 0.976040240681015 251
1739810037804 0.39376191153043727 252
1739810037872 0.6251549913920752 253
1739810037946 0.4231075469640207 254
1739810038015 3.2348832589420913 255
1739810038079 1.5139234621507194 256
1739810038142 1.1730546000132527 257
1739810038205 1.1004384791617299 258
1739810038286 1.545224608705374 259
1739810038348 2.363857874485412 260
1739810038429 3.0253975225338063 261
1739810038492 1.3803045267349283 262
1739810038555 1.8575833906161994 263
1739810038620 1.443820518146583 264
1739810038701 2.0781575085587005 265
1739810038765 0.30755453177164666 266
1739810038830 0.6683324741134172 267
1739810038894 0.5660037778208783 268
1739810038958 0.1871979332401345 269
1739810039022 1.3715229328727887 270
1739810039103 2.98224326194687 271
1739810039164 0.9170786622871097 272
1739810039228 1.909750526525753 273
1739810039291 0.5681624446883236 274
