1739808960403 169.3490121294276 0
1739808960419 169.281412665859 1
1739808960419 169.27466832341614 2
1739808960435 169.26791222386018 3
1739808960451 169.2611564101946 4
1739808960467 169.25440088002347 5
1739808960483 169.2476456333352 6
1739808960499 169.24089067011758 7
1739808960515 169.23413599035837 8
1739808960531 169.22738159404548 9
1739808960547 169.22062748116676 10
1739808960563 169.21387365170997 11
1739808960563 169.207120105663 12
1739808960579 169.20036684301363 13
1739808960595 169.19361386374976 14
1739808960610 169.18686116785918 15
1739808960626 169.1801087553297 16
1739808960642 169.17335662614926 17
1739808960658 169.1666047803056 18
1739808960674 169.15985321778658 19
1739808960674 169.15310193858002 20
1739808960706 169.1463509426738 21
1739808960706 169.13960023005572 22
1739808960722 169.1328498007137 23
1739808960738 169.12609965463542 24
1739808960754 169.1193497918089 25
1739808960774 169.11260021222185 26
1739808960791 169.1058509158622 27
1739808960804 169.0991019027177 28
1739808960819 169.09235317277626 29
1739808960833 169.0856047260257 30
1739808960848 169.0788565624539 31
1739808960848 169.07210868204868 32
1739808960865 169.06536108479781 33
1739808960881 169.05861377068928 34
1739808960896 169.05186673971082 35
1739808960912 169.04511999185027 36
1739808960929 169.03837352709556 37
1739808960932 169.03162734543452 38
1739808960948 169.02488144685495 39
1739808960960 169.0181358313447 40
1739808960975 169.01139049889164 41
1739808960991 169.00464544948366 42
1739808961007 168.99790068310855 43
1739808961023 168.99115619975416 44
1739808961023 168.9844119994084 45
1739808961039 168.97766808205907 46
1739808961055 168.970924447694 47
1739808961071 168.9641810963011 48
1739808961087 168.95743802786816 49
1739808961103 168.9506952423831 50
1739808961103 168.94395273983375 51
1739808961119 168.93721052020794 52
1739808961135 168.93046858349356 53
1739808961151 168.92372692967842 54
1739808961166 168.9169855587504 55
1739808961186 168.91024447069745 56
1739808961198 168.90350366550726 57
1739808961214 168.8967631431678 58
1739808961214 168.89002290366685 59
1739808961230 168.88328294699232 60
1739808961250 168.87654327313209 61
1739808961262 168.86980388207394 62
1739808961280 168.86306477380583 63
1739808961294 168.85632594831554 64
1739808961310 168.849587405591 65
1739808961326 168.84284914562 66
1739808961326 168.83611116839043 67
1739808961342 168.8293734738902 68
1739808961358 168.82263606210708 69
1739808961374 168.81589893302902 70
1739808961389 168.80916208664382 71
1739808961405 168.80242552293942 72
1739808961405 168.79568924190357 73
1739808961421 168.78895324352428 74
1739808961437 168.7822175277893 75
1739808961453 168.77548209468657 76
1739808961469 168.76874694420388 77
1739808961485 168.7620120763292 78
1739808961485 168.75527749105032 79
1739808961501 168.74854318835514 80
1739808961517 168.7418091682315 81
1739808961536 168.73507543066728 82
1739808961548 168.7283419756504 83
1739808961565 168.72160880316872 84
1739808961580 168.71487591321005 85
1739808961580 168.70814330576226 86
1739808961596 168.70141098081334 87
1739808961612 168.694678938351 88
1739808961628 168.68794717836326 89
1739808961644 168.6812157008379 90
1739808961660 168.67448450576285 91
1739808961679 168.66775359312595 92
1739808961692 168.66102296291507 93
1739808961692 168.65429261511815 94
1739808961708 168.64756254972298 95
1739808961724 168.6408327667175 96
1739808961740 168.63410326608957 97
1739808961756 168.62737404782703 98
1739808961772 168.62064511191787 99
1739808961772 168.61391645834982 100
1739808961788 168.60718808711087 101
1739808961804 168.60045999818885 102
1739808961820 168.5937321915717 103
1739808961837 168.5870046672472 104
1739808961853 168.58027742520335 105
1739808961853 168.57355046542793 106
1739808961869 168.56682378790887 107
1739808961885 168.56009739263405 108
1739808961900 168.55337127959135 109
1739808961917 168.5466454487687 110
1739808961933 168.5399199001539 111
1739808961949 168.53319463373492 112
1739808961965 168.52646964949957 113
1739808961965 168.51974494743578 114
1739808961981 168.51302052753144 115
1739808961997 168.50629638977443 116
1739808962013 168.49957253415266 117
1739808962029 168.49284896065396 118
1739808962045 168.48612566926627 119
1739808962061 168.47940265997747 120
1739808962061 168.47267993277543 121
1739808962077 168.46595748764807 122
1739808962093 168.45923532458332 123
1739808962109 168.452513443569 124
1739808962124 168.44579184459295 125
1739808962140 168.43907052764325 126
1739808962156 168.4323494927076 127
1739808962156 168.425628739774 128
1739808962172 168.41890826883034 129
1739808962193 168.41218807986448 130
1739808962204 168.40546817286435 131
1739808962219 168.39874854781783 132
1739808962235 168.3920292047128 133
1739808962251 168.38531014353717 134
1739808962267 168.37859136427886 135
1739808962283 168.37187286692577 136
1739808962283 168.36515465146573 137
1739808962299 168.35843671788672 138
1739808962315 168.3517190661766 139
1739808962331 168.3450016963233 140
1739808962346 168.33828460831467 141
1739808962363 168.3315678021387 142
1739808962379 168.32485127778318 143
1739808962379 168.31813503523608 144
1739808962408 168.31141907448526 145
1739808962418 168.30470339551871 146
1739808962426 168.29798799832423 147
1739808962445 168.2912728828898 148
1739808962458 168.28455804920335 149
1739808962473 168.2778434972527 150
1739808962478 168.27112922702577 151
1739808962499 168.2644152385105 152
1739808962505 168.2577015316948 153
1739808962521 168.25098810656655 154
1739808962537 168.24427496311367 155
1739808962553 168.23756210132407 156
1739808962559 168.2308495211857 157
1739808962579 168.22413722268638 158
1739808962585 168.2174252058141 159
1739808962606 168.21071347055675 160
1739808962617 168.20400201690225 161
1739808962633 168.19729084483845 162
1739808962648 168.19057995435335 163
1739808962660 168.1838693454348 164
1739808962666 168.17715901807074 165
1739808962682 168.1704489722491 166
1739808962696 168.16373920795775 167
1739808962712 168.15702972518466 168
1739808962719 168.15032052391769 169
1739808962736 168.1436116041448 170
1739808962744 168.13690296585386 171
1739808962760 168.13019460903286 172
1739808962776 168.12348653366965 173
1739808962792 168.11677873975222 174
1739808962808 168.1100712272684 175
1739808962814 168.10336399620613 176
1739808962824 168.0966570465534 177
1739808962843 168.08995037829808 178
1739808962855 168.08324399142813 179
1739808962871 168.07653788593137 180
1739808962887 168.06983206179584 181
1739808962892 168.0631265190094 182
1739808962903 168.05642125755995 183
1739808962918 168.0497162774355 184
1739808962934 168.04301157862386 185
1739808962950 168.0363071611131 186
1739808962970 168.029603024891 187
1739808962996 168.02289916994556 188
1739808963011 168.0161955962647 189
1739808963020 168.00949230383637 190
1739808963028 168.00278929264843 191
1739808963045 167.9960865626889 192
1739808963060 167.9893841139456 193
1739808963076 167.98268194640653 194
1739808963091 167.97598006005964 195
1739808963097 167.96927845489276 196
1739808963107 167.96257713089395 197
1739808963128 167.95587608805104 198
1739808963145 167.94917532635196 199
1739808963155 167.9424748457848 200
1739808963171 167.93577464633725 201
1739808963182 167.92907472799743 202
1739808963187 167.9223750907532 203
1739808963203 167.91567573459253 204
1739808963226 167.9089766595033 205
1739808963235 167.90227786547345 206
1739808963253 167.89557935249098 207
1739808963267 167.8888811205438 208
1739808963280 167.88218316961982 209
1739808963293 167.87548549970697 210
1739808963307 167.86878811079322 211
1739808963315 167.86209100286646 212
1739808963334 167.85539417591474 213
1739808963347 167.8486976299259 214
1739808963362 167.8420013648879 215
1739808963375 167.83530538078867 216
1739808963390 167.82860967761619 217
1739808963394 167.82191425535837 218
1739808963416 167.81521911400313 219
1739808963429 167.80852425353848 220
1739808963444 167.8018296739523 221
1739808963457 167.7951353752326 222
1739808963470 167.78844135736725 223
1739808963473 167.78174762034425 224
1739808963498 167.77505416415153 225
1739808963505 167.76836098877703 226
1739808963525 167.76166809420866 227
1739808963541 167.7549754804344 228
1739808963558 167.74828314744227 229
1739808963569 167.74159109522012 230
1739808963587 167.7348993237559 231
1739808963601 167.7282078330376 232
1739808963613 167.7215166230532 233
1739808963617 167.71482569379054 234
1739808963640 167.70813504523764 235
1739808963649 167.70144467738248 236
1739808963667 167.69475459021294 237
1739808963681 167.68806478371707 238
1739808963693 167.68137525788273 239
1739808963697 167.67468601269786 240
1739808963720 167.66799704815054 241
1739808963730 167.6613083642286 242
1739808963747 167.65461996092006 243
1739808963760 167.64793183821283 244
1739808963776 167.64124399609491 245
1739808963776 167.63455643455424 246
1739808963800 167.62786915357876 247
1739808963807 167.62118215315644 248
1739808963828 167.61449543327524 249
1739808963841 167.6078089939231 250
1739808963855 167.601122835088 251
1739808963855 167.59443695675793 252
1739808963881 167.58775135892077 253
1739808963887 167.58106604156455 254
1739808963909 167.5743810046772 255
1739808963919 167.5676962482467 256
1739808963937 167.56101177226094 257
1739808963951 167.554327576708 258
1739808963963 167.5476436615758 259
1739808963967 167.54096002685225 260
1739808963989 167.53427667252532 261
1739808963999 167.52759359858308 262
1739808964017 167.5209108050134 263
1739808964031 167.51422829180427 264
1739808964047 167.50754605894363 265
1739808964047 167.50086410641947 266
1739808964072 167.4941824342198 267
1739808964079 167.4875010423325 268
1739808964099 167.4808199307456 269
1739808964110 167.47413909944706 270
1739808964126 167.46745854842484 271
1739808964126 167.46077827766692 272
1739808964153 167.45409828716123 273
1739808964158 167.44741857689579 274
1739808964180 167.44073914685856 275
1739808964190 167.43405999703754 276
1739808964208 167.4273811274206 277
1739808964222 167.42070253799582 278
1739808964237 167.41402422875112 279
1739808964237 167.40734619967452 280
1739808964262 167.40066845075395 281
1739808964270 167.39399098197737 282
1739808964290 167.38731379333282 283
1739808964302 167.3806368848082 284
1739808964318 167.37396025639157 285
1739808964318 167.36728390807087 286
1739808964344 167.36060783983402 287
1739808964350 167.3539320516691 288
1739808964371 167.34725654356404 289
1739808964381 167.3405813155068 290
1739808964397 167.33390636748535 291
1739808964397 167.32723169948775 292
1739808964425 167.32055731150191 293
1739808964429 167.31388320351581 294
1739808964452 167.30720937551746 295
1739808964461 167.30053582749488 296
1739808964479 167.29386255943595 297
1739808964493 167.28718957132872 298
1739808964509 167.2805168631612 299
1739808964509 167.2738444349213 300
1739808964533 167.26717228659706 301
1739808964541 167.26050041817646 302
1739808964560 167.2538288296475 303
1739808964573 167.2471575209981 304
1739808964589 167.2404864922163 305
1739808964589 167.23381574329008 306
1739808964614 167.2271452742074 307
1739808964621 167.22047508495632 308
1739808964641 167.21380517552475 309
1739808964653 167.2071355459007 310
1739808964669 167.20046619607223 311
1739808964675 167.19379712602725 312
1739808964700 167.18712833575375 313
1739808964716 167.18045982523975 314
1739808964716 167.17379159447324 315
1739808964732 167.16712364344224 316
1739808964754 167.16045597213468 317
1739808964763 167.15378858053862 318
1739808964785 167.147121468642 319
1739808964795 167.14045463643288 320
1739808964811 167.1337880838992 321
1739808964827 167.12712181102893 322
1739808964842 167.12045581781013 323
1739808964862 167.1137901042308 324
1739808964882 167.10712467027886 325
1739808964898 167.10045951594236 326
1739808964911 167.0937946412093 327
1739808964923 167.08713004606773 328
1739808964938 167.08046573050555 329
1739808964954 167.07380169451082 330
1739808964970 167.06713793807154 331
1739808964970 167.0604744611757 332
1739808964986 167.05381126381127 333
1739808965002 167.04714834596626 334
1739808965018 167.04048570762876 335
1739808965034 167.03382334878665 336
1739808965050 167.02716126942803 337
1739808965066 167.02049946954085 338
1739808965066 167.01383794911314 339
1739808965083 167.0071767081329 340
1739808965099 167.00051574658812 341
1739808965115 166.9938550644668 342
1739808965130 166.98719466175697 343
1739808965146 166.98053453844668 344
1739808965166 166.97387469452386 345
1739808965179 166.96721512997655 346
1739808965194 166.9605558447928 347
1739808965208 166.9538968389605 348
1739808965215 166.9472381124678 349
1739808965224 166.94057966530258 350
1739808965246 166.93392149745296 351
1739808965260 166.9272636089069 352
1739808965272 166.92060599965242 353
1739808965272 166.91394866967755 354
1739808965290 166.9072916189703 355
1739808965307 166.90063484751866 356
1739808965320 166.89397835531065 357
1739808965339 166.8873221423343 358
1739808965352 166.8806662085776 359
1739808965352 166.8740105540286 360
1739808965368 166.8673551786753 361
1739808965384 166.86070008250567 362
1739808965399 166.85404526550784 363
1739808965415 166.84739072766973 364
1739808965431 166.8407364689794 365
1739808965447 166.83408248942482 366
1739808965447 166.8274287889941 367
1739808965464 166.82077536767514 368
1739808965480 166.81412222545606 369
1739808965495 166.80746936232487 370
1739808965511 166.80081677826956 371
1739808965528 166.79416447327813 372
1739808965528 166.78751244733868 373
1739808965543 166.78086070043918 374
1739808965559 166.7742092325676 375
1739808965575 166.7675580437121 376
1739808965591 166.76090713386057 377
1739808965607 166.75425650300116 378
1739808965623 166.74760615112174 379
1739808965638 166.74095607821053 380
1739808965638 166.73430628425538 381
1739808965655 166.72765676924445 382
1739808965671 166.72100753316565 383
1739808965687 166.71435857600707 384
1739808965703 166.70770989775676 385
1739808965719 166.7010614984027 386
1739808965719 166.694413377933 387
1739808965737 166.68776553633558 388
1739808965751 166.68111797359853 389
1739808965767 166.67447068970984 390
1739808965783 166.66782368465763 391
1739808965799 166.6611769584299 392
1739808965815 166.6545305110146 393
1739808965831 166.64788434239992 394
1739808965847 166.6412384525737 395
1739808965847 166.63459284152412 396
1739808965863 166.6279475092392 397
1739808965879 166.62130245570688 398
1739808965895 166.61465768091534 399
1739808965911 166.60801318485247 400
1739808965927 166.60136896750643 401
1739808965927 166.59472502886516 402
1739808965943 166.58808136891676 403
1739808965959 166.58143798764925 404
1739808965974 166.57479488505064 405
1739808965990 166.56815206110903 406
1739808966006 166.5615095158124 407
1739808966022 166.55486724914886 408
1739808966037 166.5482252611064 409
1739808966053 166.54158355167309 410
1739808966053 166.53494212083692 411
1739808966070 166.52830096858597 412
1739808966085 166.5216600949083 413
1739808966101 166.51501949979192 414
1739808966117 166.5083791832249 415
1739808966133 166.50173914519524 416
1739808966149 166.49509938569108 417
1739808966149 166.48845990470036 418
1739808966165 166.4818207022112 419
1739808966180 166.4751817782116 420
1739808966197 166.46854313268963 421
1739808966213 166.4619047656333 422
1739808966228 166.45526667703075 423
1739808966245 166.44862886686994 424
1739808966261 166.44199133513894 425
1739808966261 166.4353540818258 426
1739808966282 166.42871710691867 427
1739808966293 166.42208041040544 428
1739808966309 166.41544399227422 429
1739808966325 166.40880785251312 430
1739808966340 166.40217199111015 431
1739808966356 166.39553640805337 432
1739808966372 166.3889011033308 433
1739808966388 166.3822660769305 434
1739808966388 166.37563132884057 435
1739808966405 166.36899685904905 436
1739808966420 166.36236266754398 437
1739808966436 166.35572875431342 438
1739808966452 166.3490951193454 439
1739808966468 166.34246176262806 440
1739808966468 166.33582868414936 441
1739808966484 166.3291958838974 442
1739808966500 166.32256336186026 443
1739808966516 166.315931118026 444
1739808966532 166.30929915238264 445
1739808966548 166.30266746491827 446
1739808966548 166.29603605562093 447
1739808966564 166.28940492447867 448
1739808966579 166.28277407147962 449
1739808966595 166.27614349661184 450
1739808966611 166.26951319986327 451
1739808966627 166.2628831812221 452
1739808966643 166.25625344067632 453
1739808966659 166.24962397821403 454
1739808966659 166.24299479382327 455
1739808966675 166.23636588749218 456
1739808966691 166.22973725920872 457
1739808966706 166.22310890896102 458
1739808966722 166.21648083673716 459
1739808966739 166.20985304252514 460
1739808966739 166.2032255263131 461
1739808966755 166.1965982880891 462
1739808966771 166.18997132784116 463
1739808966787 166.18334464555736 464
1739808966803 166.17671824122579 465
1739808966819 166.17009211483452 466
1739808966819 166.16346626637164 467
1739808966835 166.15684069582522 468
1739808966851 166.15021540318327 469
1739808966867 166.14359038843395 470
1739808966883 166.13696565156528 471
1739808966899 166.13034119256534 472
1739808966915 166.12371701142217 473
1739808966915 166.1170931081239 474
1739808966931 166.1104694826586 475
1739808966946 166.10384613501438 476
1739808966962 166.09722306517924 477
1739808966978 166.09060027314126 478
1739808966994 166.0839777588886 479
1739808967010 166.07735552240925 480
1739808967010 166.07073356369133 481
1739808967026 166.0641118827229 482
1739808967042 166.05749047949206 483
1739808967058 166.0508693539869 484
1739808967074 166.04424850619546 485
1739808967090 166.03762793610582 486
1739808967106 166.03100764370615 487
1739808967106 166.02438762898444 488
1739808967122 166.01776789192877 489
1739808967138 166.01114843252728 490
1739808967154 166.00452925076806 491
1739808967170 165.9979103466391 492
1739808967186 165.99129172012863 493
1739808967202 165.98467337122457 494
1739808967202 165.9780552999151 495
1739808967218 165.97143750618832 496
1739808967234 165.96481999003228 497
1739808967249 165.95820275143507 498
1739808967265 165.95158579038483 499
