1739810258626 169.089027582395 0
1739810258642 169.02155924504717 1
1739810258658 168.9546599708872 2
1739810258674 168.88778732577973 3
1739810258690 168.8209390001495 4
1739810258706 168.75411958245923 5
1739810258724 168.687326761959 6
1739810258738 168.6205605280368 7
1739810258755 168.55382087008465 8
1739810258767 168.4871054813622 9
1739810258783 168.42041894472413 10
1739810258799 168.35375895225738 11
1739810258816 168.28712549337087 12
1739810258832 168.22051626374915 13
1739810258847 168.15393584144647 14
1739810258847 168.08738192097601 15
1739810258863 168.02085449176374 16
1739810258879 167.9543535432399 17
1739810258900 167.88787677391545 18
1739810258916 167.8214287562532 19
1739810258932 167.75500718759466 20
1739810258949 167.68861205738685 21
1739810258967 167.62224335508117 22
1739810258979 167.55589878201053 23
1739810258994 167.48958290505516 24
1739810259011 167.42329342438043 25
1739810259031 167.35703032945443 26
1739810259046 167.2907913240248 27
1739810259061 167.22458097019148 28
1739810259064 167.158396970536 29
1739810259080 167.0922393145432 30
1739810259097 167.0261079917023 31
1739810259114 166.96000070857454 32
1739810259130 166.89392202169392 33
1739810259146 166.82786963645714 34
1739810259161 166.76184354237023 35
1739810259181 166.6958437289434 36
1739810259195 166.6298679055469 37
1739810259205 166.5639206231576 38
1739810259219 166.49799958998324 39
1739810259231 166.43210479555063 40
1739810259247 166.36623395163468 41
1739810259264 166.30039160445202 42
1739810259281 166.2345754646163 43
1739810259297 166.16878552167114 44
1739810259316 166.10302176516433 45
1739810259331 166.03728190967155 46
1739810259347 165.9715704958686 47
1739810259348 165.90588523717184 48
1739810259363 165.84022612314567 49
1739810259380 165.77459314335877 50
1739810259398 165.70898401518318 51
1739810259413 165.6434032737628 52
1739810259430 165.57784863531197 53
1739810259446 165.5123200894161 54
1739810259464 165.4468153558413 55
1739810259478 165.38133896499164 56
1739810259494 165.31588863547714 57
1739810259509 165.25046435689973 58
1739810259512 165.18506611886556 59
1739810259530 165.1196916439288 60
1739810259548 165.05434545697798 61
1739810259563 164.9890252794129 62
1739810259579 164.9237311008563 63
1739810259595 164.85846064625 64
1739810259595 164.79321843575553 65
1739810259613 164.72800219316187 66
1739810259630 164.66281190810824 67
1739810259654 164.59764757023802 68
1739810259668 164.53250690727305 69
1739810259681 164.46739443387537 70
1739810259697 164.40230787661548 71
1739810259712 164.3372472251534 72
1739810259713 164.27221246915326 73
1739810259731 164.2072013391121 74
1739810259756 164.14221834420147 75
1739810259774 164.07726121376902 76
1739810259792 164.01232993749542 77
1739810259810 163.9474222482552 78
1739810259822 163.88254265051305 79
1739810259847 163.81768887599551 80
1739810259864 163.75286091439972 81
1739810259879 163.6880587554268 82
1739810259901 163.6232801347186 83
1739810259916 163.55852955126528 84
1739810259931 163.4938047395624 85
1739810259947 163.42910568932766 86
1739810259963 163.3644301385737 87
1739810259978 163.29978258159676 88
1739810259994 163.23516075526473 89
1739810260010 163.17056464931176 90
1739810260025 163.10599425347596 91
1739810260025 163.04144730852914 92
1739810260041 162.97692830330902 93
1739810260058 162.9124349774445 94
1739810260082 162.84796732069003 95
1739810260097 162.78352532280437 96
1739810260097 162.71910672731372 97
1739810260113 162.65471601760643 98
1739810260130 162.5903509360677 99
1739810260146 162.52601147247245 100
1739810260163 162.46169537270782 101
1739810260180 162.39740711548808 102
1739810260197 162.3331444455607 103
1739810260199 162.26890735271687 104
1739810260213 162.20469582675204 105
1739810260231 162.14050761629986 106
1739810260247 162.07634719464104 107
1739810260263 162.01221230927123 108
1739810260279 161.94810295000207 109
1739810260295 161.88401686782146 110
1739810260297 161.81995853134902 111
1739810260315 161.75592569043604 112
1739810260330 161.69191833491058 113
1739810260346 161.62793645460457 114
1739810260364 161.56397780324423 115
1739810260379 161.50004684403171 116
1739810260379 161.43614132955847 117
1739810260401 161.3722612496728 118
1739810260416 161.30840436044855 119
1739810260432 161.24457512043972 120
1739810260450 161.18077128458677 121
1739810260465 161.1169928427543 122
1739810260465 161.05323978481078 123
1739810260481 160.98950986956044 124
1739810260497 160.92580755015564 125
1739810260514 160.86213058426898 126
1739810260529 160.79847896178512 127
1739810260545 160.73485044384972 128
1739810260561 160.67124947897946 129
1739810260577 160.60767382718967 130
1739810260593 160.5441234783813 131
1739810260593 160.48059842245917 132
1739810260609 160.41709642329099 133
1739810260625 160.35362192400805 134
1739810260641 160.29017268734958 135
1739810260657 160.22674870323658 136
1739810260673 160.16334773787162 137
1739810260689 160.0999742297631 138
1739810260700 160.03662594398654 139
1739810260715 159.97330287047907 140
1739810260731 159.91000499918187 141
1739810260746 159.8467300990115 142
1739810260746 159.78348260310682 143
1739810260762 159.72026027925915 144
1739810260778 159.65706311742576 145
1739810260794 159.5938888888517 146
1739810260810 159.5307420220656 147
1739810260826 159.46762028718865 148
1739810260842 159.40452367419414 149
1739810260857 159.34145217305925 150
1739810260857 159.27840355773526 151
1739810260880 159.2153822513969 152
1739810260895 159.15238602687324 153
1739810260914 159.08941487415754 154
1739810260915 159.02646656952294 155
1739810260931 158.96354553154688 156
1739810260947 158.9006495353818 157
1739810260969 158.83777857103686 158
1739810260979 158.77493262852533 159
1739810260995 158.71210948681843 160
1739810261011 158.6493135591556 161
1739810261026 158.58654262338905 162
1739810261026 158.52379666954792 163
1739810261043 158.46107347891908 164
1739810261059 158.39837746015718 165
1739810261075 158.3357063934314 166
1739810261090 158.27306026878688 167
1739810261107 158.21043907627262 168
1739810261122 158.14784059986542 169
1739810261122 158.08526924289797 170
1739810261138 158.0227227882311 171
1739810261154 157.9602012259298 172
1739810261170 157.89770234228016 173
1739810261186 157.83523053604247 174
1739810261202 157.77278359238835 175
1739810261218 157.71036150139864 176
1739810261234 157.64796425315805 177
1739810261234 157.58558963663467 178
1739810261263 157.52324204528253 179
1739810261279 157.46091926695698 180
1739810261280 157.3986212917586 181
1739810261296 157.33634591095827 182
1739810261314 157.27409751345047 183
1739810261330 157.21187388939475 184
1739810261346 157.14967502890752 185
1739810261364 157.0875009221091 186
1739810261378 157.02534936294447 187
1739810261393 156.9632247350175 188
1739810261398 156.90112483116343 189
1739810261414 156.8390496415185 190
1739810261429 156.77699696232403 191
1739810261446 156.7149711726369 192
1739810261464 156.65297006759025 193
1739810261477 156.59099363733603 194
1739810261493 156.5290396804091 195
1739810261509 156.46711257132506 196
1739810261525 156.405210107512 197
1739810261541 156.3433322791376 198
1739810261541 156.28147907637336 199
1739810261557 156.21964830041682 200
1739810261573 156.1578443205155 201
1739810261589 156.09606493676196 202
1739810261605 156.03431013934338 203
1739810261616 155.97257773174445 204
1739810261630 155.910872078684 205
1739810261646 155.84919098254315 206
1739810261663 155.78753443352474 207
1739810261680 155.72590242183557 208
1739810261680 155.66429275361497 209
1739810261697 155.6027097883296 210
1739810261716 155.54115133101683 211
1739810261730 155.47961737189905 212
1739810261745 155.41810571939655 213
1739810261760 155.35662072845957 214
1739810261776 155.2951602064078 215
1739810261793 155.23372414347926 216
1739810261809 155.17231035037236 217
1739810261809 155.11092317752647 218
1739810261829 155.04956043454092 219
1739810261851 154.98822211166922 220
1739810261866 154.92690819916905 221
1739810261880 154.86561651038167 222
1739810261896 154.80435139051727 223
1739810261896 154.74311065181965 224
1739810261916 154.681894284562 225
1739810261930 154.62070010435744 226
1739810261946 154.5595324519178 227
1739810261962 154.4983891417601 228
1739810261978 154.43727016417304 229
1739810261993 154.37617550944913 230
1739810262010 154.31510299583667 231
1739810262025 154.2540569588336 232
1739810262031 154.19303521559382 233
1739810262047 154.13203775642546 234
1739810262063 154.0710624018423 235
1739810262079 154.01011348285627 236
1739810262096 153.94918881888833 237
1739810262097 153.88828840026193 238
1739810262115 153.82741004975344 239
1739810262131 153.76655809389473 240
1739810262147 153.70573035437067 241
1739810262164 153.6449268215201 242
1739810262193 153.58414748568597 243
1739810262197 153.5233901722685 244
1739810262214 153.46265920260794 245
1739810262231 153.4019524010147 246
1739810262247 153.34126975784707 247
1739810262264 153.28060910076158 248
1739810262281 153.21997474663073 249
1739810262297 153.15936452202268 250
1739810262313 153.09877841731097 251
1739810262329 153.03821426240572 252
1739810262361 152.97767636971722 253
1739810262377 152.91716256806845 254
1739810262398 152.85667284784842 255
1739810262414 152.79620719944992 256
1739810262430 152.73576345539553 257
1739810262446 152.6753459229265 258
1739810262464 152.61495243348003 259
1739810262480 152.55458297746418 260
1739810262495 152.49423538964876 261
1739810262511 152.43391397282522 262
1739810262527 152.37361656067927 263
1739810262543 152.31334314363443 264
1739810262559 152.25309155870485 265
1739810262574 152.1928661042376 266
1739810262590 152.13266461616433 267
1739810262624 152.07248708492378 268
1739810262641 152.01233350095848 269
1739810262654 151.9522017038839 270
1739810262680 151.89209598690036 271
1739810262698 151.83201418854227 272
1739810262714 151.77195629926754 273
1739810262731 151.71192016092962 274
1739810262747 151.65191006229693 275
1739810262764 151.59192384414342 276
1739810262780 151.53196149694224 277
1739810262796 151.47202086478225 278
1739810262812 151.41210623200539 279
1739810262837 151.35221544162235 280
1739810262844 151.2923484841215 281
1739810262860 151.2325053499949 282
1739810262876 151.17268388592137 283
1739810262906 151.1128883711185 284
1739810262931 151.05311665118842 285
1739810262947 150.99336871663843 286
1739810262965 150.9336424163765 287
1739810262981 150.87394202520602 288
1739810262998 150.81426539095975 289
1739810263018 150.7546125041601 290
1739810263031 150.69498121594137 291
1739810263054 150.63537579669824 292
1739810263064 150.5757940964913 293
1739810263081 150.51623610585807 294
1739810263112 150.45670181534 295
1739810263128 150.39718907864986 296
1739810263153 150.33770216108033 297
1739810263176 150.27823891527208 298
1739810263192 150.2187993317816 299
1739810263208 150.15938126654194 300
1739810263224 150.09998898044927 301
1739810263240 150.04062032836583 302
1739810263240 149.98127530086322 303
1739810263263 149.92195175609177 304
1739810263282 149.86265395055685 305
1739810263298 149.80337974133934 306
1739810263314 149.74412911902596 307
1739810263314 149.6849020742071 308
1739810263345 149.62569646760042 309
1739810263361 149.5665165506313 310
1739810263361 149.50736018294967 311
1739810263376 149.44822735516107 312
1739810263398 149.3891159301943 313
1739810263414 149.33003015509604 314
1739810263431 149.27096789172882 315
1739810263446 149.21192913071312 316
1739810263462 149.15291173718617 317
1739810263462 149.09391995382148 318
1739810263482 149.03495164469138 319
1739810263498 148.97600680043115 320
1739810263514 148.91708328838382 321
1739810263531 148.85818534685507 322
1739810263548 148.79931084212424 323
1739810263562 148.7404597648417 324
1739810263573 148.6816321056615 325
1739810263581 148.62282573447928 326
1739810263598 148.56404488454967 327
1739810263615 148.5052874247064 328
1739810263631 148.44655334561853 329
1739810263648 148.38784051938114 330
1739810263665 148.3291531748932 331
1739810263681 148.27048918318934 332
1739810263696 148.2118485349535 333
1739810263698 148.15322910447748 334
1739810263715 148.0946351163102 335
1739810263731 148.03606444368424 336
1739810263748 147.97751707729847 337
1739810263765 147.9189908936387 338
1739810263781 147.86049011290905 339
1739810263797 147.8020126105376 340
1739810263797 147.74355837723792 341
1739810263818 147.68512740372728 342
1739810263835 147.62671756902978 343
1739810263856 147.56833308832728 344
1739810263871 147.50997183958754 345
1739810263885 147.45163381354266 346
1739810263899 147.39331689140454 347
1739810263915 147.33502528402244 348
1739810263929 147.27675687155332 349
1739810263943 147.21851164474415 350
1739810263958 147.16028748699176 351
1739810263973 147.10208860481842 352
1739810263990 147.04391288056743 353
1739810264004 146.98576030500058 354
1739810264020 146.92762876369696 355
1739810264035 146.86952245885718 356
1739810264050 146.81143927500827 357
1739810264066 146.75337920292665 358
1739810264080 146.69534223339252 359
1739810264097 146.63732625450865 360
1739810264109 146.57933546348204 361
1739810264121 146.52136774736488 362
1739810264139 146.4634230969521 363
1739810264145 146.4054994025227 364
1739810264167 146.347600856974 365
1739810264179 146.28972534953581 366
1739810264197 146.23187287101766 367
1739810264213 146.17404131387212 368
1739810264226 146.11623486669217 369
1739810264239 146.05845142088256 370
1739810264255 146.00069096726742 371
1739810264266 145.94295140047004 372
1739810264282 145.8852369047847 373
1739810264295 145.82754537378807 374
1739810264302 145.76987679831907 375
1739810264322 145.71222907516892 376
1739810264331 145.65460638433848 377
1739810264353 145.5970066215737 378
1739810264364 145.53942977772826 379
1739810264379 145.48187584365937 380
1739810264395 145.4243427186638 381
1739810264407 145.3668345777843 382
1739810264416 145.30934931927413 383
1739810264430 145.25188693400517 384
1739810264446 145.19444532343627 385
1739810264462 145.13702865832855 386
1739810264480 145.0796348390987 387
1739810264496 145.0222638566331 388
1739810264501 144.9649136145498 389
1739810264522 144.90758827933382 390
1739810264530 144.85028575356247 391
1739810264551 144.79300602813672 392
1739810264564 144.73574700883088 393
1739810264579 144.67851285785963 394
1739810264585 144.62130147995785 395
1739810264606 144.5641128660411 396
1739810264615 144.50694492403753 397
1739810264636 144.4498018118964 398
1739810264648 144.39268143650773 399
1739810264665 144.33558378880159 400
1739810264681 144.27850677885718 401
1739810264693 144.2214545603638 402
1739810264701 144.16442504236397 403
1739810264723 144.10741821580208 404
1739810264737 144.0504340716262 405
1739810264748 143.99347052240012 406
1739810264764 143.93653171689678 407
1739810264781 143.8796155666447 408
1739810264796 143.82272206260652 409
1739810264808 143.7658491194909 410
1739810264825 143.7090008818228 411
1739810264838 143.6521752632771 412
1739810264855 143.59537225483083 413
1739810264864 143.538589773335 414
1739810264882 143.48183195907185 415
1739810264898 143.42509672786 416
1739810264903 143.36838407069072 417
1739810264921 143.3116919065547 418
1739810264932 143.25502437149692 419
1739810264951 143.19837938347683 420
1739810264963 143.14175693350018 421
1739810264979 143.08515494269437 422
1739810264987 143.02857754287257 423
1739810265006 142.97202265413236 424
1739810265022 142.9154902674939 425
1739810265033 142.85897830621875 426
1739810265043 142.80249089789342 427
1739810265061 142.74602596475106 428
1739810265068 142.6895834978261 429
1739810265082 142.63316348815658 430
1739810265098 142.5767638614675 431
1739810265115 142.52038874047068 432
1739810265132 142.4640360498642 433
1739810265147 142.40770578070047 434
1739810265153 142.3513958608326 435
1739810265173 142.2951104087577 436
1739810265181 142.23884735130338 437
1739810265198 142.1826066795362 438
1739810265216 142.12638632343493 439
1739810265231 142.0701903972871 440
1739810265236 142.0140168300471 441
1739810265258 141.95786561279587 442
1739810265271 141.90173467763486 443
1739810265280 141.84562813464748 444
1739810265296 141.78954391491234 445
1739810265315 141.7334820095245 446
1739810265331 141.67744035270553 447
1739810265339 141.62142305034007 448
1739810265353 141.56542803562812 449
1739810265375 141.5094552996789 450
1739810265389 141.45350277883148 451
1739810265400 141.39757457477697 452
1739810265415 141.34166862283402 453
1739810265432 141.28578491412622 454
1739810265448 141.2299213871071 455
1739810265460 141.17408213927976 456
1739810265477 141.11826510807887 457
1739810265488 141.06247028464213 458
1739810265506 141.00669560953514 459
1739810265518 140.95094517607814 460
1739810265531 140.89521692381908 461
1739810265546 140.83951084390986 462
1739810265552 140.78382692750588 463
1739810265571 140.72816311760857 464
1739810265581 140.6725235027179 465
1739810265601 140.61690602481926 466
1739810265615 140.56131067508224 467
1739810265627 140.50573539861426 468
1739810265643 140.45018427974424 469
1739810265654 140.39465526256498 470
1739810265665 140.33914833826006 471
1739810265682 140.28366145404044 472
1739810265698 140.22819869006906 473
1739810265710 140.17275799254347 474
1739810265727 140.11733935266133 475
1739810265742 140.0619407197344 476
1739810265750 140.00656616976494 477
1739810265769 139.95121365105263 478
1739810265783 139.89588315480918 479
1739810265798 139.84057263244432 480
1739810265814 139.78528615580512 481
1739810265827 139.73002167529057 482
1739810265832 139.67477918212643 483
1739810265854 139.6195566298178 484
1739810265865 139.56435808606176 485
1739810265882 139.50918150335394 486
1739810265899 139.4540268729342 487
1739810265915 139.39889215040034 488
1739810265917 139.34378139930465 489
1739810265942 139.28869257423682 490
1739810265947 139.23362566645062 491
1739810265963 139.178578633634 492
1739810265979 139.1235555351997 493
1739810265998 139.0685543278288 494
1739810266011 139.01357500278908 495
1739810266023 138.9586155198558 496
1739810266033 138.90367993430755 497
1739810266054 138.84876620491406 498
1739810266068 138.79387432295704 499
