1739808727781 169.4281063198635 0
1739808727799 169.36045744497798 1
1739808727813 169.29283696435294 2
1739808727822 169.22524486579726 3
1739808727842 169.15768113712505 4
1739808727856 169.09014576615579 5
1739808727870 169.02263874071426 6
1739808727878 168.9551600486304 7
1739808727896 168.8877096777397 8
1739808727910 168.82028761588265 9
1739808727916 168.75289385090514 10
1739808727935 168.68552837065843 11
1739808727951 168.61819116299893 12
1739808727962 168.5508822157883 13
1739808727969 168.48360151689369 14
1739808727990 168.41634905418726 15
1739808728003 168.34912481554665 16
1739808728021 168.2819287888546 17
1739808728045 168.21476096199925 18
1739808728060 168.14762132287385 19
1739808728074 168.08050985937714 20
1739808728095 168.01342655941286 21
1739808728101 167.9463714108902 22
1739808728120 167.87934440172347 23
1739808728134 167.81234551983235 24
1739808728149 167.7453747531417 25
1739808728164 167.67843208958163 26
1739808728170 167.6115175170875 27
1739808728191 167.5446310235999 28
1739808728195 167.47777259706467 29
1739808728214 167.41094222543293 30
1739808728229 167.34413989666098 31
1739808728241 167.2773655987104 32
1739808728248 167.21061931954785 33
1739808728267 167.14390104714548 34
1739808728277 167.07721076948042 35
1739808728293 167.0105484745352 36
1739808728293 166.94391415029745 37
1739808728320 166.8773077847601 38
1739808728336 166.81072936592128 39
1739808728350 166.74417888178425 40
1739808728364 166.67765632035767 41
1739808728376 166.61116166965513 42
1739808728389 166.54469491769572 43
1739808728400 166.47825605250358 44
1739808728414 166.41184506210803 45
1739808728426 166.34546193454372 46
1739808728439 166.27910665785032 47
1739808728453 166.2127792200729 48
1739808728466 166.1464796092615 49
1739808728479 166.08020781347156 50
1739808728492 166.01396382076362 51
1739808728505 165.9477476192033 52
1739808728519 165.8815591968617 53
1739808728534 165.81539854181477 54
1739808728547 165.7492656421438 55
1739808728562 165.6831604859353 56
1739808728575 165.61708306128085 57
1739808728588 165.55103335627726 58
1739808728601 165.48501135902654 59
1739808728614 165.41901705763578 60
1739808728626 165.35305044021737 61
1739808728638 165.2871114948887 62
1739808728651 165.2212002097725 63
1739808728664 165.15531657299644 64
1739808728676 165.08946057269358 65
1739808728689 165.023632197002 66
1739808728703 164.95783143406496 67
1739808728716 164.89205827203094 68
1739808728730 164.82631269905337 69
1739808728742 164.76059470329108 70
1739808728755 164.69490427290788 71
1739808728768 164.62924139607276 72
1739808728781 164.56360606095993 73
1739808728795 164.49799825574857 74
1739808728808 164.43241796862313 75
1739808728817 164.36686518777316 76
1739808728834 164.30133990139333 77
1739808728848 164.23584209768342 78
1739808728861 164.17037176484843 79
1739808728873 164.10492889109835 80
1739808728887 164.03951346464834 81
1739808728899 163.9741254737188 82
1739808728915 163.908764906535 83
1739808728928 163.8434317513276 84
1739808728941 163.77812599633222 85
1739808728955 163.7128476297895 86
1739808728968 163.64759663994545 87
1739808728982 163.5823730150509 88
1739808728996 163.51717674336203 89
1739808729009 163.45200781314 90
1739808729021 163.386866212651 91
1739808729037 163.32175193016647 92
1739808729050 163.25666495396285 93
1739808729065 163.19160527232174 94
1739808729077 163.12657287352977 95
1739808729090 163.06156774587862 96
1739808729103 162.99658987766523 97
1739808729116 162.9316392571914 98
1739808729128 162.86671587276413 99
1739808729141 162.80181971269553 100
1739808729155 162.73695076530277 101
1739808729168 162.67210901890795 102
1739808729181 162.6072944618385 103
1739808729194 162.54250708242677 104
1739808729207 162.4777468690101 105
1739808729220 162.41301380993107 106
1739808729228 162.34830789353722 107
1739808729246 162.28362910818117 108
1739808729259 162.2189774422206 109
1739808729272 162.1543528840183 110
1739808729284 162.08975542194202 111
1739808729297 162.0251850443646 112
1739808729309 161.96064173966394 113
1739808729311 161.89612549622308 114
1739808729337 161.83163630242996 115
1739808729350 161.76717414667758 116
1739808729362 161.702739017364 117
1739808729365 161.63833090289242 118
1739808729389 161.57394979167103 119
1739808729406 161.50959567211294 120
1739808729420 161.44526853263636 121
1739808729436 161.38096836166466 122
1739808729452 161.31669514762604 123
1739808729465 161.25244887895386 124
1739808729479 161.1882295440864 125
1739808729496 161.12403713146713 126
1739808729512 161.05987162954432 127
1739808729512 160.99573302677138 128
1739808729529 160.9316213116068 129
1739808729546 160.86753647251393 130
1739808729570 160.80347849796127 131
1739808729587 160.7394473764222 132
1739808729597 160.6754430963752 133
1739808729613 160.61146564630383 134
1739808729638 160.54751501469642 135
1739808729654 160.4835911900464 136
1739808729669 160.41969416085243 137
1739808729684 160.35582391561778 138
1739808729697 160.29198044285093 139
1739808729710 160.22816373106537 140
1739808729725 160.16437376877957 141
1739808729739 160.10061054451683 142
1739808729754 160.0368740468056 143
1739808729770 159.97316426417927 144
1739808729800 159.90948118517628 145
1739808729830 159.84582479833983 146
1739808729843 159.78219509221836 147
1739808729857 159.71859205536512 148
1739808729870 159.65501567633834 149
1739808729882 159.59146594370137 150
1739808729899 159.52794284602226 151
1739808729913 159.46444637187426 152
1739808729925 159.4009765098355 153
1739808729934 159.33753324848908 154
1739808729954 159.27411657642307 155
1739808729968 159.21072648223037 156
1739808729982 159.14736295450913 157
1739808729997 159.08402598186206 158
1739808730005 159.02071555289717 159
1739808730018 158.95743165622724 160
1739808730036 158.89417428047 161
1739808730051 158.8309434142482 162
1739808730065 158.76773904618943 163
1739808730080 158.70456116492628 164
1739808730091 158.64140975909635 165
1739808730104 158.57828481734197 166
1739808730115 158.51518632831062 167
1739808730131 158.45211428065463 168
1739808730148 158.38906866303117 169
1739808730148 158.3260494641025 170
1739808730174 158.26305667253567 171
1739808730189 158.20009027700272 172
1739808730201 158.13715026618058 173
1739808730213 158.07423662875112 174
1739808730227 158.0113493534011 175
1739808730229 157.94848842882223 176
1739808730252 157.88565384371108 177
1739808730261 157.82284558676918 178
1739808730277 157.76006364670295 179
1739808730277 157.69730801222374 180
1739808730305 157.63457867204772 181
1739808730317 157.57187561489602 182
1739808730331 157.5091988294947 183
1739808730344 157.4465483045747 184
1739808730359 157.38392402887172 185
1739808730372 157.32132599112654 186
1739808730386 157.25875418008476 187
1739808730405 157.19620858449693 188
1739808730416 157.1336891931183 189
1739808730428 157.07119599470914 190
1739808730444 157.00872897803472 191
1739808730444 156.94628813186486 192
1739808730469 156.8838734449746 193
1739808730476 156.82148490614364 194
1739808730492 156.75912250415658 195
1739808730507 156.69678622780305 196
1739808730521 156.63447606587735 197
1739808730531 156.5721920071787 198
1739808730547 156.50993404051124 199
1739808730547 156.44770215468395 200
1739808730572 156.38549633851068 201
1739808730579 156.3233165808101 202
1739808730599 156.26116287040568 203
1739808730613 156.19903519612598 204
1739808730625 156.1369335468041 205
1739808730630 156.07485791127826 206
1739808730652 156.0128082783913 207
1739808730662 155.95078463699107 208
1739808730676 155.88878697593026 209
1739808730678 155.82681528406624 210
1739808730703 155.76486955026135 211
1739808730710 155.70294976338283 212
1739808730729 155.64105591230256 213
1739808730732 155.57918798589742 214
1739808730755 155.5173459730491 215
1739808730764 155.45552986264394 216
1739808730780 155.3937396435734 217
1739808730780 155.33197530473348 218
1739808730807 155.27023683502526 219
1739808730811 155.2085242233544 220
1739808730835 155.14683745863155 221
1739808730835 155.08517652977216 222
1739808730862 155.02354142569627 223
1739808730879 154.96193213532914 224
1739808730894 154.90034864760042 225
1739808730908 154.83879095144485 226
1739808730921 154.77725903580196 227
1739808730934 154.71575288961583 228
1739808730953 154.65427250183566 229
1739808730968 154.5928178614152 230
1739808730982 154.5313889573132 231
1739808730996 154.46998577849303 232
1739808731007 154.40860831392294 233
1739808731019 154.34725655257597 234
1739808731036 154.28593048342998 235
1739808731049 154.2246300954675 236
1739808731063 154.16335537767597 237
1739808731063 154.10210631904758 238
1739808731090 154.04088290857922 239
1739808731096 153.97968513527266 240
1739808731112 153.9185129881344 241
1739808731128 153.8573664561757 242
1739808731144 153.79624552841264 243
1739808731144 153.73515019386605 244
1739808731170 153.67408044156144 245
1739808731176 153.61303626052927 246
1739808731196 153.55201763980457 247
1739808731211 153.49102456842724 248
1739808731224 153.43005703544196 249
1739808731238 153.36911502989807 250
1739808731252 153.30819854084973 251
1739808731266 153.2473075573559 252
1739808731279 153.18644206848015 253
1739808731286 153.12560206329087 254
1739808731303 153.06478753086137 255
1739808731319 153.00399846026934 256
1739808731333 152.94323484059754 257
1739808731348 152.88249666093327 258
1739808731362 152.82178391036877 259
1739808731376 152.76109657800077 260
1739808731389 152.70043465293085 261
1739808731395 152.63979812426544 262
1739808731411 152.57918698111547 263
1739808731427 152.51860121259676 264
1739808731443 152.4580408078299 265
1739808731457 152.39750575593996 266
1739808731472 152.33699604605698 267
1739808731486 152.27651166731562 268
1739808731498 152.21605260885525 269
1739808731513 152.15561885981995 270
1739808731526 152.09521040935863 271
1739808731536 152.03482724662467 272
1739808731553 151.97446936077642 273
1739808731569 151.9141367409768 274
1739808731583 151.85382937639343 275
1739808731598 151.7935472561987 276
1739808731612 151.73329036956963 277
1739808731619 151.673058705688 278
1739808731636 151.61285225374021 279
1739808731652 151.5526710029175 280
1739808731666 151.4925149424156 281
1739808731680 151.4323840614351 282
1739808731692 151.3722783491812 283
1739808731706 151.31219779486383 284
1739808731722 151.25214238769755 285
1739808731735 151.1921121169017 286
1739808731749 151.13210697170013 287
1739808731765 151.0721269413215 288
1739808731780 151.0121720149992 289
1739808731784 150.95224218197114 290
1739808731807 150.89233743148 291
1739808731817 150.83245775277308 292
1739808731833 150.7726031351024 293
1739808731849 150.7127735677246 294
1739808731863 150.6529690399011 295
1739808731867 150.59318954089775 296
1739808731891 150.53343505998532 297
1739808731906 150.47370558643902 298
1739808731919 150.41400110953884 299
1739808731929 150.35432161856946 300
1739808731946 150.29466710282006 301
1739808731958 150.23503755158467 302
1739808731972 150.17543295416175 303
1739808731985 150.11585329985456 304
1739808731996 150.056298577971 305
1739808732011 149.9967687778235 306
1739808732025 149.93726388872926 307
1739808732032 149.87778390001003 308
1739808732050 149.8183288009922 309
1739808732059 149.75889858100692 310
1739808732075 149.69949322938976 311
1739808732091 149.64011273548104 312
1739808732103 149.58075708862575 313
1739808732107 149.52142627817346 314
1739808732129 149.4621202934783 315
1739808732139 149.40283912389916 316
1739808732155 149.34358275879944 317
1739808732166 149.28435118754714 318
1739808732176 149.225144399515 319
1739808732187 149.1659623840802 320
1739808732209 149.10680513062474 321
1739808732223 149.04767262853505 322
1739808732237 148.98856486720229 323
1739808732250 148.9294818360221 324
1739808732264 148.87042352439482 325
1739808732276 148.81138992172544 326
1739808732288 148.7523810174234 327
1739808732301 148.69339680090286 328
1739808732314 148.63443726158246 329
1739808732328 148.57550238888564 330
1739808732341 148.51659217224014 331
1739808732355 148.4577066010785 332
1739808732368 148.3988456648379 333
1739808732380 148.34000935295987 334
1739808732395 148.2811976548907 335
1739808732402 148.22241056008122 336
1739808732423 148.1636480579868 337
1739808732436 148.10491013806745 338
1739808732450 148.04619678978773 339
1739808732463 147.98750800261678 340
1739808732475 147.92884376602828 341
1739808732489 147.87020406950052 342
1739808732501 147.81158890251635 343
1739808732515 147.75299825456312 344
1739808732529 147.69443211513286 345
1739808732529 147.63589047372207 346
1739808732555 147.57737331983188 347
1739808732560 147.51888064296787 348
1739808732576 147.46041243264028 349
1739808732592 147.40196867836391 350
1739808732611 147.343549369658 351
1739808732623 147.28515449604646 352
1739808732637 147.22678404705763 353
1739808732650 147.16843801222453 354
1739808732665 147.11011638108468 355
1739808732681 147.05181914318 356
1739808732696 146.99354628805713 357
1739808732703 146.93529780526723 358
1739808732726 146.87707368436594 359
1739808732737 146.81887391491338 360
1739808732753 146.76069848647435 361
1739808732768 146.702547388618 362
1739808732782 146.6444206109182 363
1739808732798 146.58631814295322 364
1739808732813 146.52823997430582 365
1739808732824 146.47018609456345 366
1739808732836 146.41215649331787 367
1739808732854 146.35415116016554 368
1739808732867 146.29617008470737 369
1739808732880 146.23821325654868 370
1739808732892 146.1802806652995 371
1739808732896 146.12237230057423 372
1739808732919 146.0644881519918 373
1739808732928 146.0066282091757 374
1739808732944 145.9487924617538 375
1739808732960 145.89098089935862 376
1739808732972 145.83319351162717 377
1739808732986 145.7754302882008 378
1739808732998 145.7176912187255 379
1739808733013 145.65997629285172 380
1739808733027 145.60228550023442 381
1739808733041 145.54461883053298 382
1739808733055 145.48697627341141 383
1739808733067 145.42935781853802 384
1739808733081 145.37176345558572 385
1739808733095 145.31419317423192 386
1739808733107 145.2566469641584 387
1739808733112 145.1991248150515 388
1739808733140 145.14162671660213 389
1739808733143 145.08415265850547 390
1739808733169 145.02670263046133 391
1739808733182 144.9692766221739 392
1739808733194 144.91187462335188 393
1739808733206 144.85449662370843 394
1739808733222 144.79714261296118 395
1739808733223 144.73981258083225 396
1739808733247 144.68250651704813 397
1739808733255 144.62522441133984 398
1739808733271 144.5679662534429 399
1739808733287 144.51073203309724 400
1739808733292 144.45352174004714 401
1739808733310 144.39633536404142 402
1739808733325 144.33917289483355 403
1739808733334 144.28203432218103 404
1739808733350 144.22491963584613 405
1739808733350 144.16782882559548 406
1739808733377 144.11076188120003 407
1739808733382 144.05371879243543 408
1739808733401 143.99669954908148 409
1739808733414 143.93970414092263 410
1739808733429 143.8827325577476 411
1739808733429 143.8257847893497 412
1739808733455 143.76886082552653 413
1739808733461 143.71196065608024 414
1739808733480 143.65508427081733 415
1739808733493 143.5982316595487 416
1739808733506 143.54140281208979 417
1739808733516 143.4845977182603 418
1739808733532 143.42781636788445 419
1739808733540 143.3710587507909 420
1739808733560 143.31432485681268 421
1739808733568 143.2576146757872 422
1739808733588 143.20092819755632 423
1739808733599 143.14426541196633 424
1739808733616 143.08762630886787 425
1739808733631 143.03101087811606 426
1739808733642 142.97441910957033 427
1739808733651 142.91785099309462 428
1739808733670 142.86130651855717 429
1739808733684 142.80478567583066 430
1739808733696 142.74828845479215 431
1739808733696 142.69181484532314 432
1739808733720 142.63536483730948 433
1739808733728 142.57893842064138 434
1739808733744 142.52253558521352 435
1739808733760 142.46615632092488 436
1739808733776 142.40980061767888 437
1739808733791 142.35346846538332 438
1739808733803 142.29715985395038 439
1739808733807 142.24087477329653 440
1739808733830 142.18461321334274 441
1739808733839 142.12837516401433 442
1739808733857 142.0721606152409 443
1739808733871 142.01596955695655 444
1739808733884 141.95980197909967 445
1739808733887 141.903657871613 446
1739808733911 141.84753722444373 447
1739808733919 141.7914400275433 448
1739808733935 141.73536627086756 449
1739808733951 141.6793159443768 450
1739808733962 141.62328903803555 451
1739808733967 141.56728554181277 452
1739808733989 141.5113054456817 453
1739808733999 141.45534873962 454
1739808734014 141.39941541360966 455
1739808734014 141.343505457637 456
1739808734040 141.2876188616927 457
1739808734046 141.2317556157718 458
1739808734065 141.17591570987364 459
1739808734079 141.1200991340019 460
1739808734092 141.0643058781647 461
1739808734094 141.00853593237434 462
1739808734124 140.95278928664757 463
1739808734126 140.89706593100544 464
1739808734151 140.84136585547327 465
1739808734158 140.78568905008083 466
1739808734174 140.73003550486212 467
1739808734191 140.6744052098555 468
1739808734204 140.61879815510366 469
1739808734206 140.56321433065355 470
1739808734229 140.50765372655655 471
1739808734238 140.45211633286823 472
1739808734254 140.3966021396486 473
1739808734270 140.3411111369619 474
1739808734277 140.28564331487667 475
1739808734286 140.23019866346584 476
1739808734308 140.1747771728066 477
1739808734317 140.11937883298043 478
1739808734334 140.0640036340732 479
1739808734349 140.00865156617488 480
1739808734361 139.95332261937997 481
1739808734365 139.89801678378714 482
1739808734388 139.84273404949943 483
1739808734397 139.78747440662409 484
1739808734413 139.73223784527272 485
1739808734413 139.67702435556123 486
1739808734440 139.6218339276097 487
1739808734445 139.5666665515427 488
1739808734465 139.5115222174889 489
1739808734483 139.45640091558133 490
1739808734493 139.4013026359573 491
1739808734509 139.3462273687584 492
1739808734525 139.2911751041305 493
1739808734541 139.23614583222368 494
1739808734552 139.18113954319242 495
1739808734556 139.1261562271954 496
1739808734578 139.07119587439553 497
1739808734588 139.01625847496 498
1739808734603 138.96134401906045 499
