1739809498849 2.844243285092016 0
1739809498920 2.0403352001931863 1
1739809498974 1.3547605895038952 2
1739809499038 1.0792167313367607 3
1739809499118 1.3028587787739698 4
1739809499181 1.1944879281221723 5
1739809499245 1.856527135206689 6
1739809499309 1.723213226810961 7
1739809499373 1.4044847034495387 8
1739809499452 1.7221900072222465 9
1739809499515 3.668122954089358 10
1739809499579 1.1752878726795843 11
1739809499643 0.40772935675265176 12
1739809499708 0.8875846415833706 13
1739809499786 0.8268386548020769 14
1739809499849 0.6992140766396533 15
1739809499913 2.2483318933148317 16
1739809499989 0.9850813554319617 17
1739809500058 1.9474022066242076 18
1739809500120 1.6414727117070413 19
1739809500183 0.004039044300380912 20
1739809500248 0.9597364603145047 21
1739809500327 1.5959841022072514 22
1739809500391 1.5272641485658136 23
1739809500454 1.4069936257150402 24
1739809500517 1.249898056676113 25
1739809500581 1.4505037380806238 26
1739809500644 3.6064318491445824 27
1739809500724 0.7576805450343286 28
1739809500788 2.1025138976429343 29
1739809500851 1.9320115067424353 30
1739809500924 0.4655248669292305 31
1739809500980 1.8664642092213741 32
1739809501059 3.355541192222192 33
1739809501122 0.9015640515852896 34
1739809501186 2.0173488212885173 35
1739809501255 0.5747856224780086 36
1739809501314 1.9190286579028861 37
1739809501393 0.19498805794360058 38
1739809501456 2.5557383000038336 39
1739809501520 0.6854779598614136 40
1739809501583 1.6684788212992838 41
1739809501647 2.1238434117069755 42
1739809501727 0.8255335735842769 43
1739809501791 0.9445960170629457 44
1739809501854 1.2115278017051445 45
1739809501918 0.0924054877893131 46
1739809501987 1.3864518968725772 47
1739809502045 0.8972787479473465 48
1739809502124 0.9076257124316005 49
1739809502188 2.408475165967331 50
1739809502252 0.3672730500291391 51
1739809502316 1.4424339702916895 52
1739809502380 2.099218134311891 53
1739809502459 1.5235590647092487 54
1739809502523 1.1910385461054498 55
1739809502587 0.6680753617738643 56
1739809502650 0.8794075726018007 57
1739809502713 1.3579015542013682 58
1739809502792 0.1986188237523564 59
1739809502856 1.34765097760819 60
1739809502920 1.1081037854000817 61
1739809502985 1.9171773288000407 62
1739809503049 0.2778253453961445 63
1739809503112 2.4673315037703802 64
1739809503192 1.8940941992597826 65
1739809503255 0.9395171323466618 66
1739809503318 1.7036736167939655 67
1739809503382 0.9966220443637053 68
1739809503462 0.4810171388431585 69
1739809503525 0.23315181397838475 70
1739809503589 0.8075228976044871 71
1739809503653 1.8759522430700954 72
1739809503732 1.2690417141032382 73
1739809503796 0.7625981565150127 74
1739809503859 1.162741377851441 75
1739809503923 1.358530088164684 76
1739809503987 1.5760216573125996 77
1739809504066 1.2482655371622828 78
1739809504130 2.464500323616186 79
1739809504194 0.7704638349196845 80
1739809504258 0.5501809218592576 81
1739809504321 1.7497553541544895 82
1739809504385 1.9280698003914267 83
1739809504465 1.49225735176186 84
1739809504528 1.4620579992943008 85
1739809504592 1.4101102359483784 86
1739809504656 1.664239275923271 87
1739809504724 1.093167994319562 88
1739809504783 1.8754512141805353 89
1739809504862 2.411329408189536 90
1739809504928 1.1559744171247495 91
1739809504991 0.9120787549315572 92
1739809505055 2.081924906524134 93
1739809505119 2.354814252550279 94
1739809505199 1.1835462292838204 95
1739809505271 1.4224103680776923 96
1739809505326 1.3596648406384535 97
1739809505404 2.5924272699858415 98
1739809505495 3.745859018628561 99
1739809505562 3.132592587696659 100
1739809505625 3.3753177173906734 101
1739809505705 1.1469668796696932 102
1739809505769 1.5112249959850155 103
1739809505832 2.778075675797294 104
1739809505896 2.289910598335186 105
1739809505976 0.27161211747633934 106
1739809506039 2.1491724806206145 107
1739809506103 1.177879958811148 108
1739809506167 0.9587242108023738 109
1739809506230 1.15111158680031 110
1739809506311 1.5871743294171625 111
1739809506373 0.6108074444555315 112
1739809506436 2.047388736547987 113
1739809506499 2.211036305609793 114
1739809506579 1.1502928359427793 115
1739809506642 0.9966899308200207 116
1739809506705 1.1736215506490875 117
1739809506769 0.8480495373934331 118
1739809506832 1.5761015324016456 119
1739809506896 1.939081842956534 120
1739809506975 0.5111671575993353 121
1739809507039 1.1972961362561756 122
1739809507102 1.4996074663261154 123
1739809507166 0.6525886064328702 124
1739809507230 0.3072910161210086 125
1739809507309 1.1161160572363629 126
1739809507373 0.8591412249115685 127
1739809507443 1.6431477043372182 128
1739809507499 0.6725821062463285 129
1739809507563 3.5287966394219583 130
1739809507642 2.0761255336017923 131
1739809507705 1.165028740120402 132
1739809507770 1.0227694332127097 133
1739809507833 0.7901493574511875 134
1739809507913 0.007225017945745467 135
1739809507978 1.523696192477617 136
1739809508041 0.7673592927771264 137
1739809508105 2.257391693852316 138
1739809508168 1.8284975278101632 139
1739809508232 2.124155830729651 140
1739809508312 2.0610435916802237 141
1739809508377 2.8518440159093488 142
1739809508440 1.6162777970791726 143
1739809508503 1.2950527717861064 144
1739809508566 1.977696809342467 145
1739809508630 1.278943344337421 146
1739809508710 2.154206466006807 147
1739809508773 2.1250124000316424 148
1739809508837 0.10216017887016651 149
1739809508901 1.0175094024313327 150
1739809508964 0.7399842507825413 151
1739809509043 1.5365358291984041 152
1739809509107 1.9275460327706753 153
1739809509169 0.9587460628705616 154
1739809509233 2.315701435935203 155
1739809509298 2.0143948951778747 156
1739809509378 1.7067612733501811 157
1739809509442 2.9200942754157984 158
1739809509506 1.796178064640123 159
1739809509569 1.512656354792016 160
1739809509647 1.8807550770709336 161
1739809509713 1.3873161283528685 162
1739809509777 3.13324534600061 163
1739809509847 1.3013512351939993 164
1739809509902 0.9612344812026883 165
1739809509966 2.1184429074162368 166
1739809510045 1.28521476765856 167
1739809510109 0.3981239306407757 168
1739809510179 1.4867769460380538 169
1739809510237 0.5759620939190284 170
1739809510300 1.8125579498115434 171
1739809510364 2.3516350807196886 172
1739809510443 2.4272293320489777 173
1739809510507 1.854702938141288 174
1739809510571 2.834424459508459 175
1739809510635 1.7194449273651176 176
1739809510698 1.1294308151907326 177
1739809510777 1.0188660889315928 178
1739809510841 0.59276083354638 179
1739809510904 3.4036752745362477 180
1739809510967 0.7287514380631015 181
1739809511031 0.8043334775419303 182
1739809511111 2.330649107362311 183
1739809511175 1.3046607069450546 184
1739809511239 0.90648413814341 185
1739809511303 3.6794613649087213 186
1739809511366 1.8950430374637544 187
1739809511431 1.3698161027638656 188
1739809511511 1.916088537172044 189
1739809511575 1.0286661073832006 190
1739809511639 3.8702786024690994 191
1739809511703 1.9987168142756075 192
1739809511766 0.6877995535604159 193
1739809511845 3.1558502542759816 194
1739809511909 0.5616065291558422 195
1739809511973 1.188277450574993 196
1739809512045 1.4964793226994886 197
1739809512100 0.2642603985657372 198
1739809512179 2.444487468352037 199
1739809512242 2.037692754516394 200
1739809512305 1.752702761628643 201
1739809512369 0.9039265445412611 202
1739809512432 1.487165683607726 203
1739809512512 1.0888375027208501 204
1739809512575 1.4636676792955432 205
1739809512638 3.592053311997563 206
1739809512701 2.438246099796567 207
1739809512765 0.48800871224393205 208
1739809512845 1.5368450435321523 209
1739809512909 2.593113286053219 210
1739809512973 2.9839797564696293 211
1739809513037 0.9479632536046099 212
1739809513100 1.3595309386723644 213
1739809513164 1.6220753971184978 214
1739809513243 0.631319459404226 215
1739809513306 0.5162125362955704 216
1739809513370 3.1000884332561354 217
1739809513436 0.9993950176889759 218
1739809513513 1.8122987866066647 219
1739809513577 1.6408400281611641 220
1739809513640 3.373546862656047 221
1739809513704 1.2318027077001272 222
1739809513767 1.7298706756383961 223
1739809513831 1.3013525508369561 224
1739809513910 2.0804611587227257 225
1739809513973 0.5720318524537329 226
1739809514036 1.2401806909278728 227
1739809514100 4.059150981347885 228
1739809514180 2.1512701500114044 229
1739809514243 1.491747435062221 230
1739809514307 3.489658562764344 231
1739809514370 0.25732134482635055 232
1739809514452 0.7349003086685757 233
1739809514514 2.1952756202115125 234
1739809514579 0.22809762050933707 235
1739809514643 0.6670846861264791 236
1739809514707 2.040628888132698 237
1739809514771 1.7773899676872729 238
1739809514850 1.8540519359284444 239
1739809514915 1.7238593311657677 240
1739809514978 2.073424283442374 241
1739809515042 1.365384359405506 242
1739809515105 2.566323509300225 243
1739809515185 0.6470084043589049 244
1739809515249 2.8363460039668618 245
1739809515313 1.614575817890125 246
1739809515378 0.42595414677942 247
1739809515441 2.1500672054625958 248
1739809515521 2.166845694589938 249
1739809515584 1.2336971042883853 250
1739809515649 0.8533621915345345 251
1739809515714 0.28441611895244623 252
1739809515779 0.9514708210378252 253
1739809515842 2.749061472817995 254
1739809515922 1.0380959202556843 255
1739809515986 0.36526582831686244 256
1739809516050 1.6410781300177153 257
1739809516114 1.0729875119124719 258
1739809516178 1.3874036765359437 259
1739809516258 0.28965305438215666 260
1739809516321 0.890080724387526 261
1739809516385 1.0017657415373324 262
1739809516447 1.1076701881606377 263
1739809516510 1.5318664420115033 264
1739809516590 1.1821852362841907 265
1739809516653 2.410016005123606 266
1739809516717 0.33666246118502213 267
1739809516781 0.7753970950288565 268
1739809516845 0.5372303513249225 269
1739809516924 1.7219759142185946 270
1739809516993 1.1661338951878821 271
1739809517051 1.9589277031452104 272
1739809517114 0.7767942881936892 273
1739809517178 1.7749332902696595 274
1739809517257 0.37709468929453255 275
1739809517320 1.4397755549862707 276
1739809517383 0.03871396847900943 277
1739809517447 1.7235398354572458 278
1739809517512 1.6293569529330052 279
1739809517590 2.068529429151954 280
1739809517653 2.749426391357691 281
1739809517717 1.1370989526694506 282
1739809517780 1.6303388898244096 283
1739809517850 2.2209973798171503 284
1739809517923 1.6105580463919908 285
1739809517986 1.2360834299487844 286
1739809518050 2.664882445423611 287
1739809518113 1.9342761758882696 288
1739809518177 0.885627867010296 289
1739809518257 0.09080441404653311 290
1739809518320 1.0267985652013008 291
1739809518391 1.6847573239691007 292
1739809518448 0.425026513832646 293
1739809518511 1.3656925275770366 294
1739809518595 0.8976845070414665 295
1739809518654 1.649316357927736 296
1739809518717 2.2889082336676636 297
1739809518781 2.382368072142121 298
1739809518844 1.6992234995782132 299
1739809518924 1.6824870030870662 300
1739809518987 1.053697317745419 301
1739809519051 1.682917734500351 302
1739809519114 2.909585240463637 303
1739809519178 0.2751816616425509 304
1739809519257 1.3911366274125605 305
1739809519321 2.061825141671628 306
1739809519385 1.491408423946499 307
1739809519449 1.1953480200381936 308
1739809519512 3.0934962219280018 309
1739809519591 0.06160107287708792 310
1739809519655 1.1121629740080128 311
1739809519719 1.4247353897014048 312
1739809519782 1.5490833183599664 313
1739809519846 2.0958283762252536 314
1739809519926 2.777789276161867 315
1739809519989 0.5938291894077263 316
1739809520052 0.8367117713267344 317
1739809520116 1.7125858718204414 318
1739809520180 1.3400081288109624 319
1739809520259 0.37209006494085844 320
1739809520324 3.773811057189664 321
1739809520387 1.952405541411993 322
1739809520451 1.6712421155739052 323
1739809520515 1.3482617828759023 324
1739809520592 2.055295280717053 325
1739809520658 2.697355245704249 326
1739809520722 0.6901225930123189 327
1739809520790 0.4788565477521482 328
1739809520848 0.9063123584737321 329
1739809520913 0.8344145362770915 330
1739809520976 1.5383967749942933 331
1739809521041 2.36121863333454 332
1739809521121 0.008976600886312745 333
1739809521185 2.5625762299897477 334
1739809521248 0.8822537075951052 335
1739809521311 1.639024499281248 336
1739809521391 1.2401679364139504 337
1739809521455 2.0810646545193956 338
1739809521519 0.5784425607185637 339
1739809521584 1.5162995252109932 340
1739809521646 0.6575859465126952 341
1739809521727 1.59656642834908 342
1739809521788 1.0859382822321382 343
1739809521852 1.255937591181453 344
1739809521917 1.6637111093413655 345
1739809521980 2.3255057356134805 346
1739809522044 1.7044686789295949 347
1739809522124 0.6101991448330125 348
1739809522187 2.20545183191725 349
1739809522251 2.756928025056745 350
1739809522314 1.279702450737839 351
1739809522378 0.9884491044023139 352
1739809522457 2.1550007764651755 353
1739809522520 0.670564664659919 354
1739809522585 2.1334033287255663 355
1739809522649 1.3340778785192056 356
1739809522713 0.8006209338749841 357
1739809522792 1.578680180398427 358
1739809522861 1.0974511144284143 359
1739809522919 2.3370000290294226 360
1739809522981 0.37129759297621057 361
1739809523061 1.0184769991262788 362
1739809523125 2.2357916274581324 363
1739809523188 1.2443359691369373 364
1739809523251 4.079569691441931 365
1739809523315 1.3175069544288445 366
1739809523395 2.810441442733481 367
1739809523459 0.7164578932067165 368
1739809523522 0.8455007756843157 369
1739809523586 2.658779186300291 370
1739809523650 2.087717281691902 371
1739809523730 0.45152065301161737 372
1739809523798 2.7478235035303484 373
1739809523857 1.438790485088963 374
1739809523920 1.1625694287883612 375
1739809523984 1.9997733771893933 376
1739809524064 1.6927982156245331 377
1739809524129 0.3502374023705254 378
1739809524191 2.2340045233060803 379
1739809524254 0.5715827823783081 380
1739809524318 0.866429208851771 381
1739809524398 2.559538007057502 382
1739809524462 0.14875556477014382 383
1739809524526 2.1824647855665615 384
1739809524589 1.1480727244518047 385
1739809524653 0.6987960806613772 386
1739809524733 0.5009559261467609 387
1739809524797 2.185668334602937 388
1739809524860 1.6982085734719516 389
1739809524928 1.6010386814755762 390
1739809525005 1.8255969886740315 391
1739809525066 2.5360973425372313 392
1739809525142 4.01675108223451 393
1739809525194 1.2700202459294037 394
1739809525273 2.1887810573257886 395
1739809525336 0.5702763374097746 396
1739809525399 2.532411949175682 397
1739809525480 1.6753068169604652 398
1739809525542 1.3163020506413903 399
1739809525621 1.5520199103028 400
1739809525686 0.5926735062888453 401
1739809525747 2.310776094581108 402
1739809525811 1.3565307615921582 403
1739809525891 1.2687257726890973 404
1739809525954 1.0397787814873345 405
1739809526018 1.0306661855148147 406
1739809526081 1.2550941505258908 407
1739809526161 2.089458140078166 408
1739809526224 1.6800732203437423 409
1739809526288 0.907551631887528 410
1739809526352 1.064027274052721 411
1739809526435 3.608448625948723 412
1739809526527 0.9624740734138204 413
1739809526609 2.0643050952244946 414
1739809526715 1.9247104803662423 415
1739809526816 0.5598491252665888 416
1739809526930 1.1777922443830158 417
1739809527037 1.4388328524878016 418
1739809527185 1.6246037544191343 419
1739809527289 2.820195422005268 420
1739809527432 1.8309914301544052 421
1739809527545 1.4309195254200526 422
1739809527674 1.851403394374092 423
1739809527801 1.9106588310283081 424
1739809527925 0.6479590653916568 425
1739809528029 1.3651286127714348 426
1739809528116 1.7055122480230598 427
1739809528185 0.5979952157627654 428
1739809528248 1.3468799599045989 429
1739809528340 1.6166959639811895 430
1739809528411 1.762210687440215 431
1739809528485 3.0417847790507357 432
1739809528572 1.4850859816999336 433
1739809528645 1.5416271259757124 434
1739809528708 2.0690976828320906 435
1739809528785 1.968535723988949 436
1739809528848 0.8548748602462447 437
1739809528928 2.261080669120683 438
1739809528991 0.7567806418561834 439
1739809529054 0.24863135883010912 440
1739809529146 2.589607070777121 441
1739809529216 1.4612963316679253 442
1739809529276 2.0654895062663035 443
1739809529361 0.5611916592274473 444
1739809529433 1.2340838238243854 445
1739809529496 1.6700400003801164 446
1739809529581 0.5818901023782731 447
1739809529646 1.7120291506694636 448
1739809529720 0.835575484831323 449
1739809529796 1.4408371448693331 450
1739809529875 0.9042237717502293 451
1739809529954 0.7419327225338762 452
1739809530042 1.187340221322588 453
1739809530112 1.6224481987058341 454
1739809530177 0.5735271437023938 455
1739809530244 0.32365592734139065 456
1739809530318 0.8593235327320159 457
1739809530397 0.8643861103645751 458
1739809530476 0.30723586347861764 459
1739809530555 1.6022406648389775 460
1739809530622 2.854157841576685 461
1739809530689 0.8212848338737411 462
1739809530760 1.1106356267784416 463
1739809530842 2.194423849293126 464
1739809530920 1.06693639196128 465
1739809530999 1.1753591445197635 466
1739809531076 1.4765117803069205 467
1739809531141 1.1388980903925663 468
1739809531219 0.9940152129933971 469
1739809531298 2.799058173513491 470
1739809531362 2.6223186380343844 471
1739809531440 1.6265545237181676 472
1739809531508 2.351798618948695 473
1739809531580 1.616866547650572 474
1739809531647 2.0920597007068724 475
1739809531715 1.3186961212921613 476
1739809531789 0.6013322809228262 477
1739809531865 0.6481126401114258 478
1739809531935 2.6959813936787764 479
1739809532007 0.31272551951214467 480
1739809532071 0.674992173742339 481
1739809532145 1.37371404606379 482
1739809532212 2.148605058775296 483
1739809532280 1.010716777659543 484
1739809532357 0.6816911643413388 485
1739809532418 0.31417268722360037 486
1739809532493 1.5993880422450022 487
1739809532576 1.489383944341027 488
1739809532655 1.3953781073258187 489
1739809532718 1.0181799568579868 490
1739809532798 1.8744935033000947 491
1739809532899 1.7562324471746003 492
1739809532956 2.0463439184978616 493
1739809533035 0.7482708155903226 494
1739809533108 0.9758833627310649 495
1739809533175 0.21927696573878772 496
1739809533240 0.2858413005559539 497
1739809533303 2.144132991252422 498
1739809533384 1.7454958454494636 499
