1739810285652 169.089027582395 0
1739810285672 162.40892741464336 1
1739810285688 161.93329905464174 2
1739810285705 161.30141468781946 3
1739810285720 160.67525064244157 4
1739810285737 160.05105048617293 5
1739810285754 159.42971942025895 6
1739810285771 158.81038678129462 7
1739810285802 158.19390032217282 8
1739810285818 157.57939627354023 9
1739810285833 156.9677165684845 10
1739810285849 156.35821843770862 11
1739810285881 155.750892544888 12
1739810285894 155.1463527711711 13
1739810285918 154.54396852964706 14
1739810285937 153.94394333222525 15
1739810285954 153.34626147434525 16
1739810285970 152.75070175593487 17
1739810285988 152.1578773541345 18
1739810286003 151.56716503275132 19
1739810286021 150.97876598513488 20
1739810286052 150.39245473309654 21
1739810286068 149.80883844068242 22
1739810286100 149.22730022958626 23
1739810286116 148.6480393156064 24
1739810286132 148.0708325465488 25
1739810286148 147.49628099222554 26
1739810286164 146.92377405726197 27
1739810286171 146.35350900327046 28
1739810286191 145.785264975039 29
1739810286203 145.2196370227253 30
1739810286221 144.6560207563654 31
1739810286235 144.09461150660093 32
1739810286237 143.5351906864879 33
1739810286260 142.97834740038357 34
1739810286271 142.42348338699202 35
1739810286294 141.87079206898377 36
1739810286306 141.32005709926446 37
1739810286322 140.7718617095269 38
1739810286337 140.2256136911709 39
1739810286347 139.6815045816814 40
1739810286353 139.1393202456889 41
1739810286369 138.59963811464485 42
1739810286392 138.06187195743655 43
1739810286402 137.52621144893624 44
1739810286416 136.99244463766496 45
1739810286436 136.46114322655004 46
1739810286437 135.93172688751406 47
1739810286461 135.404383455179 48
1739810286470 134.87890313440948 49
1739810286486 134.35585197062628 50
1739810286506 133.83465546508438 51
1739810286518 133.31549963430876 52
1739810286535 132.79817681224577 53
1739810286549 132.28324745713303 54
1739810286565 131.77014282659752 55
1739810286577 131.25904714101333 56
1739810286581 130.7497548364284 57
1739810286597 130.24282085353317 58
1739810286618 129.73768213410153 59
1739810286633 129.2345211240971 60
1739810286647 128.7331343349685 61
1739810286661 128.23407125881343 62
1739810286671 127.73677445005593 63
1739810286689 127.24123629027525 64
1739810286703 126.74799572194414 65
1739810286720 126.25650015807517 66
1739810286733 125.7669288055472 67
1739810286749 125.27908194123873 68
1739810286765 124.79349911872336 69
1739810286777 124.30963309691141 70
1739810286792 123.82766137091262 71
1739810286809 123.34738621997789 72
1739810286827 122.86934193800508 73
1739810286844 122.39298670095448 74
1739810286865 121.91831324247354 75
1739810286899 121.44584559743843 76
1739810286914 120.97504665158954 77
1739810286938 120.50609076403548 78
1739810286955 120.03878385356738 79
1739810286969 119.57365060173913 80
1739810286985 119.1101590514123 81
1739810287001 118.64848190796383 82
1739810287019 118.1884270216404 83
1739810287036 117.73051399820952 84
1739810287046 117.27421610734002 85
1739810287068 116.81952641667486 86
1739810287081 116.36695455579913 87
1739810287096 115.91597835942223 88
1739810287111 115.46676749736935 89
1739810287126 115.01913333707533 90
1739810287142 114.57358618945331 91
1739810287156 114.12960886274404 92
1739810287170 113.68719463259653 93
1739810287186 113.24684401127843 94
1739810287201 112.80804428128985 95
1739810287212 112.37096214292218 96
1739810287230 111.93541240406738 97
1739810287246 111.50189628015443 98
1739810287260 111.06990591205663 99
1739810287273 110.63943477655155 100
1739810287289 110.21097446492473 101
1739810287302 109.78402150311442 102
1739810287316 109.35873968394678 103
1739810287332 108.9349471804757 104
1739810287346 108.51313630861686 105
1739810287360 108.09280833954578 106
1739810287372 107.67395694446863 107
1739810287390 107.25706498667351 108
1739810287405 106.84163803476713 109
1739810287421 106.42783703516089 110
1739810287433 106.01548345212828 111
1739810287447 105.6050608946968 112
1739810287461 105.19607956556392 113
1739810287476 104.78853332383771 114
1739810287491 104.38289649449406 115
1739810287505 103.97868349156359 116
1739810287521 103.57588825717173 117
1739810287536 103.17498119030549 118
1739810287549 102.77548075287315 119
1739810287564 102.37754382477037 120
1739810287578 101.98099655864984 121
1739810287592 101.58631012912878 122
1739810287603 101.193007475288 123
1739810287620 100.8010827207691 124
1739810287638 100.4109979942977 125
1739810287653 100.0222803247411 126
1739810287669 99.6349239149926 127
1739810287682 99.24938708128445 128
1739810287697 98.8652007825178 129
1739810287708 98.48251795300735 130
1739810287726 98.10116928803104 131
1739810287740 97.721613908684 132
1739810287749 97.34338709804177 133
1739810287771 96.96648323169894 134
1739810287783 96.59135261721353 135
1739810287799 96.21753450892747 136
1739810287815 95.84502335806046 137
1739810287827 95.47426577040898 138
1739810287841 95.1048048154481 139
1739810287847 94.73678960001283 140
1739810287867 94.37005521997614 141
1739810287883 94.00504911452933 142
1739810287897 93.64131852815423 143
1739810287911 93.27885807627925 144
1739810287921 92.91810661123647 145
1739810287941 92.55861523321065 146
1739810287957 92.20037862976268 147
1739810287969 91.84383205949217 148
1739810287983 91.48853032569104 149
1739810287995 91.13446818954674 150
1739810288012 90.78207734859387 151
1739810288023 90.43091627536492 152
1739810288041 90.08097980362922 153
1739810288055 89.73269610233656 154
1739810288069 89.38562727964654 155
1739810288084 89.03991641192829 156
1739810288100 88.69540550622843 157
1739810288113 88.35252360968354 158
1739810288113 88.01068981756205 159
1739810288140 87.67047700327626 160
1739810288145 87.33144971037012 161
1739810288169 86.99374884958883 162
1739810288186 86.6572190265204 163
1739810288197 86.32228234161404 164
1739810288205 85.98851193278765 165
1739810288223 85.65590292238734 166
1739810288241 85.32486930981915 167
1739810288255 84.99498784129598 168
1739810288271 84.66625370399247 169
1739810288287 84.33907753528658 170
1739810288302 84.01303954464399 171
1739810288314 83.68813498552537 172
1739810288328 83.36477116424062 173
1739810288342 83.04253172145427 174
1739810288358 82.72141197594985 175
1739810288371 82.40181593375117 176
1739810288386 82.08333063490795 177
1739810288402 81.76595146257435 178
1739810288415 81.45007915304306 179
1739810288428 81.13530411417537 180
1739810288444 80.82162179255423 181
1739810288457 80.50942968507104 182
1739810288472 80.19832153606325 183
1739810288488 79.88829285461107 184
1739810288503 79.57973792831095 185
1739810288515 79.27225380687717 186
1739810288531 78.96583606096644 187
1739810288547 78.66087579876398 188
1739810288561 78.35697334449686 189
1739810288575 78.05412432948725 190
1739810288591 77.7527167121725 191
1739810288603 77.45235406066129 192
1739810288619 77.15303206604061 193
1739810288632 76.85513556644392 194
1739810288646 76.55827134346188 195
1739810288659 76.2624351470556 196
1739810288667 75.96800872428079 197
1739810288683 75.6746020400406 198
1739810288703 75.38221090228927 199
1739810288714 75.09121399601474 200
1739810288724 74.80122443949118 201
1739810288741 74.51223809779505 202
1739810288754 74.22463062264136 203
1739810288771 73.93801825596071 204
1739810288782 73.65239691909046 205
1739810288797 73.36813925905415 206
1739810288807 73.08486461194934 207
1739810288825 72.8025689545225 208
1739810288840 72.52162195747509 209
1739810288851 72.24164602180583 210
1739810288867 71.96263717882788 211
1739810288880 71.68496215107956 212
1739810288890 71.40824637541662 213
1739810288907 71.1324859368861 214
1739810288915 70.85804463781278 215
1739810288935 70.58455092208597 216
1739810288949 70.31200092766288 217
1739810288963 70.04075556439658 218
1739810288977 69.77044625460532 219
1739810288990 69.50106918834199 220
1739810289002 69.23298241052335 221
1739810289019 68.96582029350935 222
1739810289031 68.69957907864315 223
1739810289044 68.43461397323551 224
1739810289055 68.17043936048212 225
1739810289074 67.90753494639866 226
1739810289086 67.64553665183183 227
1739810289102 67.38444091529509 228
1739810289118 67.12459751766107 229
1739810289128 66.865649298574 230
1739810289144 66.60759264888286 231
1739810289157 66.35077458862658 232
1739810289165 66.09484080250347 233
1739810289185 65.83978772971899 234
1739810289197 65.58595965392814 235
1739810289213 65.33300507754466 236
1739810289227 65.08092048736566 237
1739810289241 64.83004745704277 238
1739810289255 64.58003727953187 239
1739810289270 64.33088648846604 240
1739810289286 64.082933973677 241
1739810289298 63.83571655399377 242
1739810289312 63.589691931380685 243
1739810289326 63.344512847539605 244
1739810289341 63.10017602223562 245
1739810289354 62.8570151727221 246
1739810289371 62.614689639775435 247
1739810289386 62.373196094896116 248
1739810289398 62.13286564519099 249
1739810289412 61.8933603213711 250
1739810289421 61.65467683901746 251
1739810289438 61.417143718498586 252
1739810289454 61.180425654294964 253
1739810289470 60.94451940535053 254
1739810289485 60.70975093056468 255
1739810289496 60.47567481864838 256
1739810289509 60.24273133421912 257
1739810289524 60.01058654131201 258
1739810289537 59.77923737633377 259
1739810289555 59.5490048275702 260
1739810289569 59.31956130393173 261
1739810289581 59.09090369315517 262
1739810289588 58.86335049326039 263
1739810289608 58.63657667980538 264
1739810289621 58.41057918127345 265
1739810289638 58.18567402799672 266
1739810289649 57.96142944277878 267
1739810289663 57.73827230358075 268
1739810289671 57.515878894914835 269
1739810289688 57.29424631615704 270
1739810289708 57.07368578183111 271
1739810289721 56.85387972661742 272
1739810289733 56.63482520095336 273
1739810289744 56.4168310209846 274
1739810289765 56.199582093626525 275
1739810289777 55.983075507550204 276
1739810289793 55.767617702465266 277
1739810289807 55.552790070179626 278
1739810289824 55.33900655576864 279
1739810289839 55.125953316216254 280
1739810289854 54.91362760474447 281
1739810289869 54.70233119587987 282
1739810289882 54.49175620737449 283
1739810289904 54.28189984328829 284
1739810289916 54.073061569174165 285
1739810289930 53.86483234177583 286
1739810289945 53.65761670573018 287
1739810289960 53.45110798656136 288
1739810289972 53.24530354837225 289
1739810289989 53.04049829976322 290
1739810290005 52.83639139105885 291
1739810290020 52.63298013705799 292
1739810290033 52.43055720163024 293
1739810290044 52.22872286939019 294
1739810290061 52.027872516073884 295
1739810290075 51.82770645839237 296
1739810290087 51.62822216679261 297
1739810290103 51.42970785429079 298
1739810290119 51.23186952913265 299
1739810290129 51.03470461234087 300
1739810290145 50.83849913517728 301
1739810290160 50.64286247780903 302
1739810290173 50.44818107404313 303
1739810290187 50.25416205798067 304
1739810290200 50.06080300200864 305
1739810290211 49.868385590541045 306
1739810290228 49.676622518600375 307
1739810290242 49.485511309049926 308
1739810290257 49.29533152628184 309
1739810290272 49.10570141835678 310
1739810290287 48.916998699640395 311
1739810290301 48.72893715131747 312
1739810290314 48.541514443440015 313
1739810290328 48.355005895501925 314
1739810290339 48.16913072159978 315
1739810290358 47.983886542182546 316
1739810290371 47.799546617232956 317
1739810290387 47.61573783961922 318
1739810290403 47.4328294223497 319
1739810290415 47.25054162681226 320
1739810290420 47.06887221657453 321
1739810290437 46.888090306651065 322
1739810290460 46.707828456749006 323
1739810290472 46.528450299703245 324
1739810290489 46.34968034157938 325
1739810290504 46.171516408556386 326
1739810290519 45.994223535588254 327
1739810290530 45.817531457029766 328
1739810290543 45.641437949359016 329
1739810290558 45.46620608482837 330
1739810290575 45.29147671129997 331
1739810290589 45.11760530909434 332
1739810290605 44.94432259774632 333
1739810290618 44.77162649040894 334
1739810290631 44.59977607424512 335
1739810290644 44.42841764471194 336
1739810290660 44.257901316470615 337
1739810290670 44.08796188975307 338
1739810290687 43.918597336332795 339
1739810290704 43.75006282115668 340
1739810290716 43.582010003417274 341
1739810290727 43.414783714192225 342
1739810290745 43.24812277172662 343
1739810290759 43.08202520490801 344
1739810290771 42.91674231688 345
1739810290787 42.75201788043236 346
1739810290803 42.58784987468772 347
1739810290814 42.424487769673696 348
1739810290828 42.261591035743876 349
1739810290841 42.09949681836944 350
1739810290858 41.93794979252678 351
1739810290871 41.77694806549111 352
1739810290887 41.61673733620544 353
1739810290900 41.4569822293716 354
1739810290913 41.29801481191154 355
1739810290927 41.139583620189214 356
1739810290942 40.98168681486199 357
1739810290959 40.824566383934744 358
1739810290971 40.66789202629863 359
1739810290987 40.51199080882996 360
1739810291004 40.35661506936619 361
1739810291015 40.201763020536866 362
1739810291024 40.04767299719131 363
1739810291042 39.89401969329187 364
1739810291060 39.74112525319879 365
1739810291071 39.58874575706295 366
1739810291088 39.43687946810196 367
1739810291100 39.285761125075204 368
1739810291114 39.135070338893485 369
1739810291129 38.98512440796825 370
1739810291144 38.83568309634881 371
1739810291159 38.68674471648208 372
1739810291172 38.53854046739433 373
1739810291187 38.39075479980602 374
1739810291200 38.24370024179541 375
1739810291214 38.09714018363179 376
1739810291227 37.9510729856576 377
1739810291243 37.80572636282194 378
1739810291263 37.66078952948859 379
1739810291272 37.516570318077385 380
1739810291291 37.372835688127154 381
1739810291305 37.22958404656653 382
1739810291321 37.08703967923042 383
1739810291321 36.94489648892084 384
1739810291337 36.80345768614378 385
1739810291364 36.66249374347661 386
1739810291371 36.52200311314898 387
1739810291387 36.38220670615937 388
1739810291407 36.24280303949297 389
1739810291421 36.10409077456685 390
1739810291437 35.965843841477096 391
1739810291437 35.828060736492766 392
1739810291464 35.6909590493763 393
1739810291470 35.55424183798004 394
1739810291487 35.41820328654779 395
1739810291504 35.282546189900344 396
1739810291519 35.14756242430112 397
1739810291520 35.013031112262254 398
1739810291537 34.878950819627434 399
1739810291559 34.74553412266668 400
1739810291570 34.61249091262554 401
1739810291587 34.4801086263382 402
1739810291604 34.34816971219878 403
1739810291604 34.216672777068844 404
1739810291622 34.085827204651764 405
1739810291637 33.955347251239175 406
1739810291658 33.82551604907595 407
1739810291670 33.69611931782699 408
1739810291670 33.56715570421831 409
1739810291688 33.43883145072149 410
1739810291705 33.310865108494404 411
1739810291722 33.18353557406885 412
1739810291739 33.05656115200525 413
1739810291755 32.93021852398139 414
1739810291771 32.804298345322636 415
1739810291772 32.6787993266116 416
1739810291789 32.55392294507714 417
1739810291804 32.42939424606837 418
1739810291820 32.30548571171116 419
1739810291837 32.181991142496805 420
1739810291855 32.058909286033106 421
1739810291868 31.93643860165439 422
1739810291871 31.814308261134148 423
1739810291890 31.69278667631425 424
1739810291904 31.57167074057755 425
1739810291921 31.450959237475686 426
1739810291935 31.33084765760431 427
1739810291937 31.211069231995527 428
1739810291964 31.09188836815951 429
1739810291971 30.973038066339655 430
1739810291987 30.854780608418757 431
1739810292004 30.736917577545274 432
1739810292022 30.619447815758264 433
1739810292036 30.502562286286548 434
1739810292050 30.38600038950045 435
1739810292064 30.27002043758868 436
1739810292071 30.15436160657307 437
1739810292087 30.039280119505932 438
1739810292104 29.92458215022928 439
1739810292120 29.810266597079696 440
1739810292137 29.69651999321503 441
1739810292153 29.583087775621703 442
1739810292155 29.47022229163662 443
1739810292171 29.35773261651248 444
1739810292187 29.2456176803525 445
1739810292204 29.134061234245465 446
1739810292220 29.02281251971285 447
1739810292220 28.91212013011137 448
1739810292237 28.80173309328795 449
1739810292264 28.691897973522266 450
1739810292271 28.582428270025602 451
1739810292287 28.473322965705332 452
1739810292304 28.36476154171582 453
1739810292320 28.25649905769487 454
1739810292320 28.148778356932347 455
1739810292337 28.041354291559653 456
1739810292363 27.934467710593207 457
1739810292370 27.827936442763438 458
1739810292390 27.721759521738267 459
1739810292404 27.6161122515434 460
1739810292404 27.51075538340838 461
1739810292421 27.40592613500309 462
1739810292437 27.301445052689484 463
1739810292461 27.197311198035163 464
1739810292475 27.09369727096012 465
1739810292489 26.99036758452178 466
1739810292503 26.887555841083696 467
1739810292505 26.78502615641344 468
1739810292523 26.683010295829718 469
1739810292539 26.581332976398627 470
1739810292562 26.47999330719453 471
1739810292572 26.379159963612477 472
1739810292589 26.278602742193634 473
1739810292606 26.178549924362787 474
1739810292620 26.078771115277732 475
1739810292639 25.979492692506234 476
1739810292654 25.880543453810166 477
1739810292667 25.78192255386396 478
1739810292672 25.68379473204341 479
1739810292688 25.58593514777763 480
1739810292704 25.48856678023227 481
1739810292721 25.391464603265234 482
1739810292737 25.29484972479176 483
1739810292737 25.198499059618626 484
1739810292767 25.1026318018872 485
1739810292771 25.00708218211973 486
1739810292788 24.911849418042777 487
1739810292804 24.817092993151025 488
1739810292821 24.722595214564723 489
1739810292837 24.6285719883492 490
1739810292837 24.534805443519783 491
1739810292864 24.44150965699991 492
1739810292871 24.348522734693955 493
1739810292891 24.25584393575177 494
1739810292904 24.163629006914828 495
1739810292920 24.07166534687156 496
1739810292936 23.980163826583087 497
1739810292937 23.888911672233483 498
1739810292963 23.79811795694488 499
