1739810103810 1.2442055948212973 0
1739810103897 2.1297578735408096 1
1739810103969 0.8129343169678231 2
1739810104049 1.1582157201231296 3
1739810104128 0.0031186257242055947 4
1739810104207 1.2101992593064843 5
1739810104284 0.5389603157360064 6
1739810104352 2.4907325311504707 7
1739810104422 1.426297478170965 8
1739810104513 0.6914984177133681 9
1739810104590 1.1310771080281805 10
1739810104655 1.6438755131003737 11
1739810104735 1.3261696828659395 12
1739810104815 1.1942424498356046 13
1739810104879 2.1707389556156094 14
1739810104984 1.272985771053534 15
1739810105091 0.8305649373070362 16
1739810105188 1.1731800475827865 17
1739810105267 0.5018057497734291 18
1739810105363 0.6394373859981218 19
1739810105458 0.18767907023335556 20
1739810105557 1.2527765839929332 21
1739810105640 2.510377865586611 22
1739810105746 1.4226262105275682 23
1739810105844 1.6364255505782141 24
1739810105936 1.4368363647256759 25
