1739809313321 142.55675217056816 0
1739809313329 144.02791093882598 1
1739809313345 141.05106286062053 2
1739809313361 137.14876666462465 3
1739809313377 141.3918923698935 4
1739809313393 130.63523542860733 5
1739809313409 134.6564745640699 6
1739809313425 117.38616933732148 7
1739809313441 112.42629950271304 8
1739809313457 118.74435681455017 9
1739809313473 109.12397415499554 10
1739809313488 110.16592832342951 11
1739809313504 99.91557485793484 12
1739809313520 96.10070272848347 13
1739809313536 100.3035230525951 14
1739809313536 99.95750077842686 15
1739809313568 92.7559893623641 16
1739809313584 91.41197226923066 17
1739809313584 88.18511014871355 18
1739809313604 90.87295976155444 19
1739809313619 84.18933359591175 20
1739809313634 82.44603357013206 21
1739809313647 76.5745541842566 22
1739809313666 78.84472084130114 23
1739809313681 72.42678865510491 24
1739809313697 72.43193382794148 25
1739809313711 67.08828027209606 26
1739809313735 67.46340286932728 27
1739809313743 72.33895781878542 28
1739809313758 62.882565256109054 29
1739809313775 62.2016120991818 30
1739809313790 65.07868771787007 31
1739809313806 61.40647794868874 32
1739809313822 62.083274282812425 33
1739809313838 56.20946285325711 34
1739809313854 52.53828828319718 35
1739809313872 52.7548625633505 36
1739809313886 52.01515410231469 37
1739809313902 50.00531355442299 38
1739809313908 49.741149023187965 39
1739809313922 48.9114638088933 40
1739809313938 47.330035404612275 41
1739809313953 45.533818781583705 42
1739809313968 44.36621454773151 43
1739809313982 42.33300001159274 44
1739809314000 41.967928864456205 45
1739809314013 38.59765046489116 46
1739809314032 41.428724230815895 47
1739809314045 40.7650149887202 48
1739809314061 37.26790525561254 49
1739809314077 36.77201991700694 50
1739809314093 34.900314393639746 51
1739809314109 35.581205514402406 52
1739809314125 35.89318676144073 53
1739809314141 32.71482876860815 54
1739809314157 30.521501840265625 55
1739809314173 30.14801266947865 56
1739809314191 28.101963507152934 57
1739809314205 30.203198137472828 58
1739809314221 27.90552817767757 59
1739809314237 30.1560409699858 60
1739809314242 26.09000262446366 61
1739809314257 30.82970589363194 62
1739809314272 26.553928409264017 63
1739809314287 25.445304459770988 64
1739809314301 24.87000448462137 65
1739809314316 23.716483894724544 66
1739809314332 24.868286461906084 67
1739809314347 22.558306387665944 68
1739809314363 22.572438675031254 69
1739809314379 21.570597144057455 70
1739809314395 22.061609639513765 71
1739809314411 20.695841388920098 72
1739809314427 20.16785473555884 73
1739809314443 20.195078117262348 74
1739809314467 21.202938247218377 75
1739809314480 20.119116984450777 76
1739809314498 17.936311697400566 77
1739809314507 19.043017599823884 78
1739809314523 18.935585304394326 79
1739809314539 18.64752902899735 80
1739809314558 16.86188976587789 81
1739809314571 16.934313522469466 82
1739809314586 15.916906920063953 83
1739809314603 16.09762928475029 84
1739809314618 14.053042632273845 85
1739809314634 15.906228701027663 86
1739809314650 16.064046927679275 87
1739809314655 15.572686607338817 88
1739809314670 14.954131578653593 89
1739809314685 14.320091576022516 90
1739809314698 14.32055480474316 91
1739809314716 12.545466711784892 92
1739809314732 13.254471977052319 93
1739809314745 13.052584509067854 94
1739809314761 14.165538995556371 95
1739809314777 12.990783407915766 96
1739809314800 11.976999194317816 97
1739809314809 11.168839219898723 98
1739809314824 11.357638326963487 99
1739809314840 11.010868239633739 100
1739809314856 10.772139784197932 101
1739809314872 10.544202577879934 102
1739809314888 10.484810818128382 103
1739809314904 9.890882643782502 104
1739809314920 11.22518751900548 105
1739809314936 10.810569470188245 106
1739809314952 9.995804756511195 107
1739809314967 11.040701455552737 108
1739809314973 9.033835887004727 109
1739809314988 9.62156415471389 110
1739809315004 9.611131361910113 111
1739809315019 8.789609377732306 112
1739809315033 9.237558232379728 113
1739809315049 8.619250956221478 114
1739809315062 8.353446978980498 115
1739809315087 8.465093044074942 116
1739809315103 7.800976575967661 117
1739809315110 7.459194962307518 118
1739809315126 7.263015236627623 119
1739809315141 7.890705628033904 120
1739809315158 6.926607097526986 121
1739809315180 6.647184646644232 122
1739809315195 7.178488743319968 123
1739809315209 7.414408307894011 124
1739809315224 7.17094129091563 125
1739809315238 7.724136639639254 126
1739809315252 6.4044421914638585 127
1739809315257 6.314170449989704 128
1739809315272 6.429685043336632 129
1739809315284 6.359106479248033 130
1739809315300 6.11074971779015 131
1739809315316 6.109989209695358 132
1739809315333 5.875436143691419 133
1739809315348 6.264300854752416 134
1739809315364 5.634338194079823 135
1739809315380 5.878045800378927 136
1739809315396 5.770165507450425 137
1739809315411 5.081236440875044 138
1739809315427 5.179376405267369 139
1739809315443 5.07463239351402 140
1739809315463 5.935980220389371 141
1739809315475 5.185177528632122 142
1739809315493 5.397870552989782 143
1739809315507 5.378633586134292 144
1739809315523 4.873315887275831 145
1739809315539 4.748637280049012 146
1739809315544 4.6264689071165295 147
1739809315559 5.268326958323622 148
1739809315575 4.365563561697056 149
1739809315587 4.234852302105124 150
1739809315603 4.939682564988755 151
1739809315619 4.29206303313718 152
1739809315635 4.352996485308095 153
1739809315650 4.495216609885222 154
1739809315666 4.670260902652293 155
1739809315682 4.101352079367096 156
1739809315698 4.475186864096416 157
1739809315714 3.9903801974110693 158
1739809315733 4.698863410978168 159
1739809315746 4.458197619367994 160
1739809315763 3.902621342332823 161
1739809315778 4.386919926573366 162
1739809315783 4.148875547978198 163
1739809315794 4.395532241388842 164
1739809315813 3.553714482601094 165
1739809315828 3.567064942351435 166
1739809315844 3.614979867167367 167
1739809315857 3.181759584991929 168
1739809315875 3.3693354489514085 169
1739809315889 3.516721302296571 170
1739809315905 3.441809707246512 171
1739809315921 3.664763157050124 172
1739809315943 3.467580178869279 173
1739809315953 3.474994875519583 174
1739809315973 3.9796326735065195 175
1739809315988 3.154634394564998 176
1739809316001 3.3936493646318495 177
1739809316017 3.808563595019414 178
1739809316023 3.3431014419402882 179
1739809316037 3.2612710355624968 180
1739809316053 3.271798639759541 181
1739809316069 2.952013603445887 182
1739809316085 2.9374510423141156 183
1739809316099 3.1200695390935116 184
1739809316113 3.3028236701257705 185
1739809316129 3.060414274347557 186
1739809316153 2.8145929170750383 187
1739809316163 3.091286538403599 188
1739809316177 2.8988630211387103 189
1739809316192 3.221164196040014 190
1739809316208 3.0001866677464775 191
1739809316224 2.941295233352859 192
1739809316240 2.90341469967193 193
1739809316256 2.9606664460549625 194
1739809316272 2.9634980769193935 195
1739809316288 2.8575226399847304 196
1739809316304 2.835484830868018 197
1739809316320 2.6042671313142427 198
1739809316336 2.5744352919647406 199
1739809316351 2.6544843391034774 200
1739809316357 2.6125977044603066 201
1739809316371 3.056671357093157 202
1739809316387 2.6846796220837392 203
1739809316399 2.8787141597422736 204
1739809316415 2.581998869853466 205
1739809316433 2.597404214033809 206
1739809316449 2.5397028308320357 207
1739809316463 2.663048743379524 208
1739809316479 2.3014679233260993 209
1739809316504 2.4309028484876505 210
1739809316510 2.72539800608765 211
1739809316536 2.368315375858722 212
1739809316542 2.391001100068556 213
1739809316558 2.2799489181533814 214
1739809316574 2.4472409275064395 215
1739809316590 2.355717030745757 216
1739809316605 2.443540695921736 217
1739809316621 2.354293788139928 218
1739809316642 2.271757908817254 219
1739809316653 2.305428915711251 220
1739809316669 2.2727931820479466 221
1739809316690 2.4801885837950404 222
1739809316705 2.269350386773913 223
1739809316718 2.1449094444055423 224
1739809316732 2.265814022832368 225
1739809316748 2.2877535308906913 226
1739809316763 2.3649405041682705 227
1739809316778 2.0645198101804025 228
1739809316802 2.082087661171358 229
1739809316810 2.1060644895225096 230
1739809316826 2.3361942377644156 231
1739809316842 2.263506248329356 232
1739809316858 2.4417657835124102 233
1739809316873 2.1873387259253008 234
1739809316889 2.0350286617671083 235
1739809316907 2.2533060863559915 236
1739809316921 2.306462699404222 237
1739809316927 1.984129038652016 238
1739809316941 2.110834907294073 239
1739809316953 1.8249125010654796 240
1739809316971 1.964103571949692 241
1739809316984 2.1071820645541997 242
1739809317000 1.8436743754566476 243
1739809317016 1.9250658141087593 244
1739809317031 2.2274794697262332 245
1739809317047 2.171878857033077 246
1739809317063 1.886055747809221 247
1739809317085 2.054638102060554 248
1739809317095 1.9265729561069795 249
1739809317111 1.817357808207665 250
1739809317127 2.053317496106987 251
1739809317143 1.8856199234965425 252
1739809317159 1.7553168648074589 253
1739809317174 2.1324835109336555 254
1739809317180 1.7618737233765678 255
1739809317195 1.9320282521475753 256
1739809317218 2.069950071900755 257
1739809317224 1.7475210660730711 258
1739809317240 2.145117445954124 259
1739809317253 1.7653799927852647 260
1739809317278 1.8648730763485732 261
1739809317294 1.6628803406868686 262
1739809317301 1.770738557158826 263
1739809317317 2.128091453821721 264
1739809317333 2.1040808222500686 265
1739809317352 2.0672366002931226 266
1739809317367 1.6322802935321743 267
1739809317383 1.9414236275725514 268
1739809317399 1.7299842060458233 269
1739809317413 1.8118606147529985 270
1739809317427 2.0116420586861996 271
1739809317443 1.7120903688734683 272
1739809317459 1.6677210548788 273
1739809317474 2.04238165267692 274
1739809317480 1.7471139573123067 275
1739809317506 1.9063140703357124 276
1739809317511 1.9764310955481548 277
1739809317522 1.7784637106365027 278
1739809317540 1.8556240410505307 279
1739809317555 1.762795464976906 280
1739809317571 1.7729356051358345 281
1739809317585 1.890784845074997 282
1739809317601 1.6352634078864496 283
1739809317616 1.7091271269924255 284
1739809317632 1.8718413428446556 285
1739809317648 1.8393231153252787 286
1739809317663 1.5745037641830775 287
1739809317679 1.8100349631289196 288
1739809317695 2.018371673683685 289
1739809317711 1.4917582142190207 290
1739809317727 1.6021745523987339 291
1739809317742 1.7395937276817974 292
1739809317758 1.6627036847871661 293
1739809317774 1.7879677803893619 294
1739809317790 1.7074053577654908 295
1739809317806 1.805477214418372 296
1739809317812 1.8188159876942547 297
1739809317826 1.7060377902039547 298
1739809317838 1.865168607470244 299
1739809317854 1.8023434783321632 300
1739809317870 1.6917560143010417 301
1739809317885 1.7706025821893698 302
1739809317901 1.7314622337359875 303
1739809317919 1.7634721466630088 304
1739809317933 1.681099238983914 305
1739809317949 1.7154130389343174 306
1739809317971 1.5645175907362665 307
1739809317981 1.684502524998882 308
1739809317997 1.7012989170254598 309
1739809318012 1.5565966722871263 310
1739809318034 1.749312282270738 311
1739809318045 1.6005869700837139 312
1739809318060 1.5019334199803522 313
1739809318076 1.5938688535105403 314
1739809318092 1.680435938082273 315
1739809318108 1.5283378935395364 316
1739809318124 1.712861851774045 317
1739809318129 1.491890999043291 318
1739809318144 1.5706593187455846 319
1739809318159 1.7476143984920531 320
1739809318174 1.604805297829626 321
1739809318190 1.4754333405436042 322
1739809318204 1.7799376795073232 323
1739809318220 1.7710194830529549 324
1739809318236 2.030034401371975 325
1739809318251 1.8497379980276998 326
1739809318267 1.553323883313088 327
1739809318283 1.5495190607591833 328
1739809318299 1.750876416793506 329
1739809318315 1.6807039870050564 330
1739809318331 1.4636786975590443 331
1739809318346 1.6095763271737966 332
1739809318365 1.860549551504835 333
1739809318379 1.6828235577288735 334
1739809318395 1.453315164605333 335
1739809318411 1.5156990867393152 336
1739809318427 1.5808325539542154 337
1739809318443 1.4934216815824863 338
1739809318448 1.7172448459956373 339
1739809318462 1.5664350507718223 340
1739809318477 1.6161439370361808 341
1739809318491 1.678131664510983 342
1739809318507 1.799051276200491 343
1739809318523 1.5026581743289844 344
1739809318539 1.7967779573183713 345
1739809318555 1.3647840490145102 346
1739809318571 1.336494860784388 347
1739809318587 1.4394271709505715 348
1739809318603 1.6476425712580056 349
1739809318618 1.5318227589862454 350
1739809318636 1.8652908993643258 351
1739809318650 1.7472743603669167 352
1739809318668 1.4792930458956015 353
1739809318682 1.5264750007958292 354
1739809318688 1.6334595618782402 355
1739809318703 1.5603604972944347 356
1739809318717 1.569915445167375 357
1739809318736 1.6202302353115987 358
1739809318747 1.5872846552242965 359
1739809318761 1.5317609612201823 360
1739809318782 1.764225968832373 361
1739809318793 1.2990521212301147 362
1739809318809 1.8302695192254839 363
1739809318825 1.6162627522554522 364
1739809318840 1.5344075434030657 365
1739809318857 1.5624907356321838 366
1739809318872 1.6197797716257938 367
1739809318888 1.248114570627518 368
1739809318904 1.5691349631031528 369
1739809318920 1.6290570476424076 370
1739809318936 1.5370464743118637 371
1739809318951 1.6313173019202214 372
1739809318967 1.5655128982509945 373
1739809318972 1.5381827537228252 374
1739809318987 1.421615105636827 375
1739809319002 1.4938740433749655 376
1739809319017 1.5986659151347404 377
1739809319031 1.7044759285151938 378
1739809319047 1.624348552139584 379
1739809319069 1.6055132980845939 380
1739809319079 1.3449457166558292 381
1739809319095 1.4625216952813478 382
1739809319111 1.6135436716913578 383
1739809319127 1.3401429245961065 384
1739809319143 1.8800012000811188 385
1739809319159 1.5427826628517867 386
1739809319175 1.4798206579679938 387
1739809319191 1.606986456384453 388
1739809319207 1.4504361122468836 389
1739809319223 1.7333336631538208 390
1739809319238 1.5847643452564204 391
1739809319255 1.7688616806447512 392
1739809319270 1.6048170095791585 393
1739809319287 1.631403235445573 394
1739809319292 1.4592620804859424 395
1739809319306 1.6479333733535082 396
1739809319322 1.5492360408335881 397
1739809319337 1.5581058198468876 398
1739809319352 1.437634011232315 399
1739809319368 1.5373670366566503 400
1739809319383 1.5372502415551637 401
1739809319397 1.6057176705438787 402
1739809319413 1.556472389449435 403
1739809319429 1.6086966508593379 404
1739809319445 1.711741345410737 405
1739809319467 1.6353457156394662 406
1739809319482 1.6540435597644905 407
1739809319492 1.8183359694116803 408
1739809319508 1.4951669866997213 409
1739809319524 1.7773345435410053 410
1739809319541 1.3675810207602734 411
1739809319545 1.6592010182841255 412
1739809319560 1.6326001201445701 413
1739809319585 1.7577610271968163 414
1739809319598 1.6545559280751576 415
1739809319606 1.4451191839652118 416
1739809319619 1.6314329441843327 417
1739809319635 1.3181720990195773 418
1739809319654 1.6429006610882078 419
1739809319667 1.756419911547896 420
1739809319683 1.4675617424255716 421
1739809319699 1.7599268890158795 422
1739809319719 1.746492451481221 423
1739809319731 1.410270354522974 424
1739809319747 1.5431291085932461 425
1739809319762 1.730198759292734 426
1739809319779 1.6468797286709145 427
1739809319797 1.692670381661289 428
1739809319810 1.5241903563293642 429
1739809319826 1.3933304760715506 430
1739809319842 1.6994411502086486 431
1739809319858 1.4927479320390258 432
