1739808682616 169.34901212942756 0
1739808682626 162.65594969454128 1
1739808682642 156.24073591123062 2
1739808682658 150.09157471502064 3
1739808682665 144.19717688559223 4
1739808682677 138.5467381324819 5
1739808682690 133.12991813134173 6
1739808682706 127.93682046945969 7
1739808682726 122.95797346103669 8
1739808682738 118.18431179443387 9
1739808682745 113.60715897524712 10
1739808682758 109.21821053063753 11
1739808682769 105.00951794184907 12
1739808682792 100.97347327328313 13
1739808682805 97.10279446787489 14
1739808682817 93.39051127983144 15
1739808682824 89.82995181705014 16
1739808682833 86.4147296667391 17
1739808682856 83.13873157891311 18
1739808682872 79.99610568353862 19
1739808682884 76.98125021815552 20
1739808682895 74.08880274381009 21
1739808682911 71.31362982809748 22
1739808682916 68.65081717503334 23
1739808682934 66.09566018235631 24
1739808682944 63.64365490770543 25
1739808682959 61.29048942592417 26
1739808682978 59.03203556051309 27
1739808682991 56.86434097299204 28
1739808683003 54.78362159463775 29
1739808683017 52.78625438573848 30
1739808683023 50.868770408152685 31
1739808683033 49.0278481975765 32
1739808683049 47.26030742251565 33
1739808683065 45.56310281752234 34
1739808683081 43.93331837879858 35
1739808683097 42.368161810783896 36
1739808683103 40.86495921284043 37
1739808683113 39.4211499956211 38
1739808683129 38.03428201715921 39
1739808683144 36.702006929150464 40
1739808683161 35.42207572431256 41
1739808683161 34.192334476103326 42
1739808683182 33.01072026245704 43
1739808683195 31.875257265561288 44
1739808683208 30.784053040042608 45
1739808683223 29.735294942261245 46
1739808683242 28.72724671373197 47
1739808683247 27.758245211991415 48
1739808683260 26.82669728252239 49
1739808683274 25.931076765623096 50
1739808683287 25.069921632374612 51
1739808683302 24.24183124411385 52
1739808683318 23.445463730062134 53
1739808683334 22.679533477991637 54
1739808683339 21.942808733034276 55
1739808683353 21.234109299950124 56
1739808683366 20.552304344375628 57
1739808683382 19.8963102887665 58
1739808683398 19.26508879893609 59
1739808683414 18.657644857267805 60
1739808683414 18.073024918850784 61
1739808683434 17.510315146950116 62
1739808683445 16.96863972437937 63
1739808683461 16.44715923749152 64
1739808683478 15.945069129647335 65
1739808683487 15.461598221156034 66
1739808683499 14.996007292814008 67
1739808683512 14.547587730291484 68
1739808683525 14.115660226736752 69
1739808683541 13.699573541081456 70
1739808683558 13.298703309639594 71
1739808683573 12.912450908697286 72
1739808683581 12.540242365890341 73
1739808683594 12.18152731826197 74
1739808683605 11.835778014984614 75
1739808683621 11.502488362816944 76
1739808683637 11.181173012451138 77
1739808683653 10.87136648398496 78
1739808683658 10.572622329830269 79
1739808683672 10.284512333442281 80
1739808683685 10.006625742324143 81
1739808683701 9.738568533828388 82
1739808683717 9.479962712340672 83
1739808683733 9.230445636492684 84
1739808683739 8.989669375109699 85
1739808683749 8.75730009065413 86
1739808683764 8.533017448980374 87
1739808683780 8.316514054267273 88
1739808683795 8.107494908043698 89
1739808683812 7.905676891269864 90
1739808683828 7.710788268481549 91
1739808683844 7.522568213047719 92
1739808683857 7.340766352632938 93
1739808683871 7.165142333995258 94
1739808683883 6.995465406288039 95
1739808683897 6.831514022069983 96
1739808683909 6.673075455262119 97
1739808683921 6.519945435323445 98
1739808683936 6.371927796948404 99
1739808683948 6.228834144619374 100
1739808683963 6.090483531376491 101
1739808683975 5.95670215119424 102
1739808683989 5.82732304438111 103
1739808684002 5.702185815443447 104
1739808684019 5.5811363628790085 105
1739808684024 5.4640266203886725 106
1739808684037 5.350714309017014 107
1739808684054 5.241062699753413 108
1739808684070 5.134940386145627 109
1739808684087 5.032221066497229 110
1739808684101 4.932783335238619 111
1739808684113 4.836510483079162 112
1739808684128 4.743290305564834 113
1739808684133 4.653014919682055 114
1739808684149 4.565580588163842 115
1739808684167 4.4808875511691575 116
1739808684181 4.398839865020739 117
1739808684188 4.319345247699954 118
1739808684201 4.2423149308104895 119
1739808684214 4.167663517734942 120
1739808684228 4.095308847720325 121
1739808684243 4.025171865639809 122
1739808684260 3.9571764971889993 123
1739808684275 3.8912495292853304 124
1739808684282 3.8273204954492175 125
1739808684296 3.765321565955069 126
1739808684308 3.7051874425494162 127
1739808684324 3.6468552575420565 128
1739808684340 3.5902644770845775 129
1739808684356 3.5353568084585016 130
1739808684363 3.4820761112029204 131
1739808684372 3.4303683119188975 132
1739808684388 3.380181322594837 133
1739808684404 3.3314649623036288 134
1739808684422 3.2841708821289686 135
1739808684437 3.238252493184193 136
1739808684450 3.1936648975929103 137
1739808684464 3.150364822306295 138
1739808684479 3.108310555637327 139
1739808684488 3.0674618863972705 140
1739808684504 3.0277800455246937 141
1739808684521 2.989227650102037 142
1739808684536 2.9517686496591553 143
1739808684537 2.9153682746675966 144
1739808684553 2.879992987133541 145
1739808684570 2.845610433201167 146
1739808684588 2.8121893976821037 147
1739808684605 2.779699760430062 148
1739808684619 2.748112454483416 149
1739808684631 2.7173994259015575 150
1739808684644 2.687533595224204 151
1739808684656 2.658488820485764 152
1739808684670 2.630239861719795 153
1739808684682 2.602762346891306 154
1739808684688 2.576032739197389 155
1739808684701 2.5500283056791107 156
1739808684715 2.5247270870901155 157
1739808684731 2.5001078689695904 158
1739808684747 2.476150153869602 159
1739808684763 2.4528341346888554 160
1739808684770 2.4301406690669305 161
1739808684788 2.4080512547951334 162
1739808684804 2.3865480062018154 163
1739808684820 2.365613631471875 164
1739808684835 2.3452314108618517 165
1739808684839 2.3253851757736763 166
1739808684857 2.3060592886516362 167
1739808684875 2.287238623668699 168
1739808684892 2.2689085481697044 169
1739808684906 2.251054904840336 170
1739808684921 2.2336639945721064 171
1739808684936 2.2167225599948086 172
1739808684949 2.20021776964912 173
1739808684958 2.1841372027731794 174
1739808684978 2.1684688346781065 175
1739808684992 2.153201022688362 176
1739808685005 2.138322492624052 177
1739808685018 2.1238223258030375 178
1739808685030 2.109689946541806 179
1739808685045 2.095915110134844 180
1739808685059 2.0824878912931157 181
1739808685067 2.0693986730231217 182
1739808685086 2.0566381359286985 183
1739808685098 2.044197247918548 184
1739808685112 2.0320672543031244 185
1739808685125 2.0202396682652752 186
1739808685139 2.008706261689568 187
1739808685152 1.9974590563359698 188
1739808685166 1.986490315344115 189
1739808685178 1.9757925350548922 190
1739808685189 1.9653584371367676 191
1739808685199 1.9551809610046702 192
1739808685215 1.9452532565198108 193
1739808685230 1.9355686769592977 194
1739808685246 1.9261207722448757 195
1739808685246 1.9169032824205232 196
1739808685266 1.9079101313690867 197
1739808685281 1.8991354207585605 198
1739808685296 1.8905734242089713 199
1739808685310 1.8822185816711887 200
1739808685327 1.8740654940093966 201
1739808685341 1.8661089177792538 202
1739808685354 1.8583437601941035 203
1739808685367 1.8507650742719135 204
1739808685379 1.8433680541559425 205
1739808685388 1.836148030602371 206
1739808685407 1.8291004666284596 207
1739808685423 1.8222209533150275 208
1739808685436 1.8155052057573335 209
1739808685449 1.8089490591585993 210
1739808685462 1.802548465060774 211
1739808685476 1.7962994877072374 212
1739808685490 1.7901983005324555 213
1739808685503 1.7842411827736855 214
1739808685517 1.7784245162001797 215
1739808685529 1.7727447819553661 216
1739808685540 1.7671985575077558 217
1739808685554 1.7617825137065137 218
1739808685571 1.7564934119376927 219
1739808685584 1.7513281013774054 220
1739808685590 1.7462835163382906 221
1739808685604 1.7413566737057735 222
1739808685621 1.7365446704608074 223
1739808685637 1.7318446812858799 224
1739808685654 1.7272539562511722 225
1739808685670 1.722769818577944 226
1739808685683 1.7183896624763 227
1739808685695 1.7141109510545771 228
1739808685709 1.709931214297774 229
1739808685717 1.705848047112449 230
1739808685732 1.7018591074357212 231
1739808685748 1.697962114406003 232
1739808685754 1.6941548465932572 233
1739808685768 1.690435140286629 234
1739808685789 1.6868008878373681 235
1739808685802 1.6832500360550775 236
1739808685816 1.6797805846553786 237
1739808685820 1.6763905847571545 238
1739808685843 1.6730781374276178 239
1739808685855 1.6698413922734932 240
1739808685867 1.6666785460767037 241
1739808685880 1.6635878414729939 242
1739808685888 1.6605675656719472 243
1739808685904 1.6576160492170284 244
1739808685922 1.654731664784155 245
1739808685936 1.6519128260175406 246
1739808685941 1.6491579864014947 247
1739808685954 1.646465638166901 248
1739808685974 1.643834311231252 249
1739808685989 1.6412625721710192 250
1739808686005 1.6387490232253035 251
1739808686017 1.6362923013296855 252
1739808686030 1.6338910771792272 253
1739808686043 1.6315440543196982 254
1739808686057 1.6292499682659973 255
1739808686071 1.6270075856469335 256
1739808686085 1.62481570337542 257
1739808686097 1.6226731478432843 258
1739808686111 1.6205787741398499 259
1739808686123 1.6185314652935057 260
1739808686137 1.6165301315355038 261
1739808686149 1.6145737095852644 262
1739808686163 1.6126611619564892 263
1739808686172 1.6107914762833682 264
1739808686190 1.6089636646662882 265
1739808686205 1.6071767630363372 266
1739808686222 1.6054298305380716 267
1739808686234 1.6037219489298993 268
1739808686238 1.602052222001556 269
1739808686256 1.6004197750081095 270
1739808686273 1.5988237541199686 271
1739808686289 1.5972633258883866 272
1739808686304 1.5957376767259905 273
1739808686319 1.594246012401847 274
1739808686334 1.592787557550585 275
1739808686337 1.5913615551952063 276
1739808686358 1.589967266283078 277
1739808686371 1.5886039692347624 278
1739808686390 1.5872709595052457 279
1739808686403 1.5859675491572094 280
1739808686417 1.5846930664459649 281
1739808686422 1.5834468554157044 282
1739808686433 1.582228275506701 283
1739808686448 1.5810367011731676 284
1739808686464 1.5798715215114068 285
1739808686480 1.5787321398979752 286
1739808686498 1.5776179736375429 287
1739808686498 1.5765284536201989 288
1739808686517 1.5754630239878387 289
1739808686531 1.5744211418094578 290
1739808686544 1.5734022767650329 291
1739808686566 1.5724059108377535 292
1739808686576 1.5714315380143689 293
1739808686592 1.5704786639933799 294
1739808686608 1.5695468059008957 295
1739808686622 1.5686354920139012 296
1739808686636 1.567744261490726 297
1739808686650 1.5668726641085067 298
1739808686664 1.566020260007468 299
1739808686677 1.5651866194417658 300
1739808686690 1.5643713225368003 301
1739808686702 1.5635739590527111 302
1739808686716 1.562794128153959 303
1739808686728 1.5620314381847824 304
1739808686742 1.5612855064503819 305
1739808686754 1.560555959003655 306
1739808686768 1.5598424304373637 307
1739808686782 1.5591445636815155 308
1739808686795 1.5584620098058928 309
1739808686809 1.557794427827539 310
1739808686823 1.5571414845230673 311
1739808686835 1.5565028542456936 312
1739808686849 1.555878218746812 313
1739808686862 1.5552672670020418 314
1739808686876 1.5546696950415946 315
1739808686890 1.554085205784845 316
1739808686904 1.55351350887901 317
1739808686917 1.5529543205417946 318
1739808686930 1.5524073634079412 319
1739808686943 1.5518723663795362 320
1739808686956 1.5513490644799988 321
1739808686968 1.5508371987116543 322
1739808686983 1.5503365159167721 323
1739808686995 1.5498467686420103 324
1739808687008 1.5493677150061635 325
1739808687017 1.5488991185711083 326
1739808687033 1.5484407482158957 327
1739808687048 1.5479923780138918 328
1739808687054 1.5475537871128782 329
1739808687068 1.5471247596180504 330
1739808687080 1.5467050844778425 331
1739808687096 1.5462945553724856 332
1739808687112 1.545892970605244 333
1739808687128 1.5455001329962523 334
1739808687144 1.5451158497789117 335
1739808687157 1.5447399324987314 336
1739808687171 1.5443721969146094 337
1739808687175 1.544012462902437 338
1739808687191 1.5436605543610236 339
1739808687208 1.5433162991202167 340
1739808687224 1.5429795288512391 341
1739808687237 1.542650078979119 342
1739808687247 1.542327788597195 343
1739808687256 1.5420125003836411 344
1739808687276 1.5417040605199606 345
1739808687286 1.5414023186113899 346
1739808687302 1.541107127609173 347
1739808687320 1.5408183437346679 348
1739808687333 1.5405358264052165 349
1739808687333 1.5402594381617618 350
1739808687351 1.5399890445981468 351
1739808687366 1.5397245142920708 352
1739808687381 1.5394657187376506 353
1739808687397 1.5392125322795496 354
1739808687413 1.5389648320486393 355
1739808687413 1.5387224978991663 356
1739808687433 1.5384854123473581 357
1739808687448 1.5382534605114628 358
1739808687460 1.5380265300531712 359
1739808687476 1.5378045111203995 360
1739808687491 1.537587296291384 361
1739808687508 1.5373747805200808 362
1739808687524 1.537166861082807 363
1739808687529 1.5369634375261145 364
1739808687542 1.536764411615869 365
1739808687555 1.536569687287496 366
1739808687571 1.5363791705973675 367
1739808687587 1.5361927696752977 368
1739808687603 1.536010394678144 369
1739808687611 1.5358319577444448 370
1739808687623 1.5356573729501304 371
1739808687635 1.5354865562652014 372
1739808687651 1.5353194255114293 373
1739808687667 1.535155900321014 374
1739808687683 1.534995902096175 375
1739808687699 1.5348393539696776 376
1739808687699 1.5346861807662349 377
1739808687718 1.534536308964819 378
1739808687731 1.5343896666617869 379
1739808687752 1.5342461835348937 380
1739808687763 1.5341057908080673 381
1739808687771 1.5339684212170326 382
1739808687783 1.5338340089756801 383
1739808687797 1.5337024897432086 384
1739808687811 1.5335738005920003 385
1739808687827 1.5334478799762525 386
1739808687842 1.5333246677012746 387
1739808687858 1.5332041048935086 388
1739808687864 1.5330861339712138 389
1739808687877 1.5329706986158256 390
1739808687890 1.5328577437439375 391
1739808687906 1.5327472154799326 392
1739808687922 1.532639061129218 393
1739808687938 1.532533229152075 394
1739808687944 1.5324296691380845 395
1739808687959 1.5323283317811358 396
1739808687970 1.5322291688549876 397
1739808687986 1.5321321331893858 398
1739808688001 1.5320371786467217 399
1739808688017 1.5319442600991837 400
1739808688033 1.531853333406461 401
1739808688040 1.5317643553939333 402
1739808688049 1.5316772838313155 403
1739808688068 1.5315920774118321 404
1739808688080 1.5315086957318265 405
1739808688096 1.5314270992708348 406
1739808688115 1.531347249372099 407
1739808688127 1.53126910822352 408
1739808688148 1.5311926388390322 409
1739808688161 1.5311178050404 410
1739808688176 1.531044571439415 411
1739808688189 1.5309729034204922 412
1739808688205 1.5309027671236495 413
1739808688219 1.5308341294278758 414
1739808688222 1.5307669579348555 415
1739808688237 1.5307012209530753 416
1739808688254 1.5306368874822545 417
1739808688271 1.5305739271981562 418
1739808688289 1.5305123104377107 419
1739808688302 1.5304520081844821 420
1739808688315 1.5303929920544423 421
1739808688327 1.5303352342820944 422
1739808688334 1.5302787077068605 423
1739808688350 1.5302233857598055 424
1739808688366 1.5301692424506348 425
1739808688382 1.530116252354997 426
1739808688398 1.530064390602056 427
1739808688398 1.5300136328623315 428
1739808688414 1.5299639553358446 429
1739808688439 1.5299153347404708 430
1739808688453 1.5298677483006047 431
1739808688466 1.5298211737360385 432
1739808688477 1.529775589251102 433
1739808688491 1.5297309735240436 434
1739808688505 1.5296873056966405 435
1739808688519 1.5296445653640462 436
1739808688523 1.5296027325648465 437
1739808688540 1.529561787771363 438
1739808688554 1.5295217118801303 439
1739808688571 1.5294824862026328 440
1739808688587 1.5294440924562027 441
1739808688606 1.5294065127551464 442
1739808688625 1.5293697296020463 443
1739808688642 1.5293337258792739 444
1739808688657 1.5292984848406785 445
1739808688666 1.5292639901034595 446
1739808688682 1.5292302256402306 447
1739808688688 1.5291971757712315 448
1739808688698 1.5291648251567427 449
1739808688714 1.5291331587896508 450
1739808688730 1.5291021619881686 451
1739808688746 1.5290718203887366 452
1739808688762 1.5290421199390767 453
1739808688762 1.5290130468913745 454
1739808688778 1.5289845877956518 455
1739808688803 1.5289567294932445 456
1739808688810 1.528929459110454 457
1739808688826 1.5289027640523243 458
1739808688842 1.528876631996552 459
1739808688842 1.5288510508875472 460
1739808688858 1.5288260089306074 461
1739808688873 1.5288014945862292 462
1739808688889 1.5287774965645433 463
1739808688905 1.52875400381987 464
1739808688921 1.5287310055453882 465
1739808688936 1.5287084911679383 466
1739808688952 1.5286864503429278 467
1739808688952 1.5286648729493368 468
1739808688969 1.5286437490848725 469
1739808688985 1.5286230690611744 470
1739808689000 1.5286028233991729 471
1739808689016 1.5285830028245266 472
1739808689032 1.5285635982631633 473
1739808689050 1.5285446008369201 474
1739808689065 1.528526001859279 475
1739808689078 1.5285077928311916 476
1739808689085 1.5284899654370048 477
1739808689104 1.5284725115404685 478
1739808689120 1.5284554231808336 479
1739808689132 1.5284386925690272 480
1739808689146 1.528422312083929 481
1739808689152 1.5284062742687103 482
1739808689168 1.528390571827271 483
1739808689184 1.5283751976207365 484
1739808689200 1.5283601446640456 485
