1739810246576 169.34901212942756 0
1739810246592 168.6736255293961 1
1739810246595 168.00637087587455 2
1739810246624 167.34177045177827 3
1739810246625 166.679813674581 4
1739810246642 166.02049000399904 5
1739810246657 165.36378894182243 6
1739810246673 164.70970003174676 7
1739810246689 164.0582128592061 8
1739810246705 163.4093170512061 9
1739810246721 162.76300227615795 10
1739810246737 162.1192582437131 11
1739810246753 161.47807470459836 12
1739810246759 160.83944145045214 13
1739810246774 160.20334831366077 14
1739810246791 159.56978516719573 15
1739810246807 158.93874192445196 16
1739810246823 158.3102085390858 17
1739810246840 157.68417500485475 18
1739810246855 157.06063135545696 19
1739810246864 156.43956766437165 20
1739810246893 155.82097404470065 21
1739810246908 155.20484064900967 22
1739810246925 154.5911576691709 23
1739810246940 153.9799153362061 24
1739810246942 153.37110392013 25
1739810246962 152.76471372979483 26
1739810246975 152.1607351127349 27
1739810246991 151.55915845501238 28
1739810247007 150.9599741810634 29
1739810247022 150.3631727535444 30
1739810247038 149.76874467318012 31
1739810247054 149.17668047861096 32
1739810247070 148.5869707462419 33
1739810247086 147.99960609009156 34
1739810247103 147.41457716164203 35
1739810247110 146.83187464968896 36
1739810247125 146.25148928019306 37
1739810247145 145.67341181613108 38
1739810247173 145.09763305734856 39
1739810247204 144.52414384041205 40
1739810247226 143.9529350384627 41
1739810247240 143.38399756107017 42
1739810247259 142.81732235408722 43
1739810247274 142.25290039950463 44
1739810247290 141.69072271530683 45
1739810247306 141.13078035532843 46
1739810247337 140.57306440911077 47
1739810247348 140.0175660017594 48
1739810247373 139.46427629380204 49
1739810247391 138.91318648104715 50
1739810247407 138.364287794443 51
1739810247423 137.81757149993717 52
1739810247446 137.27302889833712 53
1739810247468 136.73065132517056 54
1739810247482 136.19043015054703 55
1739810247499 135.65235677901984 56
1739810247525 135.11642264944823 57
1739810247545 134.5826192348606 58
1739810247559 134.05093804231797 59
1739810247575 133.52137061277804 60
1739810247594 132.99390852095985 61
1739810247614 132.4685433752089 62
1739810247624 131.94526681736284 63
1739810247644 131.42407052261782 64
1739810247659 130.90494619939514 65
1739810247691 130.3878855892086 66
1739810247710 129.8728804665323 67
1739810247730 129.35992263866916 68
1739810247754 128.8490039456196 69
1739810247778 128.34011625995095 70
1739810247798 127.8332514866677 71
1739810247813 127.32840156308153 72
1739810247845 126.82555845868255 73
1739810247863 126.32471417501077 74
1739810247875 125.82586074552802 75
1739810247902 125.32899023549045 76
1739810247913 124.83409474182163 77
1739810247938 124.3411663929861 78
1739810247954 123.85019734886322 79
1739810247970 123.36117980062195 80
1739810247986 122.87410597059572 81
1739810248013 122.38896811215804 82
1739810248029 121.90575850959851 83
1739810248058 121.42446947799938 84
1739810248081 120.9450933631125 85
1739810248093 120.46762254123696 86
1739810248110 119.99204941909696 87
1739810248146 119.5183664337204 88
1739810248162 119.04656605231781 89
1739810248175 118.57664077216178 90
1739810248198 118.10858312046703 91
1739810248223 117.64238565427068 92
1739810248241 117.17804096031323 93
1739810248260 116.71554165491993 94
1739810248277 116.2548803838826 95
1739810248293 115.79601446156089 96
1739810248310 115.33900750976655 97
1739810248326 114.8838167043019 98
1739810248342 114.43043480765793 99
1739810248360 113.97885461120846 100
1739810248380 113.52906893509473 101
1739810248392 113.08107062811071 102
1739810248408 112.63485256758855 103
1739810248424 112.19040765928463 104
1739810248424 111.74772883726601 105
1739810248440 111.30680906379744 106
1739810248456 110.8676413292287 107
1739810248472 110.43021865188248 108
1739810248487 109.99453407794259 109
1739810248503 109.56058068134286 110
1739810248519 109.12835156365607 111
1739810248535 108.69780576597239 112
1739810248551 108.26900480889216 113
1739810248567 107.84190759918755 114
1739810248580 107.41650734789307 115
1739810248594 106.99279729313486 116
1739810248608 106.57077070002232 117
1739810248608 106.15042086054058 118
1739810248631 105.73174109344302 119
1739810248649 105.31472474414443 120
1739810248661 104.89936518461454 121
1739810248680 104.48565581327193 122
1739810248694 104.07359005487847 123
1739810248710 103.66316136043412 124
1739810248711 103.2543301225824 125
1739810248727 102.84715619535265 126
1739810248744 102.44159984049551 127
1739810248765 102.03765461292406 128
1739810248776 101.63531409326967 129
1739810248794 101.23457188777928 130
1739810248811 100.8354216282132 131
1739810248827 100.43785697174313 132
1739810248842 100.04187160085071 133
1739810248846 99.64745922322646 134
1739810248861 99.2546135716691 135
1739810248878 98.8632961498286 136
1739810248895 98.47356542552174 137
1739810248911 98.08538277439243 138
1739810248927 97.698742028678 139
1739810248944 97.31363704522654 140
1739810248944 96.93006170539878 141
1739810248961 96.5480099149701 142
1739810248976 96.16747560403303 143
1739810249008 95.78845272690019 144
1739810249008 95.41093526200757 145
1739810249026 95.03488569560321 146
1739810249044 94.66036125876347 147
1739810249061 94.2873243123386 148
1739810249078 93.91576893030278 149
1739810249093 93.5456892102758 150
1739810249099 93.17707927342843 151
1739810249111 92.80993326438858 152
1739810249128 92.44424535114746 153
1739810249144 92.0800097249663 154
1739810249161 91.71718973690561 155
1739810249177 91.3558415194883 156
1739810249194 90.99592830071536 157
1739810249210 90.63744436400714 158
1739810249226 90.28038401559301 159
1739810249228 89.9247415844205 160
1739810249244 89.57051142206434 161
1739810249261 89.21768790263634 162
1739810249278 88.86626542269525 163
1739810249293 88.51620817273061 164
1739810249312 88.16757121510206 165
1739810249327 87.8203186195506 166
1739810249327 87.47444487153429 167
1739810249343 87.1299444785135 168
1739810249359 86.78681196986317 169
1739810249375 86.44504189678517 170
1739810249391 86.10462883222122 171
1739810249407 85.76553770083387 172
1739810249422 85.42782261953536 173
1739810249438 85.09144839429197 174
1739810249454 84.75640968414416 175
1739810249470 84.42270116944161 176
1739810249486 84.09031755175812 177
1739810249486 83.75925355380686 178
1739810249501 83.42947473680458 179
1739810249517 83.10103438850345 180
1739810249533 82.77389795322564 181
1739810249549 82.4480602374051 182
1739810249573 82.12351606819638 183
1739810249579 81.800260293392 184
1739810249595 81.47828778133996 185
1739810249611 81.15759342086173 186
1739810249627 80.83814347165185 187
1739810249642 80.5199903168692 188
1739810249658 80.20310010132327 189
1739810249674 79.88746779491896 190
1739810249674 79.57308838762894 191
1739810249690 79.25995688941383 192
1739810249711 78.94806833014205 193
1739810249728 78.63738957549808 194
1739810249744 78.32797221468206 195
1739810249759 78.0197830002573 196
1739810249761 77.71281704093624 197
1739810249779 77.40706946494508 198
1739810249792 77.10253541994567 199
1739810249808 76.7991822913189 200
1739810249824 76.49706097792375 201
1739810249840 76.19613875354568 202
1739810249844 75.89641084282037 203
1739810249863 75.59787248943421 204
1739810249878 75.30051895604838 205
1739810249895 75.004345524223 206
1739810249911 74.7093201597067 207
1739810249926 74.41549299740154 208
1739810249930 74.12283189319103 209
1739810249944 73.83133220348317 210
1739810249963 73.54098930321065 211
1739810249977 73.25179858575672 212
1739810249994 72.96372851501107 213
1739810250011 72.67682856090637 214
1739810250026 72.39106707896383 215
1739810250042 72.10643953563927 216
1739810250043 71.82294141547382 217
1739810250061 71.54056822102153 218
1739810250078 71.25928890458735 219
1739810250098 70.97915228270557 220
1739810250109 70.70012720079578 221
1739810250125 70.42220923275141 222
1739810250143 70.14539397012211 223
1739810250159 69.8696770220433 224
1739810250167 69.59502781967497 225
1739810250185 69.32149453758024 226
1739810250203 69.0490465015034 227
1739810250221 68.77767939022706 228
1739810250235 68.5073888997713 229
1739810250244 68.23817074332477 230
1739810250260 67.96999482150535 231
1739810250278 67.70290867818933 232
1739810250293 67.43688211003477 233
1739810250293 67.17191089822559 234
1739810250309 66.90799084077432 235
1739810250341 66.6451177524549 236
1739810250341 66.38326199410565 237
1739810250357 66.12247049005916 238
1739810250373 65.86271349863621 239
1739810250393 65.60398690099328 240
1739810250411 65.34628659471619 241
1739810250425 65.08958333043319 242
1739810250435 64.83392349813928 243
1739810250446 64.57927774716929 244
1739810250465 64.32564204017689 245
1739810250483 64.07301235591977 246
1739810250500 63.82135982851873 247
1739810250516 63.570730321354496 248
1739810250531 63.321094868468805 249
1739810250543 63.07244951239855 250
1739810250562 62.82479031146568 251
1739810250577 62.5781133397142 252
1739810250592 62.33239016741941 253
1739810250606 62.0876660678408 254
1739810250607 61.843912512579855 255
1739810250623 61.601125637947064 256
1739810250643 61.35930159566363 257
1739810250658 61.118412326051406 258
1739810250675 60.878502592267886 259
1739810250690 60.639544237154375 260
1739810250690 60.40153347346541 261
1739810250716 60.16446652906099 262
1739810250731 59.92831570829127 263
1739810250748 59.69312527167971 264
1739810250763 59.45886742727942 265
1739810250779 59.22553846277503 266
1739810250793 58.99313468065746 267
1739810250801 58.761628743371766 268
1739810250823 58.53106441619634 269
1739810250839 58.301414266452916 270
1739810250854 58.07267465527229 271
1739810250861 57.844841958298396 272
1739810250875 57.61788919022115 273
1739810250895 57.39185962838477 274
1739810250906 57.166726193519956 275
1739810250923 56.94248531874918 276
1739810250939 56.71913345142062 277
1739810250955 56.49664395270168 278
1739810250971 56.27505961923541 279
1739810250987 56.05435371938428 280
1739810250994 55.83452275683679 281
1739810251003 55.615540381712876 282
1739810251018 55.39744897947644 283
1739810251034 55.1802221083982 284
1739810251050 54.963856327612525 285
1739810251066 54.74834820997642 286
1739810251082 54.53367174181221 287
1739810251098 54.31986884090384 288
1739810251098 54.10691340286096 289
1739810251114 53.894802054888494 290
1739810251130 53.683531437642195 291
1739810251146 53.473075868104544 292
1739810251163 53.26347680339705 293
1739810251177 53.05470847091638 294
1739810251193 52.84676756458998 295
1739810251209 52.63962867785903 296
1739810251209 52.43333287254278 297
1739810251224 52.22785465343038 298
1739810251244 52.02319076687528 299
1739810251260 51.81933797220616 300
1739810251276 51.616271183646646 301
1739810251293 51.414031014991075 302
1739810251309 51.21259229292028 303
1739810251309 51.01195182815077 304
1739810251325 50.81208480356249 305
1739810251344 50.61303144765996 306
1739810251360 50.41476685669991 307
1739810251376 50.21728789197105 308
1739810251391 50.02057000156133 309
1739810251407 49.82465303316058 310
1739810251407 49.629512349146886 311
1739810251426 49.43514486057831 312
1739810251440 49.24154749083055 313
1739810251455 49.04869599488786 314
1739810251472 48.85662979034964 315
1739810251491 48.66532454757386 316
1739810251506 48.47477723872012 317
1739810251515 48.28496387645977 318
1739810251534 48.09592350731113 319
1739810251552 47.907632060218546 320
1739810251563 47.72008655535109 321
1739810251583 47.533263259741915 322
1739810251594 47.347200853180695 323
1739810251612 47.16187551986643 324
1739810251626 46.97728432721564 325
1739810251642 46.79340379333491 326
1739810251658 46.61027223560023 327
1739810251658 46.42786609017061 328
1739810251674 46.24618247096008 329
1739810251690 46.06519814389692 330
1739810251706 45.884951068221156 331
1739810251727 45.70541792879381 332
1739810251738 45.526595885288316 333
1739810251754 45.34846194823932 334
1739810251761 45.17105372299142 335
1739810251777 44.99434813988594 336
1739810251795 44.81834240362941 337
1739810251811 44.643013766183145 338
1739810251826 44.46839948320026 339
1739810251842 44.294476727316415 340
1739810251858 44.12124274755648 341
1739810251873 43.94867503416423 342
1739810251887 43.7768104972686 343
1739810251898 43.605626548649184 344
1739810251916 43.435120480945685 345
1739810251930 43.26527001957518 346
1739810251944 43.096111733273496 347
1739810251960 42.92762326984871 348
1739810251964 42.7598019648631 349
1739810251987 42.592625775832474 350
1739810251993 42.426130934194596 351
1739810252010 42.260295320705225 352
1739810252026 42.09511631316797 353
1739810252042 41.93057209815705 354
1739810252058 41.76669857387143 355
1739810252058 41.60347385096799 356
1739810252074 41.44089534882124 357
1739810252090 41.278941480057355 358
1739810252112 41.11764781366017 359
1739810252122 40.956992687175095 360
1739810252137 40.79697356088771 361
1739810252153 40.637569070503204 362
1739810252169 40.478814459778675 363
1739810252178 40.32068829016892 364
1739810252193 40.16318806222125 365
1739810252209 40.00629263178003 366
1739810252225 39.85003692132897 367
1739810252241 39.69439971328624 368
1739810252244 39.53936004653869 369
1739810252259 39.38495256544601 370
1739810252275 39.23115623613209 371
1739810252291 39.07796862807142 372
1739810252312 38.925368995126114 373
1739810252323 38.773391667412916 374
1739810252339 38.62201582684416 375
1739810252339 38.47123908142316 376
1739810252355 38.32104089713707 377
1739810252371 38.17145529371681 378
1739810252387 38.022461666006954 379
1739810252411 37.87403965708494 380
1739810252412 37.726223016660526 381
1739810252427 37.57899131731892 382
1739810252452 37.43234223302379 383
1739810252466 37.28625561396835 384
1739810252476 37.14076490634016 385
1739810252492 36.99584989063645 386
1739810252509 36.85150827769131 387
1739810252509 36.70772012205054 388
1739810252525 36.564518570142255 389
1739810252547 36.42188360760647 390
1739810252557 36.27979546030635 391
1739810252573 36.138287012557086 392
1739810252589 35.99733842195377 393
1739810252605 35.85694746245192 394
1739810252621 35.71709455940791 395
1739810252632 35.57781230407748 396
1739810252636 35.43908105432834 397
1739810252652 35.30088140322492 398
1739810252669 35.163245684896175 399
1739810252685 35.02615442554755 400
1739810252701 34.8896054605133 401
1739810252717 34.753579577585 402
1739810252733 34.61810882442907 403
1739810252733 34.48317392274685 404
1739810252761 34.34875582449792 405
1739810252761 34.21488632513128 406
1739810252777 34.08154631113795 407
1739810252793 33.94873367753642 408
1739810252809 33.81642956633903 409
1739810252825 33.684665493027246 410
1739810252843 33.55342253490291 411
1739810252848 33.42268199467441 412
1739810252872 33.29247514043918 413
1739810252882 33.162783210808804 414
1739810252898 33.03360415883833 415
1739810252916 32.90491947270432 416
1739810252931 32.77676014693104 417
1739810252949 32.64910760634577 418
1739810252960 32.521943496415886 419
1739810252981 32.39529856904001 420
1739810252993 32.26915440694202 421
1739810253009 32.14349281139884 422
1739810253023 32.01834429378414 423
1739810253038 31.893690593233668 424
1739810253052 31.769529742943853 425
1739810253056 31.645843723207044 426
1739810253072 31.52266278089818 427
1739810253094 31.399968834900843 428
1739810253113 31.277744018005187 429
1739810253129 31.15601834121328 430
1739810253145 31.03477387650105 431
1739810253148 30.913992907714686 432
1739810253166 30.79370521203895 433
1739810253181 30.67389301309688 434
1739810253206 30.554554421084568 435
1739810253221 30.43567189258664 436
1739810253227 30.31727494916284 437
1739810253244 30.199345987892062 438
1739810253259 30.081867613194223 439
1739810253276 29.964869117359463 440
1739810253291 29.848333045885326 441
1739810253307 29.732242149623726 442
1739810253307 29.6166254936064 443
1739810253323 29.501465770342815 444
1739810253339 29.386761164010238 445
1739810253355 29.272494592092954 446
1739810253371 29.15869487267432 447
1739810253387 29.04534486559879 448
1739810253403 28.93242763165037 449
1739810253419 28.81997176609922 450
1739810253419 28.707960272661833 451
1739810253437 28.596376354056137 452
1739810253451 28.485248384706697 453
1739810253467 28.374559510832842 454
1739810253479 28.26429307573162 455
1739810253495 28.15447723493657 456
1739810253511 28.045095275811754 457
1739810253527 27.936130680889686 458
1739810253545 27.82761138875433 459
1739810253559 27.719520826567422 460
1739810253559 27.611857290891887 461
1739810253575 27.50460442138919 462
1739810253591 27.397789923332137 463
1739810253607 27.29139738169051 464
1739810253623 27.185410572366216 465
1739810253639 27.079856987966373 466
1739810253655 26.974720350255943 467
1739810253655 26.869984570069423 468
1739810253682 26.765676929247412 469
1739810253694 26.661781285038884 470
1739810253709 26.558281681913744 471
1739810253709 26.455205192832477 472
1739810253725 26.352535809227575 473
1739810253745 26.250257707917772 474
1739810253761 26.148397754857104 475
1739810253777 26.04694007437173 476
1739810253777 25.94586897435307 477
1739810253793 25.84521111560983 478
1739810253818 25.744950754082446 479
1739810253833 25.645072327469325 480
1739810253847 25.545602293282393 481
1739810253863 25.44652503780739 482
1739810253876 25.347825127294385 483
1739810253881 25.24952881779452 484
1739810253899 25.151620624680262 485
1739810253914 25.05408524150821 486
1739810253934 24.95694872469238 487
1739810253947 24.8601957174436 488
1739810253964 24.763824696500958 489
1739810253977 24.667820496796697 490
1739810253993 24.57220896433487 491
1739810253995 24.476974884340713 492
1739810254010 24.382103216284893 493
1739810254026 24.287619610545796 494
1739810254042 24.193508977411646 495
1739810254058 24.099756399679617 496
1739810254074 24.006387333885918 497
1739810254090 23.9133868141667 498
1739810254106 23.820740045443504 499
