1739809124444 12.270923844106917 0
1739809124460 2.658429468471146 1
1739809124484 1.739629313165215 2
1739809124492 1.4129876101670322 3
1739809124508 1.56084852958275 4
1739809124524 1.5063758787902852 5
1739809124543 1.4647028187906341 6
1739809124556 1.6238511377544356 7
1739809124572 1.402372793082652 8
1739809124588 1.4634591817305576 9
1739809124604 1.859478197132478 10
1739809124604 1.630060875411032 11
1739809124624 1.4020337700445977 12
1739809124638 1.703541731702504 13
1739809124654 1.3835913731289047 14
1739809124668 1.3942416922204757 15
1739809124684 1.519403010368958 16
1739809124699 1.8891705348675958 17
1739809124716 1.5515088406165467 18
1739809124735 1.7594467992795686 19
1739809124749 1.6257827522810324 20
1739809124762 1.3640435125287032 21
1739809124778 1.5772039936127935 22
1739809124794 1.7499845035150852 23
1739809124811 1.3252081924302062 24
1739809124826 1.4400656681004835 25
1739809124842 1.5002581572843434 26
1739809124858 1.4854454412449911 27
1739809124873 1.6606583190859845 28
1739809124888 1.7547642689044778 29
1739809124898 1.4458577763761693 30
1739809124904 1.4312970176733237 31
1739809124923 1.5436908748199705 32
1739809124936 1.5692812088714923 33
1739809124953 1.7126700548406775 34
1739809124968 1.3043381398158487 35
1739809124984 1.6006359400696177 36
1739809125000 1.6523908673228354 37
1739809125019 1.408582973248161 38
1739809125035 1.3284182465657477 39
1739809125048 1.2861315156180446 40
1739809125048 1.6249969528412869 41
1739809125064 1.6204761146435687 42
1739809125080 1.7900739623640995 43
1739809125097 1.5265146503162037 44
1739809125112 1.4284308059590813 45
1739809125128 1.7576807655895448 46
1739809125145 1.5074195466022478 47
1739809125160 1.6792123099142255 48
1739809125176 1.327852552012905 49
1739809125192 1.4264902843020908 50
1739809125192 1.6571616933811169 51
1739809125212 1.4997161491448532 52
1739809125224 1.3654476605607953 53
1739809125240 1.5268412042145199 54
1739809125256 1.3849888060465638 55
1739809125271 1.4948447555224424 56
1739809125288 1.5253859537494017 57
1739809125304 1.4220889506868781 58
1739809125304 1.4069357685600077 59
1739809125323 1.4309265550105617 60
1739809125336 1.3885448347531357 61
1739809125352 1.6278965670774408 62
1739809125372 1.3907571651361026 63
1739809125384 1.6469711049142828 64
1739809125400 1.587349924240375 65
1739809125416 1.478671008586149 66
1739809125432 1.5072355993003543 67
1739809125448 1.6790865365137655 68
1739809125464 1.5389500242375338 69
1739809125480 1.5220242546250184 70
1739809125480 1.4999441161588019 71
1739809125501 1.3689680452071984 72
1739809125512 1.3705982465377293 73
1739809125530 1.4706826629628313 74
1739809125551 1.4926234494645174 75
1739809125560 1.4487668158077904 76
1739809125575 1.6243159062664088 77
1739809125591 1.3094576492202992 78
1739809125610 1.413496131108093 79
1739809125623 1.4369031121801736 80
1739809125641 1.319609124209628 81
1739809125657 1.6254901708928784 82
1739809125673 1.4288326610674849 83
1739809125686 1.5651336210513696 84
1739809125686 1.4002199042261423 85
1739809125707 1.46570668222993 86
1739809125718 1.4534105147129934 87
1739809125736 1.3744221534764016 88
1739809125756 1.5009298709752732 89
1739809125766 1.5976641879470985 90
1739809125782 1.570403424577178 91
1739809125798 1.4670492546283742 92
1739809125814 1.4535924483029796 93
1739809125830 1.436420676895065 94
1739809125846 1.6605602813317824 95
1739809125862 1.2733469865992393 96
1739809125862 1.616663482596528 97
1739809125882 1.4629986352717552 98
1739809125893 1.5973828153533118 99
1739809125912 1.442861203327045 100
1739809125925 1.5686950318844903 101
1739809125942 1.5367144181529895 102
1739809125957 1.4514336034415383 103
1739809125973 1.634199403513908 104
1739809125990 1.4858959145210424 105
1739809126006 1.582320329254246 106
1739809126021 1.7476088424810268 107
1739809126037 1.409854083818473 108
1739809126052 1.5631502061049876 109
1739809126055 1.3305820840555231 110
1739809126069 1.5106622552141378 111
1739809126085 1.5869498337091565 112
1739809126101 1.3020177918520819 113
1739809126117 1.319686833466525 114
1739809126133 1.4398766893161128 115
1739809126149 1.4306455369288524 116
1739809126165 1.644892026474266 117
1739809126181 1.537461380447411 118
1739809126197 1.5215177805382105 119
1739809126213 1.5737757891309077 120
1739809126213 1.44741270838843 121
1739809126232 1.4059876031178062 122
1739809126245 1.341826387156987 123
1739809126262 1.5347918370893714 124
1739809126276 1.6211720264622045 125
1739809126292 1.494304768872124 126
1739809126313 1.79357436035215 127
1739809126324 1.4180075666264345 128
1739809126340 1.461861004131167 129
1739809126356 1.4098172981676913 130
1739809126372 1.6522730241412287 131
1739809126388 1.627387690751778 132
1739809126388 1.5014075904168882 133
1739809126407 1.699184129374126 134
1739809126420 1.4869526582118895 135
1739809126436 1.3547429234012456 136
1739809126452 1.5601248551040812 137
1739809126467 1.5219198716440017 138
1739809126483 1.6131070705657091 139
1739809126499 1.3618123451263255 140
1739809126515 1.7232784427124717 141
1739809126531 1.5549778188131056 142
1739809126547 1.6089183309876283 143
1739809126563 1.5739908452995028 144
1739809126563 1.3828215911644046 145
1739809126583 1.3904174702823335 146
1739809126595 1.4301993450916306 147
1739809126613 1.3340051359876086 148
1739809126627 1.4968937679827712 149
1739809126643 1.5918498682989666 150
1739809126659 1.4330714042763166 151
1739809126675 1.450372516692201 152
1739809126691 1.3729322008727531 153
1739809126707 1.3799385801478579 154
1739809126723 1.6097298481674724 155
1739809126739 1.6560280205647842 156
1739809126751 1.4466913609369345 157
1739809126760 1.550788862266829 158
1739809126771 1.7284178349561423 159
1739809126789 1.6941927907554777 160
1739809126803 1.5233790506176759 161
1739809126819 1.5551916617185693 162
1739809126835 1.592081809230064 163
1739809126851 1.6004962771439593 164
1739809126869 1.4726738716766925 165
1739809126884 1.4229967651687887 166
1739809126898 1.6547832071907085 167
1739809126916 1.569741168225175 168
1739809126930 1.3510803972775804 169
1739809126940 1.5847915491834277 170
1739809126945 1.6052884554305156 171
1739809126963 1.3856152214394772 172
1739809126977 1.6855570703449454 173
1739809126994 1.5119300392292316 174
1739809127009 1.5795072938121293 175
1739809127025 1.258422387423508 176
1739809127041 1.418184363112924 177
1739809127058 1.7039565191652144 178
1739809127072 1.506534221629732 179
1739809127080 1.5470356115057755 180
1739809127092 1.5961443060358471 181
1739809127106 1.617229642550878 182
1739809127137 1.5448479477151573 183
1739809127152 1.4487977837445487 184
1739809127152 1.3984721774539892 185
1739809127172 1.4496792822223057 186
1739809127186 1.5316944671361896 187
1739809127204 1.222671663374545 188
1739809127216 1.5524826537257295 189
1739809127232 1.4488838345286954 190
1739809127251 1.6162679962256126 191
1739809127264 1.4696279011024362 192
1739809127280 1.491790036071085 193
1739809127296 1.4633509238498108 194
1739809127311 1.735783235257096 195
1739809127328 1.3835598634729398 196
1739809127328 1.3368924437259602 197
1739809127347 1.450088664318517 198
1739809127369 1.516918758994332 199
1739809127377 1.4463461218747249 200
1739809127391 1.5193810831264856 201
1739809127407 1.5424469156313976 202
1739809127423 1.5175325343415726 203
1739809127441 1.596651391234701 204
1739809127455 1.6076803379705502 205
1739809127470 1.2954273355835275 206
1739809127486 1.4627181854808928 207
1739809127502 1.4435520131169337 208
1739809127504 1.7509379126115119 209
1739809127522 1.759098775966698 210
1739809127534 1.5421649232501669 211
1739809127549 1.4586383590189673 212
1739809127565 1.524379155942226 213
1739809127581 1.35720980671553 214
1739809127597 1.5608850777716952 215
1739809127613 1.5369330966041035 216
1739809127629 1.5722435483100894 217
1739809127645 1.530769417309905 218
1739809127661 1.5357629738972904 219
1739809127677 1.4541350219902975 220
1739809127693 1.5045980064280216 221
1739809127695 1.2598630707291858 222
1739809127709 1.5522782377018287 223
1739809127727 1.5283320066718886 224
1739809127741 1.5392533000492572 225
1739809127757 1.610486528819006 226
1739809127773 1.3262762336352798 227
1739809127789 1.5271323620993806 228
1739809127805 1.6645659074175037 229
1739809127821 1.6005756866144842 230
1739809127821 1.4462309529412107 231
1739809127841 1.7548809513465584 232
1739809127852 1.3232533249205694 233
1739809127870 1.3186525594761862 234
1739809127884 1.7500517971736103 235
1739809127900 1.3324976897402383 236
1739809127916 1.5795199954363537 237
1739809127936 1.4512164763545614 238
1739809127948 1.6729299872680148 239
1739809127964 1.648706996588228 240
1739809127979 1.709092897121279 241
1739809127995 1.5154743950046736 242
1739809127995 1.8401991069558001 243
1739809128016 1.4867919258248874 244
1739809128027 1.5095390605480754 245
1739809128052 1.612666138488202 246
1739809128059 1.7029166488897745 247
1739809128074 1.6137471822216243 248
1739809128090 1.5943513373520233 249
1739809128107 1.4114540324470486 250
1739809128125 1.4460356474073506 251
1739809128139 1.2870625839822694 252
1739809128155 1.3645641945222724 253
1739809128171 1.608313216326863 254
1739809128171 1.786806614310653 255
