1739809132763 122.31569162218688 0
1739809132779 90.2965174212443 1
1739809132795 71.85518936984809 2
1739809132811 52.04127021456152 3
1739809132827 39.73493019898651 4
1739809132843 30.351594732309028 5
1739809132843 25.04696167379228 6
1739809132859 19.03920130718568 7
1739809132875 16.242645991129447 8
1739809132891 11.7840944015517 9
1739809132907 9.28822775514127 10
1739809132923 7.95865403603176 11
1739809132938 7.899440361353845 12
1739809132954 5.499582660869814 13
1739809132971 5.145966446195728 14
1739809132986 4.32483458656142 15
1739809133002 3.712067146851019 16
1739809133018 3.847415604247671 17
1739809133034 3.261504091749005 18
1739809133050 3.06682264919666 19
1739809133050 2.6791387156593642 20
1739809133082 2.5433610376783986 21
1739809133098 2.2979125083484377 22
1739809133114 2.107407120660131 23
1739809133130 1.7300502358434229 24
1739809133146 2.124349822410524 25
1739809133162 1.879926700969716 26
1739809133166 1.9225264920602403 27
1739809133178 1.8203162002413003 28
1739809133194 1.6855605743454658 29
1739809133210 1.74921320055928 30
1739809133226 1.668104054433474 31
1739809133242 1.5554084055549537 32
1739809133257 1.7489069134690873 33
1739809133274 1.6539953427141547 34
1739809133289 1.5729343492473091 35
1739809133305 1.6521152667581296 36
1739809133305 1.2796542261104717 37
1739809133321 1.574168500143211 38
1739809133337 1.6273662839870549 39
1739809133353 1.50330204181809 40
1739809133369 1.5621156328317738 41
1739809133385 1.7027725508715907 42
1739809133401 1.7760829849461701 43
1739809133417 1.4661739590127085 44
1739809133433 1.5030204022438087 45
1739809133454 1.8091729962475882 46
1739809133464 1.5169153189798188 47
1739809133480 1.5346559166323959 48
1739809133496 1.448667922180805 49
1739809133512 1.4775007153862365 50
1739809133514 1.339750903305901 51
1739809133527 1.5664882958053108 52
1739809133544 1.5549726765801777 53
1739809133560 1.655245236457332 54
1739809133576 1.4701866477791203 55
1739809133591 1.6321854558001347 56
1739809133607 1.6382370829038855 57
1739809133626 1.6729970358789996 58
1739809133641 1.5994851981907388 59
1739809133654 1.5535902433056097 60
1739809133670 1.4781822671455738 61
1739809133685 1.6441312414504208 62
1739809133685 1.6561230670990232 63
1739809133702 1.6013542024200254 64
1739809133717 1.3109453686215837 65
1739809133733 1.4118447120050357 66
1739809133749 1.4215014520367053 67
1739809133766 1.5572983754180616 68
1739809133781 1.4140254528853256 69
1739809133796 1.620087584267731 70
1739809133812 1.432954861261617 71
1739809133828 1.3588412334689683 72
1739809133844 1.559697345640067 73
1739809133860 1.253627319337767 74
1739809133860 1.579989798042389 75
1739809133876 1.452637039665328 76
