1739809140764 169.2423329856423 0
1739809140775 161.96185210935204 1
1739809140791 155.22921642464706 2
1739809140807 149.5631558332544 3
1739809140823 141.62275234406053 4
1739809140839 139.98646231789596 5
1739809140855 142.7717890112318 6
1739809140871 131.11415743845367 7
1739809140887 125.86304301097027 8
1739809140887 125.15117811340991 9
1739809140903 116.53860659680979 10
1739809140919 117.64949608650254 11
1739809140934 114.43652381419973 12
1739809140951 111.64406850439664 13
1739809140967 109.0211675334898 14
1739809140982 102.7401713479101 15
1739809140998 104.88918916685282 16
1739809141014 99.55482983409884 17
1739809141030 96.785864484045 18
1739809141046 96.97134088913239 19
1739809141062 94.28343050221892 20
1739809141078 89.08378214654412 21
1739809141094 86.30183722473345 22
1739809141110 85.38599759512324 23
1739809141126 81.95962732679126 24
1739809141142 81.60526780724493 25
1739809141158 76.15734510755503 26
1739809141158 74.72969324808332 27
1739809141174 73.17790161648624 28
1739809141190 69.15363388996107 29
1739809141206 67.79041993125 30
1739809141222 65.53319295403816 31
1739809141238 65.06311082739676 32
1739809141254 61.372173148557174 33
1739809141270 61.0469819019236 34
1739809141287 58.29463171425015 35
1739809141302 57.879265447553664 36
1739809141318 55.92515928085686 37
1739809141334 55.28192386691523 38
1739809141334 54.95582329738161 39
1739809141351 52.292154827764605 40
1739809141366 50.94268624832418 41
1739809141382 48.20944963601939 42
1739809141398 48.3603477859948 43
1739809141419 49.2839276722787 44
1739809141430 45.15941729709337 45
1739809141446 43.69103891834736 46
1739809141462 41.4734195157076 47
1739809141478 41.19995439902683 48
1739809141494 39.664420538879334 49
1739809141510 38.626410269047106 50
1739809141526 39.249682253642874 51
1739809141542 37.09503610876347 52
1739809141558 38.37161465755957 53
1739809141573 35.199846986641425 54
1739809141573 33.183142514241865 55
1739809141590 33.38503517224887 56
1739809141608 33.06783086699313 57
1739809141622 33.099192958261575 58
1739809141638 32.01399616861905 59
1739809141654 30.64382459671373 60
1739809141670 30.205738999378493 61
1739809141686 29.35947177749449 62
1739809141702 28.02978397009753 63
1739809141718 25.841309903248973 64
1739809141734 26.7363945715038 65
1739809141750 25.030200723714568 66
1739809141750 26.64412650181974 67
1739809141766 27.848951734015692 68
1739809141782 24.289338519954967 69
1739809141798 24.035683078071152 70
1739809141814 22.681583391909324 71
1739809141830 22.309786564907398 72
1739809141846 21.827381300826108 73
1739809141862 21.85116619671718 74
1739809141878 21.87798062737732 75
1739809141894 21.545938547106697 76
1739809141910 19.65805499172451 77
1739809141926 19.49490520438059 78
1739809141947 17.255082287894552 79
1739809141958 18.129110114159122 80
1739809141973 19.471356470524373 81
1739809141989 17.862945328469493 82
1739809142005 17.41431964338046 83
1739809142020 16.876294635820862 84
1739809142046 16.076467164561624 85
1739809142068 16.10514422262514 86
1739809142086 14.981448510606512 87
1739809142100 14.975520618830192 88
1739809142100 14.76407039956081 89
1739809142116 14.928154547216737 90
1739809142132 14.143433092978222 91
1739809142148 14.282632102003534 92
1739809142164 14.445997015525963 93
1739809142180 13.742390339976806 94
1739809142195 12.32362740130351 95
1739809142211 13.565808274866692 96
1739809142211 12.564375110569536 97
1739809142241 12.174004752796181 98
1739809142255 12.21650756836948 99
1739809142259 11.656094434495232 100
1739809142275 11.249227837293882 101
1739809142291 10.802394391034088 102
1739809142307 11.070402505972329 103
1739809142322 11.2759783313204 104
1739809142338 10.40485162775206 105
1739809142354 10.428783812567097 106
1739809142374 10.832494561638853 107
1739809142389 10.122239807451392 108
1739809142402 10.223588553598471 109
1739809142418 9.529567075603557 110
1739809142418 9.84329229599669 111
1739809142436 9.527739667236897 112
1739809142450 8.638873275585462 113
1739809142465 8.686215267684268 114
1739809142481 8.843268953239022 115
1739809142497 8.542225834127024 116
1739809142514 8.648200251259492 117
1739809142529 7.8054319582252 118
1739809142545 7.866940213294757 119
1739809142560 8.357651811951499 120
1739809142576 8.560313901607094 121
1739809142576 7.9199992664466095 122
1739809142592 8.357140017296175 123
1739809142608 7.645004622662058 124
1739809142627 6.980613647117606 125
1739809142641 7.391067927864849 126
1739809142656 7.57255647660324 127
1739809142672 6.989386717749318 128
1739809142688 6.475499897718132 129
1739809142704 6.814053335771186 130
1739809142720 6.664947600318644 131
1739809142736 6.421587169162011 132
1739809142752 6.803148134583203 133
1739809142768 6.035566906623858 134
1739809142768 6.400926117478494 135
1739809142784 5.959010603900336 136
1739809142799 6.235525708928365 137
1739809142816 5.579376286967443 138
1739809142832 6.09293506440847 139
1739809142848 5.401481896724455 140
1739809142864 5.520293022358551 141
1739809142880 5.353255243755987 142
1739809142896 6.048114055004649 143
1739809142912 5.563128701913508 144
1739809142927 5.597864143710451 145
1739809142927 4.638949904116488 146
1739809142943 4.440554304027233 147
1739809142960 4.968490632092512 148
1739809142976 4.993520824157257 149
1739809142992 4.962706675624418 150
1739809143008 4.783842757948434 151
1739809143024 5.152377203796493 152
1739809143040 4.826731340064545 153
1739809143055 4.331152353377164 154
1739809143071 4.706583746723162 155
1739809143071 4.70400025413517 156
1739809143087 4.538086211341008 157
1739809143103 3.983110958264805 158
1739809143119 3.8880089600261774 159
1739809143135 4.259016443187293 160
1739809143151 3.906453216833482 161
1739809143167 4.314818087345079 162
1739809143183 4.182533705033702 163
1739809143199 3.956472906352993 164
1739809143215 3.7566645171318034 165
1739809143231 4.1177926072695605 166
1739809143247 3.875935694780493 167
1739809143262 4.151401987247349 168
1739809143262 3.55557400524885 169
1739809143278 3.5229883399323993 170
1739809143294 3.7070343358730544 171
1739809143311 3.951234158783753 172
1739809143327 3.862636099553376 173
1739809143343 3.3471718343949006 174
1739809143358 3.6543239629075432 175
1739809143375 3.623295214749535 176
1739809143391 3.2505953887042316 177
1739809143407 3.068604796149979 178
1739809143422 3.4597393626297315 179
1739809143438 2.9423825024858736 180
1739809143454 3.3810816296423556 181
1739809143454 3.414201560028261 182
1739809143470 3.0773766131856255 183
1739809143502 3.3735036701093453 184
1739809143518 3.0038701717417235 185
1739809143534 3.3026565868624402 186
1739809143534 2.9208271998408635 187
1739809143550 3.3026672649946156 188
1739809143565 2.9082876273131517 189
1739809143582 2.8446582687892565 190
1739809143597 3.4362576604507624 191
1739809143613 2.8125574471988104 192
1739809143629 3.1086646750595164 193
1739809143645 3.033793272855737 194
1739809143661 2.831903431445467 195
1739809143677 2.4834368325068676 196
1739809143692 2.6099327229742038 197
1739809143708 2.7533902673900195 198
1739809143724 2.5210413634842537 199
1739809143740 2.965681968881049 200
1739809143756 2.640443374995452 201
1739809143772 2.693231670398012 202
1739809143788 3.060645307981362 203
1739809143804 2.533956350491772 204
1739809143820 2.7656466527109482 205
1739809143836 2.548190464172292 206
1739809143836 2.5155391786962293 207
1739809143852 2.470355139472849 208
1739809143869 2.5769440518177893 209
1739809143885 2.534128966076264 210
1739809143901 2.7240588251663516 211
1739809143917 2.5655178891049935 212
1739809143933 2.6252972735775155 213
1739809143949 2.97157714386464 214
1739809143965 2.452235311224694 215
1739809143981 2.2687811296399976 216
1739809143997 2.281492104319374 217
1739809143997 2.2431255493799105 218
1739809144013 2.565514731670913 219
1739809144029 2.2105930791141635 220
1739809144045 2.078918931655911 221
1739809144061 2.3146098212181934 222
1739809144077 2.3688735514590986 223
1739809144093 2.252381133305554 224
1739809144109 1.9811159616260787 225
1739809144125 2.2425838658564183 226
1739809144141 2.316450153676783 227
1739809144157 2.1481866848715465 228
1739809144173 2.163752273939472 229
1739809144188 2.0334098594414822 230
1739809144204 2.069279297243002 231
1739809144204 2.2140447768676608 232
1739809144220 2.2845831551664917 233
1739809144237 2.232201320859026 234
1739809144253 2.124095607817141 235
1739809144269 2.2102993089698795 236
1739809144285 2.1996607252196463 237
1739809144301 2.3997568168372583 238
1739809144317 2.1187501967565385 239
1739809144333 2.284573260024912 240
1739809144348 2.1598594811416674 241
1739809144364 2.1589766749999812 242
1739809144380 1.785508116676511 243
1739809144396 2.3335768504902306 244
1739809144413 2.215120913003962 245
1739809144427 2.3733880858200886 246
1739809144436 2.0923669863024004 247
1739809144443 2.158025178438467 248
1739809144459 2.1026148603383232 249
1739809144475 2.2127263873173733 250
1739809144492 1.9629350528580833 251
1739809144507 2.0094832547777735 252
1739809144523 2.286547260919566 253
1739809144538 1.982314778536007 254
1739809144561 1.8974812443046283 255
1739809144575 1.9379704098600774 256
1739809144586 1.8386307385235525 257
1739809144602 1.7634644540766744 258
1739809144617 1.7723671319146956 259
1739809144634 2.048164282908955 260
1739809144634 1.6988697778206485 261
1739809144649 2.00576536646395 262
1739809144665 1.7352203878766421 263
1739809144681 2.08989784307603 264
1739809144701 1.8563889402432283 265
1739809144713 1.8417703199035034 266
1739809144729 1.9775441582165363 267
1739809144745 1.9587419840861744 268
1739809144761 1.923922044492108 269
1739809144777 1.899832283835699 270
1739809144793 1.9468748254540575 271
1739809144809 1.7086298968405875 272
1739809144825 1.8662880427225397 273
1739809144842 1.877684875067753 274
1739809144856 1.7866002294850702 275
1739809144856 1.7842782396086434 276
1739809144872 1.953311025482882 277
1739809144888 1.880866798338518 278
1739809144904 1.7662688252300167 279
1739809144920 1.7619448118945096 280
1739809144936 1.810171710430319 281
1739809144952 1.6482688454083394 282
1739809144968 1.6911041914012868 283
1739809144984 1.626878561675491 284
1739809145000 2.026209393793821 285
1739809145016 1.8496716418044432 286
1739809145016 1.9781460206816401 287
1739809145032 1.701178241730945 288
1739809145048 1.7233212447591744 289
1739809145064 1.840926196759025 290
1739809145080 1.9490295263931772 291
1739809145096 1.5686501519961216 292
1739809145112 1.732111499561664 293
1739809145128 1.6446303890071847 294
1739809145144 1.7689418296332537 295
1739809145160 1.5108642838726098 296
1739809145176 1.544006366408545 297
1739809145176 1.576908593342594 298
1739809145192 1.7575625091628293 299
1739809145208 1.8408187809919603 300
1739809145224 1.6426147786502925 301
1739809145240 1.847310687428006 302
1739809145255 1.8920174848335634 303
1739809145271 1.765644888897708 304
1739809145287 1.568924472640469 305
1739809145303 1.6804850251243593 306
1739809145319 1.7874961505672686 307
1739809145335 1.5647232655501118 308
1739809145335 1.6830360427564772 309
1739809145351 1.574077127790809 310
1739809145367 1.900364359233356 311
1739809145383 1.7041750409116687 312
1739809145406 1.8571664954712916 313
1739809145415 1.9452075523444312 314
1739809145431 1.5824889795316615 315
1739809145447 1.7725107779422822 316
1739809145462 1.7746358904165467 317
1739809145478 1.4353321884482402 318
1739809145494 1.8246266749602125 319
1739809145510 1.7021596067713975 320
1739809145510 1.6897217549715473 321
1739809145526 1.5746513990549376 322
1739809145542 1.8454865887894683 323
1739809145557 1.6060632503640218 324
1739809145573 1.8228513585544637 325
1739809145589 1.5216881898446926 326
1739809145605 1.6169221532668818 327
1739809145620 1.5493768369019916 328
1739809145636 1.5190684830023942 329
1739809145653 1.6377307459993882 330
1739809145668 1.785912985013516 331
1739809145684 1.7794217640000378 332
1739809145700 1.7047206404573207 333
1739809145716 1.5397428389351877 334
1739809145732 1.596664137584701 335
1739809145732 1.6288220866485248 336
1739809145748 1.922400565767942 337
1739809145764 1.9109269704117264 338
1739809145780 1.7489195141868212 339
1739809145796 1.7494801388096703 340
1739809145812 1.7575456315743405 341
1739809145828 1.5086030450032877 342
1739809145844 1.6947447783033225 343
1739809145859 1.7259826096856508 344
1739809145875 1.7603066769473388 345
1739809145891 1.7172910684910005 346
1739809145907 1.644185542999623 347
1739809145907 1.4626535964501044 348
1739809145923 1.7091968623499398 349
1739809145939 1.9016011809380877 350
1739809145955 1.7290910349779425 351
1739809145970 1.5356492280391527 352
1739809145986 1.3566967118086235 353
1739809146002 1.7437034739324786 354
1739809146018 1.2950387226972402 355
1739809146034 1.6952503381402984 356
1739809146050 1.5404280037408464 357
1739809146066 1.6768723516711812 358
1739809146066 1.5852720294079297 359
1739809146083 1.6819385011582275 360
1739809146099 1.6669865922407054 361
1739809146115 1.5018851969855302 362
1739809146131 1.6033708633324297 363
1739809146147 1.5961755404285018 364
1739809146163 1.3286912669044628 365
1739809146179 1.6303907319241469 366
1739809146195 1.6377998814673531 367
1739809146216 1.9237405424684462 368
1739809146227 1.4257257615600365 369
1739809146243 1.471485670699189 370
1739809146258 1.6049130122291253 371
1739809146274 1.5617016562508783 372
1739809146290 1.5595751566284013 373
1739809146306 1.4409632990310652 374
1739809146322 1.5919340567286298 375
1739809146338 1.5435180974886544 376
1739809146338 1.4562414966701696 377
1739809146354 1.314370822037906 378
1739809146370 1.7236014308697214 379
1739809146386 1.6667925631233484 380
1739809146402 1.6620239077674162 381
1739809146417 1.7517294461212458 382
1739809146433 1.4563132060981705 383
1739809146449 1.4221697800831776 384
1739809146465 1.6442353662095024 385
1739809146481 1.4168393077717407 386
1739809146497 1.3784903864247553 387
1739809146513 1.5618554049382893 388
1739809146529 1.4713389521742593 389
1739809146545 1.7495449370137712 390
1739809146545 1.7086423113527522 391
1739809146560 1.6688326023303515 392
1739809146583 1.3654756381870028 393
1739809146603 1.480649828469129 394
1739809146617 1.5164987724822225 395
1739809146623 1.7146931438233386 396
1739809146639 1.7430249654874468 397
1739809146655 1.5603136886933526 398
1739809146671 1.306427164240625 399
1739809146687 1.5139071973598868 400
1739809146704 1.6723778423751086 401
1739809146718 1.7190425902026587 402
1739809146736 1.8287847240976738 403
1739809146751 1.4109910400428936 404
1739809146765 1.4612540965537322 405
1739809146781 1.4686209479676773 406
1739809146781 1.493194111698742 407
1739809146797 1.7531830414605631 408
1739809146813 1.8374208551726716 409
1739809146829 1.659162849783113 410
1739809146845 1.6575511091697301 411
1739809146869 1.2736990751862403 412
1739809146877 1.5969738362903987 413
1739809146893 1.4815092939323304 414
1739809146911 1.6935049212462026 415
1739809146924 1.7263824038061446 416
1739809146940 1.5079168623877475 417
1739809146956 1.5600713779667912 418
1739809146972 1.3989912534084596 419
1739809146988 1.4595434147563682 420
1739809146988 1.4409433021727605 421
1739809147004 1.5272092247223343 422
1739809147020 1.6885239213816834 423
1739809147036 1.4539037279707139 424
1739809147052 1.6303459819575996 425
1739809147068 1.7180075330624305 426
1739809147084 1.6621369416631524 427
1739809147100 1.550696522925909 428
1739809147115 1.6107742976578294 429
1739809147131 1.5749603087494675 430
1739809147148 1.6964316563170068 431
1739809147164 1.6615810210776294 432
1739809147164 1.599440150091811 433
1739809147179 1.6464157944620315 434
1739809147195 1.3204447896259919 435
1739809147211 1.2530677962238088 436
1739809147227 1.5489559157928015 437
1739809147243 1.3662201365691065 438
1739809147259 1.3916432014594837 439
1739809147275 1.390473930304987 440
1739809147291 1.51289015236322 441
1739809147307 1.5144359289041143 442
1739809147323 1.5202648293694947 443
1739809147341 1.5877725916639414 444
1739809147355 1.6716970850806105 445
1739809147370 1.6222703115683204 446
1739809147370 1.683145842403875 447
1739809147386 1.606341708071207 448
1739809147402 1.5334373576978486 449
1739809147418 1.6291364216284598 450
1739809147434 1.6336037744877756 451
1739809147450 1.7459624137102292 452
1739809147466 1.5242522967719723 453
1739809147482 1.54190587309036 454
1739809147498 1.4660876925308315 455
1739809147514 1.5475802582620524 456
1739809147530 1.2636139526268564 457
1739809147552 1.574345380047218 458
1739809147562 1.482482861675105 459
1739809147578 1.4517435567130637 460
1739809147594 1.4276936360199703 461
1739809147610 1.4745402250509119 462
1739809147631 1.6929945764517282 463
1739809147643 1.6137732185433868 464
1739809147660 1.5244285118728849 465
1739809147674 1.5974581194303226 466
1739809147688 1.5009265807486314 467
1739809147690 1.4456259595980634 468
1739809147717 1.6032347621933183 469
1739809147722 1.6570626774358854 470
1739809147747 1.7236137282839215 471
1739809147754 1.593360244638328 472
1739809147776 1.3257784880862984 473
1739809147786 1.5069718201049724 474
1739809147805 1.6749616412512627 475
1739809147818 1.341331729424512 476
1739809147833 1.7111692871111226 477
1739809147836 1.4734158632256167 478
1739809147862 1.7299790895105587 479
1739809147866 1.3686093500640093 480
1739809147892 1.6937840975823628 481
1739809147897 1.4074375791159681 482
1739809147920 1.4918404992170193 483
1739809147933 1.7878601216686405 484
1739809147946 1.4634738491829877 485
1739809147961 1.5938082863914045 486
1739809147977 1.4198043722398601 487
1739809147993 1.6417871893676272 488
1739809147993 1.6584001473911754 489
1739809148019 1.6525154813258016 490
1739809148025 1.2660091358745411 491
1739809148048 1.3801732288111175 492
1739809148057 1.765607697360351 493
1739809148077 1.4009826205329006 494
1739809148089 1.7122172963323405 495
1739809148104 1.3033555041214016 496
1739809148120 1.546796935791843 497
1739809148136 1.5290376726426018 498
1739809148152 1.452700404833448 499
