1739809289349 125.01427135587939 0
1739809289362 89.52625935590265 1
1739809289381 68.99209547261543 2
1739809289397 52.15648085335286 3
1739809289412 42.248874244204124 4
1739809289423 32.751300566498564 5
1739809289442 24.38172421213387 6
1739809289458 17.35778484109205 7
1739809289472 15.62890386536452 8
1739809289488 13.007905057949438 9
1739809289502 9.752945884586058 10
1739809289516 8.833553627895121 11
1739809289528 6.972137576747781 12
1739809289546 6.178300973900874 13
1739809289560 5.039273050108364 14
1739809289576 3.9761250249092304 15
1739809289591 3.572653197024201 16
1739809289607 3.727876450159867 17
1739809289623 3.084633336607575 18
1739809289638 2.7394901856567686 19
1739809289654 2.747787228494711 20
1739809289676 2.6976672365586496 21
1739809289690 2.3724067111941123 22
1739809289705 2.143644453364067 23
1739809289720 2.094439313747987 24
1739809289734 2.004310500605079 25
1739809289750 1.9113140682947156 26
1739809289766 1.639753767128149 27
1739809289782 1.644010169946864 28
1739809289798 1.6424418761595718 29
1739809289810 1.5589640406854886 30
1739809289825 1.9037116958834501 31
1739809289840 1.7013092211825385 32
1739809289855 1.6665069558205645 33
1739809289870 1.7746112001022596 34
1739809289885 1.8384142593070363 35
1739809289900 1.4026011479204425 36
1739809289915 1.7266731364194743 37
1739809289925 1.4106424099435353 38
1739809289941 1.4614519500811656 39
1739809289957 1.65542738658828 40
1739809289975 1.5743610541676818 41
1739809289991 1.5596019754742982 42
1739809290006 1.400468734168354 43
1739809290020 1.584495193808464 44
1739809290036 1.7633218407723183 45
1739809290052 1.5221222770668814 46
1739809290068 1.5596231518500583 47
1739809290084 1.6002635294927114 48
1739809290095 1.6908565287539095 49
1739809290110 1.7791969101491145 50
1739809290116 1.7014911089598328 51
1739809290132 1.433239538182398 52
1739809290153 1.4517862193364208 53
1739809290169 1.5333921169620768 54
1739809290184 1.456890591525287 55
1739809290199 1.4425055042384907 56
1739809290214 1.4168098813394203 57
1739809290227 1.4200247709994558 58
1739809290246 1.3470624718574136 59
1739809290259 1.5307743338811912 60
1739809290275 1.5173265814332197 61
1739809290291 1.6326828177495676 62
1739809290306 1.6606648707763494 63
1739809290319 1.6363908106884222 64
1739809290334 1.3601463361961381 65
1739809290349 1.7030895970602082 66
1739809290363 1.597413444282988 67
1739809290378 1.5824788292382674 68
1739809290387 1.354004855047167 69
1739809290408 1.4519744061093938 70
1739809290424 1.3475347485882567 71
1739809290439 1.4837303333222704 72
1739809290451 1.6101825700293597 73
1739809290472 1.6373927237675816 74
1739809290488 1.2944257279430487 75
1739809290498 1.4802970515387257 76
1739809290522 1.6022273137740677 77
1739809290535 1.3833927903812637 78
1739809290550 1.3556117763749473 79
1739809290562 1.6114090758076747 80
1739809290578 1.5906227884773194 81
1739809290593 1.4796873921187759 82
1739809290609 1.5954537214909283 83
1739809290628 1.604271820419933 84
1739809290640 1.4531160030123704 85
1739809290656 1.3867279662960736 86
1739809290672 1.412023398309929 87
1739809290688 1.6212922402038312 88
1739809290703 1.6611292333749754 89
1739809290716 1.4902376759361033 90
1739809290732 1.6772702246509663 91
1739809290747 1.4670616374398169 92
1739809290761 1.5586015617369906 93
1739809290775 1.5360269113418383 94
1739809290790 1.6288321932523033 95
1739809290806 1.406533134380341 96
1739809290822 1.6908865156829334 97
1739809290836 1.3474161464684327 98
1739809290851 1.3840531232178035 99
1739809290866 1.216155392574975 100
1739809290882 1.5765362096393998 101
1739809290898 1.7010895095551897 102
1739809290913 1.5336475356879389 103
1739809290928 1.467543569154356 104
1739809290944 1.6083895220420428 105
1739809290958 1.5273546772594333 106
1739809290974 1.3492128678312787 107
1739809290990 1.4271374833307777 108
1739809291006 1.267890848851396 109
1739809291019 1.2892721120824298 110
1739809291034 1.693914716736713 111
1739809291051 1.4866580327103036 112
1739809291062 1.4245105236545368 113
1739809291069 1.4980712852711402 114
1739809291085 1.5960780504067755 115
1739809291111 1.4583531946099608 116
1739809291126 1.4900344935317031 117
1739809291138 1.6049818559362634 118
1739809291154 1.2524570704997555 119
1739809291169 1.495852221010919 120
1739809291183 1.4298957704443789 121
1739809291196 1.5848659974274286 122
1739809291212 1.3847110324993015 123
1739809291227 1.684267268377816 124
1739809291244 1.4561138703401084 125
1739809291259 1.296402832537524 126
1739809291275 1.5348226690918836 127
1739809291292 1.533535205382833 128
1739809291307 1.3980477967526173 129
1739809291323 1.6144938013867154 130
1739809291323 1.2619069636850837 131
1739809291339 1.4498501013022989 132
1739809291355 1.652998342014086 133
1739809291373 1.5814595490597292 134
1739809291387 1.574904567318555 135
1739809291404 1.3510226192301074 136
1739809291418 1.5876769711685665 137
1739809291434 1.33521573154233 138
1739809291450 1.4184253005282372 139
1739809291466 1.4811775236937221 140
1739809291482 1.7719421911787168 141
1739809291498 1.2775749647050176 142
1739809291514 1.6258704369375307 143
1739809291519 1.4315383613246808 144
1739809291534 1.641064993644757 145
1739809291546 1.4518960298731007 146
1739809291565 1.6483781971120373 147
1739809291577 1.5668925944855303 148
1739809291593 1.5375816226811647 149
1739809291612 1.4535295381296056 150
1739809291625 1.6763652567673268 151
1739809291641 1.6612134104275282 152
1739809291657 1.61311325432345 153
1739809291673 1.202008675809392 154
1739809291694 1.5962634615330764 155
1739809291704 1.4384136854472112 156
1739809291722 1.656532345787109 157
1739809291736 1.3670306703502422 158
1739809291755 1.441761128204615 159
1739809291768 1.4806909802086532 160
1739809291784 1.4615612418952224 161
1739809291800 1.7331270941968457 162
1739809291816 1.5791497796477563 163
1739809291832 1.6978306535836936 164
1739809291848 1.5693515830393714 165
1739809291848 1.5940081947516533 166
1739809291868 1.6635743843882702 167
1739809291880 1.6609738527053615 168
1739809291899 1.5781380805449152 169
1739809291912 1.4932680064012822 170
1739809291928 1.384679980600808 171
1739809291944 1.5853439135067757 172
1739809291959 1.7741930265233332 173
1739809291975 1.6329577253989882 174
1739809291991 1.6122646609194764 175
1739809292007 1.596632439327907 176
1739809292023 1.6538323064602947 177
1739809292039 1.6000737077820262 178
1739809292054 1.2917640252120863 179
1739809292076 1.4742940196456338 180
1739809292094 1.365159232367088 181
1739809292102 1.5113389472229983 182
1739809292118 1.5647098185815385 183
1739809292134 1.5545797668531534 184
1739809292150 1.4285414865346326 185
1739809292165 1.4817971919249764 186
1739809292182 1.4060622117761463 187
1739809292198 1.498855144037598 188
1739809292213 1.567140886843275 189
1739809292229 1.28735915751174 190
1739809292245 1.560580572941465 191
1739809292263 1.6340520574627078 192
1739809292277 1.5350041656069668 193
1739809292293 1.729999376043372 194
1739809292308 1.4107130907650578 195
1739809292324 1.6436522772646152 196
1739809292340 1.5428843925023548 197
1739809292356 1.635630488585679 198
1739809292361 1.531109797709402 199
1739809292372 1.6232716462278103 200
1739809292388 1.3553423348397973 201
1739809292404 1.511063268753046 202
1739809292420 1.668554488847021 203
1739809292436 1.5598250652082284 204
1739809292451 1.650195975038472 205
1739809292467 1.5998977670520054 206
1739809292486 1.547195653178898 207
1739809292499 1.6262233059843136 208
1739809292520 1.644609800036345 209
1739809292532 1.2756953596407672 210
1739809292548 1.432629215141141 211
1739809292563 1.6119470525486428 212
1739809292579 1.6306651790187383 213
1739809292595 1.5163662022154338 214
1739809292611 1.6295762459429695 215
1739809292627 1.3297628570336406 216
1739809292642 1.6871214208820684 217
1739809292642 1.409844342855095 218
1739809292662 1.5683024046825131 219
1739809292674 1.6952330461649558 220
1739809292690 1.4628452887337908 221
1739809292706 1.5414009674796918 222
1739809292728 1.5313209969899009 223
1739809292738 1.2462776638348887 224
1739809292754 1.4659027643171516 225
1739809292770 1.4479374343906921 226
1739809292785 1.4341230934713793 227
1739809292801 1.7690179758329427 228
1739809292817 1.6284632812146886 229
1739809292833 1.5161371529807208 230
1739809292849 1.5414981941925736 231
1739809292865 1.9623233258877466 232
1739809292881 1.6018260953019783 233
1739809292881 1.5305931162673925 234
1739809292901 1.4114481524015743 235
1739809292913 1.4210926410967162 236
1739809292929 1.525915441807312 237
1739809292945 1.4605906471062131 238
1739809292961 1.5536484271661528 239
1739809292977 1.584064399748566 240
1739809292993 1.2170434830256773 241
1739809293009 1.3416461042431733 242
1739809293026 1.5644864510637881 243
1739809293041 1.6024909927361657 244
1739809293057 1.502146619793281 245
1739809293073 1.4076399713540966 246
1739809293089 1.435294435377072 247
1739809293105 1.534523876783787 248
1739809293121 1.5932324578894508 249
1739809293121 1.5911257252454525 250
1739809293139 1.4976961353075786 251
1739809293153 1.4010216916877227 252
1739809293169 1.4079232109752309 253
1739809293185 1.387767648671779 254
1739809293201 1.6450791332643344 255
1739809293222 1.5926105322607347 256
1739809293236 1.3400550993838412 257
1739809293248 1.5920971047945645 258
1739809293264 1.3712568556144245 259
1739809293280 1.3436802411854813 260
1739809293295 1.5538956897512477 261
1739809293304 1.320284205931083 262
1739809293313 1.66438500076977 263
1739809293326 1.6329708265071279 264
1739809293344 1.5574787330746767 265
1739809293363 1.2918803596917103 266
1739809293376 1.6575229339957283 267
1739809293390 1.4328654437310613 268
1739809293406 1.7072670995666483 269
1739809293427 1.3794011092267013 270
1739809293438 1.4863705224929784 271
1739809293454 1.4456337343121952 272
1739809293470 1.581258240156562 273
1739809293485 1.511623632976455 274
1739809293501 1.4855228136908636 275
1739809293518 1.4099315553757272 276
1739809293534 1.55135282593113 277
1739809293550 1.5364035984421043 278
1739809293566 1.5453104575538155 279
1739809293581 1.2657761679682518 280
1739809293588 1.6968635390758928 281
1739809293598 1.6602420750808244 282
1739809293617 1.5082296195523661 283
1739809293629 1.7396287159242445 284
1739809293645 1.4840111489602255 285
1739809293661 1.4604043082897922 286
1739809293677 1.404961169463023 287
1739809293693 1.5794830583827901 288
1739809293709 1.6108888635633642 289
1739809293725 1.4485386942613587 290
1739809293741 1.2747414693372843 291
1739809293757 1.3877704886575133 292
1739809293773 1.6400570011296252 293
1739809293788 1.840438390399762 294
1739809293807 1.5434101141447951 295
1739809293820 1.5133634045259128 296
1739809293836 1.4621861000384022 297
1739809293852 1.5815501348254035 298
1739809293868 1.266967557847035 299
1739809293883 1.4256516537958321 300
1739809293888 1.595336642681964 301
1739809293899 1.600395327452297 302
1739809293918 1.45676513890791 303
1739809293931 1.7327310380160668 304
1739809293949 1.5444951382081396 305
1739809293963 1.3490014952055542 306
1739809293979 1.4909750334243854 307
1739809293995 1.5635711682144116 308
1739809294011 1.4759076770927975 309
1739809294027 1.4446793386169716 310
1739809294043 1.4988421810769699 311
1739809294062 1.4928910951118752 312
1739809294075 1.4312606516494644 313
1739809294090 1.4166652426222353 314
1739809294106 1.5786967602871103 315
1739809294122 1.7389418884876853 316
1739809294138 1.4579368067200378 317
1739809294154 1.534225029741204 318
1739809294170 1.5685490944755178 319
1739809294185 1.3442272380094311 320
1739809294191 1.5566269024080277 321
1739809294201 1.4332374550903013 322
1739809294220 1.396955656611513 323
1739809294234 1.521567010167763 324
1739809294251 1.560874730569546 325
1739809294265 1.6723027658347613 326
1739809294281 1.5333650229379716 327
1739809294297 1.5985622011540948 328
1739809294313 1.409613872478012 329
1739809294329 1.4126262567714634 330
1739809294345 1.5200281870871097 331
1739809294361 1.4557703450309623 332
1739809294376 1.5325666266714884 333
1739809294392 1.8192281494670217 334
1739809294408 1.463099978929678 335
1739809294429 1.4823694797691822 336
1739809294440 1.5405106828814672 337
1739809294456 1.6579357502928314 338
1739809294472 1.3217960151733468 339
1739809294488 1.578702270072681 340
1739809294504 1.307491694388656 341
1739809294520 1.3358229394765326 342
1739809294536 1.500283876310195 343
1739809294551 1.5606331499074286 344
1739809294556 1.5675046623228683 345
1739809294578 1.6210755833367732 346
1739809294586 1.5637732981549086 347
1739809294599 1.5309375367259555 348
1739809294618 1.434133093435745 349
1739809294631 1.3631874494675236 350
1739809294649 1.4648902025302255 351
1739809294665 1.7627474310841331 352
1739809294678 1.4374534681411517 353
1739809294694 1.5899168472636283 354
1739809294710 1.4704150651188588 355
1739809294726 1.5487963751392653 356
1739809294742 1.4531539277483232 357
1739809294758 1.6257864468529917 358
1739809294774 1.4406692350312749 359
1739809294796 1.5133836138907661 360
1739809294806 1.8842321343635664 361
1739809294822 1.3273482341865568 362
1739809294838 1.7807347245264935 363
1739809294858 1.464656236450132 364
1739809294869 1.4161062387795038 365
1739809294885 1.5428826503329602 366
1739809294901 1.6802538751612202 367
1739809294917 1.5200988729230134 368
1739809294933 1.4045652210893602 369
1739809294949 1.3672989231757327 370
1739809294965 1.517083204208776 371
1739809294981 1.6589209523023378 372
1739809294997 1.541715504402888 373
1739809295013 1.4505501585055465 374
1739809295028 1.5671363744562328 375
1739809295045 1.5706479359823151 376
1739809295060 1.775158535337154 377
1739809295076 1.6157240715204408 378
1739809295092 1.6823932748507293 379
1739809295108 1.2526498356481073 380
1739809295124 1.466721014537684 381
1739809295124 1.415557659695611 382
1739809295146 1.447092493182437 383
1739809295155 1.5306663379897412 384
1739809295174 1.4196904911213422 385
1739809295195 1.480848858571025 386
1739809295203 1.6566794381527075 387
1739809295219 1.4781862650175666 388
1739809295235 1.4601796644714342 389
1739809295251 1.4510826675435091 390
1739809295267 1.7631381072209549 391
1739809295285 1.2644909023407975 392
1739809295299 1.4826294410664131 393
1739809295314 1.3509202702654957 394
1739809295330 1.511069148794604 395
1739809295346 1.4492296017442279 396
1739809295362 1.5985068956798185 397
1739809295378 1.6284160380664061 398
1739809295394 1.5382373449570135 399
1739809295399 1.7879265315566395 400
1739809295424 1.4749534171009013 401
1739809295436 1.5493795290325256 402
1739809295443 1.4509620916943005 403
1739809295457 1.3142052614009248 404
1739809295483 1.4107260056687807 405
1739809295497 1.5696561922384704 406
1739809295513 1.5372683190336487 407
1739809295519 1.3432848906605421 408
1739809295535 1.5694583058643128 409
1739809295555 1.4709783417009716 410
1739809295570 1.4774311008978513 411
1739809295583 1.507920751455171 412
1739809295599 1.4399887527646882 413
1739809295615 1.6145224403654026 414
1739809295634 1.5820137073203797 415
1739809295647 1.617871918404446 416
1739809295663 1.2677823036734415 417
1739809295678 1.9090817311938855 418
1739809295694 1.281769793768686 419
1739809295694 1.6487781373817714 420
1739809295715 1.4698809988654202 421
1739809295727 1.359832088583497 422
1739809295743 1.5726923047303356 423
1739809295758 1.5045496815306236 424
1739809295774 1.6761496639077735 425
1739809295790 1.6820214025568618 426
1739809295806 1.6033243659312821 427
1739809295822 1.4256374019148639 428
1739809295838 1.583625472255506 429
1739809295854 1.565732811297633 430
1739809295869 1.3754167475143682 431
1739809295885 1.425331777191475 432
1739809295901 1.5852471390493412 433
1739809295917 1.694999473349896 434
1739809295933 1.302158010242144 435
1739809295949 1.4551437694922171 436
1739809295965 1.5076132196375165 437
1739809295965 1.375597746406148 438
1739809295985 1.3183556309268412 439
1739809295996 1.4666272729167837 440
1739809296015 1.682658140085406 441
1739809296028 1.4849977736242734 442
1739809296044 1.491403576979845 443
1739809296060 1.4854201596760501 444
1739809296076 1.777754226402392 445
1739809296092 1.3890206104352887 446
1739809296108 1.4647854807070682 447
1739809296124 1.6435702065566775 448
1739809296139 1.4988104406331724 449
1739809296161 1.7453691720704005 450
1739809296172 1.5460395620281038 451
1739809296187 1.735766680738776 452
1739809296203 1.5649540695315616 453
1739809296219 1.5122205379746843 454
1739809296235 1.4123813741907327 455
1739809296251 1.57508581142603 456
1739809296267 1.4358867629547007 457
1739809296285 1.4989966275696254 458
1739809296299 1.442406940101382 459
1739809296314 1.6024479990134124 460
1739809296330 1.3586696469235207 461
1739809296346 1.4002292331038404 462
1739809296362 1.412899439590534 463
1739809296378 1.5209920729139375 464
1739809296383 1.6288798369199466 465
1739809296394 1.5265095313803128 466
1739809296412 1.4116038963125939 467
1739809296426 1.4067911430511675 468
1739809296442 1.6750503983701948 469
1739809296458 1.6022186737641428 470
1739809296473 1.5559254998387502 471
1739809296489 1.8784494036704382 472
1739809296506 1.332746360850341 473
1739809296521 1.5981202009491076 474
1739809296537 1.3427011394898873 475
1739809296553 1.6736872342113587 476
1739809296569 1.4884619145534426 477
1739809296584 1.4432649440156795 478
1739809296600 1.5127903757193362 479
1739809296616 1.4738753575578882 480
1739809296632 1.5421127906106529 481
1739809296646 1.5119476363234798 482
1739809296653 1.4567329049202378 483
1739809296664 1.438850805814427 484
1739809296683 1.3349742662785808 485
1739809296696 1.2826098810677695 486
1739809296712 1.7389472248255902 487
1739809296728 1.5464175507208333 488
1739809296744 1.3044951666021094 489
1739809296760 1.5604817905132828 490
1739809296776 1.6506486383594363 491
1739809296792 1.6494411896318508 492
1739809296808 1.308902721039993 493
1739809296824 1.3570805512350221 494
1739809296840 1.5335631462515544 495
1739809296858 1.4753490168738121 496
1739809296872 1.8735243133236952 497
1739809296888 1.7006440975332913 498
1739809296893 1.5439050755384014 499
