1739810070303 1.1415224840986598 0
1739810070387 1.5773808808799343 1
1739810070463 0.8169772208457586 2
1739810070526 0.5725010531517987 3
1739810070618 1.178107554729352 4
1739810070679 1.838535401621888 5
1739810070770 1.6223593911146588 6
1739810070844 0.7697996580025287 7
1739810070926 0.952013577955607 8
1739810071007 0.7439570468777046 9
1739810071080 1.0527874214298323 10
1739810071159 1.2738576628248657 11
1739810071239 0.4071821802990688 12
1739810071310 2.056254841260313 13
1739810071375 0.4533616138259679 14
1739810071473 0.6055155030061982 15
1739810071566 1.5100090142630327 16
1739810071661 0.9724428874395876 17
1739810071746 0.8705053790902768 18
1739810071832 1.8069495548742593 19
1739810071893 1.396843006491503 20
1739810071979 1.704301059123831 21
1739810072066 1.6404448826165854 22
1739810072135 1.1308076908199745 23
1739810072216 3.731150354051649 24
1739810072297 0.7847507058894752 25
1739810072375 2.5386435849053792 26
1739810072443 2.238665232724538 27
1739810072522 1.2057996824552253 28
1739810072601 1.3072092737534367 29
1739810072664 0.6701490240420317 30
1739810072751 1.7045324009975542 31
1739810072825 1.664596526002951 32
1739810072895 1.1964417423994125 33
1739810072972 0.7526291589118765 34
1739810073054 1.3997684694565036 35
1739810073120 4.606351628662282 36
1739810073197 1.3919053627675 37
1739810073288 1.3042487350049803 38
1739810073370 0.5007015792299353 39
1739810073455 2.218628600198714 40
1739810073536 1.6058717803278406 41
1739810073594 1.7363844098459844 42
1739810073673 0.7610857946998576 43
1739810073757 0.5909217621992298 44
1739810073830 1.4949220654989936 45
1739810073892 2.1667907035679095 46
1739810073971 1.4929288457218577 47
1739810074050 0.8356308455632367 48
1739810074113 1.9448614344688764 49
1739810074195 0.835530565440325 50
1739810074272 1.3078663838932842 51
1739810074352 2.1978027739199257 52
1739810074416 1.9397190348017246 53
1739810074504 1.2891998473997048 54
1739810074588 1.1494577700442707 55
1739810074660 0.3998782853980557 56
1739810074724 0.6243299075513559 57
1739810074804 1.844113148927068 58
1739810074884 1.2424156856445498 59
1739810074961 1.066441530325235 60
1739810075036 2.2618505395374884 61
1739810075114 2.192900485685784 62
1739810075197 1.9644324786730751 63
1739810075280 1.0491148982707095 64
1739810075347 1.5542097649236946 65
1739810075438 1.0585123431158767 66
1739810075524 1.2507266559449144 67
1739810075604 1.370044287803308 68
1739810075687 0.692109907584097 69
1739810075769 1.543885443184611 70
1739810075848 0.7780835799427558 71
1739810075926 0.6854704735563613 72
1739810075996 2.066969150729959 73
1739810076075 1.9792928057372259 74
1739810076151 1.947477481266926 75
1739810076218 1.451127012441268 76
1739810076302 2.5331080754254196 77
1739810076383 2.897662839132486 78
1739810076461 1.0443450840828288 79
1739810076530 3.918328793617854 80
1739810076594 3.082353814137844 81
1739810076673 1.1684530327729317 82
1739810076753 2.874254805748218 83
1739810076830 2.405044755663771 84
1739810076904 1.2829778819644322 85
1739810076984 1.223241471332515 86
1739810077054 0.5648999777014544 87
1739810077138 1.6570152820563133 88
1739810077212 0.5655423621679965 89
1739810077276 4.135796078914791 90
1739810077362 1.2075552955358366 91
1739810077435 1.1866512609253344 92
1739810077518 2.49645279705851 93
1739810077579 1.8681851603961714 94
1739810077670 2.8466800228174303 95
1739810077739 0.23863708964692504 96
1739810077824 2.68208769951054 97
1739810077895 2.1969247265649687 98
1739810077974 0.4532691062356275 99
1739810078051 0.6562587185497285 100
1739810078114 1.0462499092071147 101
1739810078193 1.0115539432583822 102
1739810078272 2.841428632329442 103
1739810078352 1.878953400701522 104
1739810078427 4.909975125689513 105
1739810078498 1.3592326561677228 106
1739810078577 0.06772022690919981 107
1739810078640 1.8799063172863308 108
1739810078729 3.1703153104433617 109
1739810078798 1.1554710493980718 110
1739810078881 1.437097715216089 111
1739810078956 1.4402299753436865 112
1739810079028 0.1737357356976161 113
1739810079092 1.6906515340451718 114
1739810079172 1.1291940069354067 115
1739810079252 1.850940428967694 116
1739810079327 3.6114530517537515 117
1739810079408 0.6618437596248381 118
1739810079484 1.3593107738289014 119
1739810079566 2.6760344769483253 120
1739810079648 0.2596204303402691 121
1739810079733 0.8687018915160987 122
1739810079811 0.9232984204681487 123
1739810079894 1.8673420450710418 124
1739810079977 1.0904871667134362 125
1739810080054 1.2974057519168762 126
1739810080130 0.5410189981588844 127
1739810080209 1.6282368227844832 128
1739810080287 1.7337903268883577 129
1739810080362 0.9412790385172259 130
1739810080429 0.83608505050126 131
1739810080508 1.375526899865536 132
1739810080585 2.068509315620176 133
1739810080664 2.080383451554889 134
1739810080739 2.5079015799092503 135
1739810080820 0.055641158238349975 136
1739810080881 2.038680317476366 137
1739810080971 0.6105274002932078 138
1739810081031 0.8489138871938822 139
1739810081112 0.27534937102573154 140
1739810081197 2.9063240248773607 141
1739810081274 1.2000429025634212 142
1739810081350 1.92654642884272 143
1739810081413 1.4871905234912077 144
1739810081493 1.3339452751040077 145
1739810081573 1.3455869916113572 146
1739810081637 1.5280457652363768 147
1739810081729 2.388194643209494 148
1739810081798 0.3606779058002002 149
1739810081885 1.58785656669765 150
1739810081955 0.9170223563230222 151
1739810082042 1.0274803106145545 152
1739810082123 1.1801542225468502 153
1739810082197 1.0568107336515786 154
1739810082261 2.4064417637108146 155
1739810082340 1.6358838439593875 156
1739810082420 0.5284151715148324 157
1739810082498 1.255694310181101 158
1739810082563 2.57014540341985 159
1739810082643 0.7476506397611719 160
1739810082707 1.2679553193806536 161
1739810082788 1.3570941004704513 162
1739810082867 0.7948387918370127 163
1739810082952 2.2033868896607527 164
1739810083022 0.9712071097960104 165
1739810083099 0.252722383513292 166
1739810083181 1.9269330436807555 167
1739810083245 1.1790960451321404 168
1739810083325 0.8506001640687568 169
1739810083404 1.8501096552802276 170
1739810083486 0.1450191848042397 171
1739810083548 2.2255286893103823 172
1739810083639 1.0052965863915928 173
1739810083713 2.5045793109624035 174
1739810083788 1.6836035191679206 175
1739810083864 1.077409344533619 176
1739810083931 1.722324006951112 177
1739810084016 1.6992764832527256 178
1739810084100 1.594819656070238 179
1739810084202 2.344475332429447 180
1739810084304 1.1377914351495857 181
1739810084398 2.0482821867742325 182
1739810084477 2.0699068964269154 183
1739810084557 0.0023042962551808838 184
1739810084635 1.8086780716653443 185
1739810084716 0.9166880074537467 186
1739810084779 1.5416627674783814 187
1739810084859 1.4599718895853369 188
1739810084941 3.0946794710149454 189
1739810085017 1.77170823438195 190
1739810085095 1.069774769071392 191
1739810085172 2.207585432530785 192
1739810085247 1.0988114268117457 193
1739810085323 1.071169061515474 194
1739810085399 2.84866699723571 195
1739810085477 3.577666813267928 196
1739810085553 2.4464460877267427 197
1739810085630 4.355134273256665 198
1739810085706 2.1066807944811448 199
1739810085781 4.074479113071798 200
1739810085855 1.5736453549622504 201
1739810085936 3.642879105318488 202
1739810086005 1.9300228328209108 203
1739810086095 2.1799162934822025 204
1739810086170 0.9872635336455613 205
1739810086253 3.898011125764909 206
1739810086336 1.7330255578974392 207
1739810086425 0.10452105954285136 208
1739810086503 2.2915272019952777 209
1739810086586 0.25103039616682 210
1739810086668 0.5782263783755172 211
1739810086733 1.2924863320163653 212
1739810086813 1.1189388433963356 213
1739810086901 1.2562518877372757 214
1739810086984 1.746058352366773 215
1739810087074 2.700544439383483 216
1739810087155 0.6213203651772138 217
1739810087236 1.994540346732685 218
1739810087320 0.7115392151476916 219
1739810087403 2.259373247556128 220
1739810087471 0.41883174356810715 221
1739810087557 2.1406838094347718 222
1739810087634 1.0340255525419533 223
1739810087714 1.050189884765219 224
1739810087794 1.909451267193241 225
1739810087857 2.0993648124029836 226
1739810087937 0.23233404515964104 227
1739810088019 0.5779939434133496 228
1739810088108 0.9085058502822186 229
1739810088192 2.1376181166357107 230
1739810088287 1.1830935193173264 231
1739810088379 2.682896209680832 232
1739810088464 1.2918600802645903 233
1739810088541 1.8089793960057838 234
1739810088625 0.22857306544348766 235
1739810088708 1.0605986098937434 236
1739810088787 0.4231829797456147 237
1739810088870 2.44092421715966 238
1739810088936 1.8117537337671923 239
1739810089020 0.47621498732527706 240
1739810089104 1.7332959938630472 241
1739810089171 0.2762172588660334 242
1739810089254 0.5126504583394604 243
1739810089338 2.7799336561676475 244
1739810089429 0.23094413343300316 245
1739810089499 1.1686189104901281 246
1739810089594 2.3416294129640485 247
1739810089678 1.6040171262726646 248
1739810089759 1.7705219576712525 249
1739810089837 2.0662583352917534 250
1739810089902 1.4434741563056868 251
1739810090018 0.9545095942725573 252
1739810090106 0.9908032413407928 253
1739810090194 0.5322467227592097 254
1739810090274 2.081103009043977 255
1739810090353 1.8621887323844297 256
1739810090430 0.510821199087883 257
1739810090499 0.8066481780497001 258
1739810090588 1.020382923514802 259
1739810090665 0.38496534119562215 260
1739810090741 1.6298895209457833 261
1739810090815 0.5505916647314021 262
1739810090898 1.3968240373340204 263
1739810090977 0.6837321037499958 264
1739810091055 2.310867503590328 265
1739810091134 1.8923094423709634 266
1739810091200 2.1169882832785802 267
1739810091279 1.4842958576428051 268
1739810091360 1.4401949857842415 269
1739810091434 0.3852827365788333 270
1739810091497 1.022746360812341 271
1739810091577 2.829112457662713 272
1739810091656 4.252365911585934 273
1739810091733 1.606067383773961 274
1739810091812 1.1594436899188445 275
1739810091883 1.212393233764985 276
1739810091950 0.13221339401388163 277
1739810092030 1.81394831103218 278
1739810092103 0.8582196671682548 279
1739810092191 0.5490053195713881 280
1739810092266 0.777304785274877 281
1739810092333 0.99772735509755 282
1739810092412 2.1931107063445014 283
1739810092476 0.686507428375142 284
1739810092558 1.6861351630858585 285
1739810092648 0.41106541390415596 286
1739810092729 2.453182239270077 287
1739810092808 1.5543989475564017 288
1739810092884 1.4322645415584454 289
1739810092963 0.8661509258373878 290
1739810093044 0.7397275660744735 291
1739810093121 0.39318513454255644 292
1739810093199 2.5155101545111385 293
1739810093267 1.012997773141613 294
1739810093349 1.0842629495361686 295
1739810093425 0.8943953309428982 296
1739810093499 1.3501343908376686 297
1739810093567 3.7624802329402174 298
1739810093631 2.8432388685897805 299
1739810093723 1.1488679588925832 300
1739810093784 1.4356272893309847 301
1739810093863 1.2762249883877654 302
1739810093943 0.3765014943069299 303
1739810094006 2.1794771689854193 304
1739810094095 1.7778098345394568 305
1739810094173 1.3311561403020773 306
1739810094251 2.808284393450767 307
1739810094318 0.37321875121553116 308
1739810094398 2.1940849006024146 309
1739810094476 1.7662101832388806 310
1739810094557 1.5051156146151188 311
1739810094625 0.1540453950993499 312
1739810094709 2.6834280846671166 313
1739810094792 1.2296185061241713 314
1739810094867 1.6470149934843104 315
1739810094947 2.066244172104838 316
1739810095010 0.6745242912721032 317
1739810095092 1.632261695874923 318
1739810095174 1.653648578069736 319
1739810095250 0.5268359725633747 320
1739810095315 0.38512548943516733 321
1739810095395 2.8675331836643956 322
1739810095474 0.7521784353309495 323
1739810095549 1.0316980343621167 324
1739810095624 3.4227164941718082 325
1739810095699 1.3184039421222618 326
1739810095773 3.173222674249831 327
1739810095856 1.182064588728267 328
1739810095934 0.8411593161174856 329
1739810096008 0.6148377114928449 330
1739810096089 0.8304294917524321 331
1739810096168 1.6159993967613044 332
1739810096246 0.2345687328828798 333
1739810096324 0.4175464933013514 334
1739810096401 0.23920146309939105 335
1739810096478 0.9720182029323823 336
1739810096556 1.5659462249791165 337
1739810096619 0.993899291971098 338
1739810096700 0.5527904199158195 339
1739810096780 1.211548624150782 340
