1739809148258 164.11000133993687 0
1739809148264 155.1449594888331 1
1739809148288 155.8580154786419 2
1739809148296 146.18497094612255 3
1739809148318 142.63581164016625 4
1739809148328 142.14909657547744 5
1739809148350 137.14254670553848 6
1739809148360 134.26793734217583 7
1739809148380 130.85821394671748 8
1739809148391 118.33294581960745 9
1739809148411 122.91872335482311 10
1739809148422 121.31258600077051 11
1739809148438 111.57293285328302 12
1739809148457 112.56040496890996 13
1739809148470 103.75654602292359 14
1739809148486 108.47746286921861 15
1739809148502 101.20383136324654 16
1739809148518 99.8944783321538 17
1739809148534 95.93742581039598 18
1739809148534 89.80656937894763 19
1739809148561 88.32240749200847 20
1739809148582 90.28540912882261 21
1739809148597 87.4404632793281 22
1739809148614 82.19705527178006 23
1739809148630 83.3769424389182 24
1739809148630 81.41240696147042 25
1739809148657 75.97186880332205 26
1739809148662 72.37170994493462 27
1739809148685 72.81120785716429 28
1739809148694 70.74128699150491 29
1739809148714 67.68096904333501 30
1739809148726 67.09188907532885 31
1739809148742 64.74811278455464 32
1739809148758 63.63620326940094 33
1739809148775 61.0621571491278 34
1739809148789 59.63773189554995 35
1739809148799 60.01517816548418 36
1739809148805 55.79907582721871 37
1739809148828 53.482446264528214 38
1739809148837 55.11919432051453 39
1739809148856 52.413890285300916 40
1739809148870 50.79241145623869 41
1739809148887 50.21111247436197 42
1739809148901 47.8858522691045 43
1739809148908 46.809296328496075 44
1739809148931 45.80458955712821 45
1739809148948 45.60384611538524 46
1739809148964 42.01597228043412 47
1739809148980 43.281777194567056 48
1739809148980 39.80982835630576 49
1739809149006 39.14914995357194 50
1739809149013 38.09878453689058 51
1739809149035 36.72429134377901 52
1739809149045 38.058788978914684 53
1739809149062 34.653304093598045 54
1739809149079 34.983400582110896 55
1739809149093 32.94223888732512 56
1739809149109 33.30115088816719 57
1739809149124 32.04167012693841 58
1739809149124 32.22346785441023 59
1739809149150 30.253820528260135 60
1739809149156 31.215244794630596 61
1739809149178 28.871878105951016 62
1739809149188 27.965762490784286 63
1739809149207 28.602648215704082 64
1739809149224 26.979077585580402 65
1739809149235 25.555253214855476 66
1739809149251 24.212742778249755 67
1739809149267 23.669794570669346 68
1739809149283 23.484721175911396 69
1739809149299 23.470034941936536 70
1739809149299 24.263427371242514 71
1739809149315 21.706898560773055 72
1739809149331 21.82963321867494 73
1739809149353 22.601774404896876 74
1739809149362 21.266752970779834 75
1739809149383 20.91839998214651 76
1739809149394 19.891032381242905 77
1739809149412 19.19909636973782 78
1739809149428 20.567900957951096 79
1739809149442 18.690595899239728 80
1739809149457 19.074478531924417 81
1739809149474 17.748869842651438 82
1739809149490 17.28908975916962 83
1739809149506 16.053428326343667 84
1739809149521 16.10926010910475 85
1739809149533 15.700609516609873 86
1739809149541 14.796253340037223 87
1739809149563 15.722572659878349 88
1739809149570 14.810376259528368 89
1739809149594 14.337991775685932 90
1739809149601 14.737603463522843 91
1739809149623 13.876406042387368 92
1739809149642 14.110908250899966 93
1739809149654 13.793193740168444 94
1739809149665 13.390008226211553 95
1739809149684 12.260953677153998 96
1739809149700 13.09810176262547 97
1739809149713 12.584524412483916 98
1739809149729 12.86496587639759 99
1739809149745 12.815857221121234 100
1739809149745 11.639774446000114 101
1739809149771 11.448900485975297 102
1739809149777 11.222750247083397 103
1739809149800 10.77183197473932 104
1739809149808 10.082000007371759 105
1739809149828 10.681676646949409 106
1739809149840 10.069759576148167 107
1739809149858 9.377352495567418 108
1739809149872 10.011273456998403 109
1739809149887 9.022547343274459 110
1739809149903 10.312218902410228 111
1739809149919 9.365968353394901 112
1739809149935 8.371755477144438 113
1739809149951 8.445359339909253 114
1739809149951 7.4601915183534935 115
1739809149977 8.320371860427995 116
1739809149983 8.872721853062284 117
1739809150007 8.566088469595698 118
1739809150024 8.569651098499243 119
1739809150036 7.738303137974401 120
1739809150047 8.186227318238837 121
1739809150065 7.260046361499879 122
1739809150079 7.215046044245538 123
1739809150094 7.214521312583594 124
1739809150110 7.200303898820509 125
1739809150125 8.04922787074922 126
1739809150141 6.943141149775705 127
1739809150153 7.245648343426551 128
1739809150157 7.044207210575103 129
1739809150182 6.675179553927654 130
1739809150191 6.7663684819681835 131
1739809150212 6.783269029790253 132
1739809150221 6.6092165555500655 133
1739809150242 6.409949877295827 134
1739809150252 6.005692241252964 135
1739809150272 6.451332836912207 136
1739809150284 5.868030394020063 137
1739809150306 5.310451023905828 138
1739809150316 6.046098728632063 139
1739809150337 5.412103043628178 140
1739809150348 5.48672729162432 141
1739809150366 5.2829766143371435 142
1739809150380 5.045430942010456 143
1739809150395 5.276337214405733 144
1739809150411 5.558346843918438 145
1739809150427 4.943762361972967 146
1739809150427 5.051623852924879 147
1739809150452 4.730414697306038 148
1739809150459 5.20092899717982 149
1739809150481 4.746149729992694 150
1739809150491 4.540508507758813 151
1739809150510 4.989197254548894 152
1739809150523 4.252154624679496 153
1739809150538 4.217882338736572 154
1739809150554 4.69244474869649 155
1739809150570 4.517415631272176 156
1739809150570 4.15974653586101 157
1739809150597 4.7790793743677105 158
1739809150604 4.023900873387583 159
1739809150625 4.172271596282287 160
1739809150634 3.92264188431149 161
1739809150654 3.930250217367133 162
1739809150666 3.822647599173742 163
1739809150684 3.57340301520508 164
1739809150698 3.71700495029641 165
1739809150714 3.936866907083586 166
1739809150730 3.8432165989433145 167
1739809150741 3.7156764998845127 168
1739809150745 3.945915504360594 169
1739809150769 3.5090573258743025 170
1739809150778 3.405324215719424 171
1739809150799 3.4899202365272073 172
1739809150809 3.469532462101466 173
1739809150825 3.523335575744775 174
1739809150841 3.5644530953099336 175
1739809150857 3.187072222048103 176
1739809150873 3.040641350588757 177
1739809150889 3.101532285817663 178
1739809150889 3.7138112166448614 179
1739809150914 3.2718074137888284 180
1739809150921 3.2000614369906275 181
1739809150937 3.395654390929587 182
1739809150953 3.508639555564028 183
1739809150975 3.117818916738721 184
1739809150989 3.200696970035526 185
1739809151000 2.7665984406572917 186
1739809151016 3.466254637558577 187
1739809151029 3.1942782572905046 188
1739809151032 3.0373975534754196 189
1739809151057 2.763944785056537 190
1739809151064 2.775453304137629 191
1739809151080 2.745162557734754 192
1739809151096 2.706885762939596 193
1739809151118 3.0573765492963294 194
1739809151132 2.8547050261097806 195
1739809151143 3.1746770498588193 196
1739809151159 2.7094541074233054 197
1739809151175 3.03681857435429 198
1739809151175 2.7562089392908917 199
1739809151201 2.655762044021751 200
1739809151206 2.4630163406452064 201
1739809151230 3.027338884809677 202
1739809151238 2.5907233913793917 203
1739809151258 2.889182313861531 204
1739809151270 2.8198923514011356 205
1739809151288 2.4787953736172064 206
1739809151302 2.749085677217154 207
1739809151318 2.571150267067741 208
1739809151318 2.5684158179636394 209
1739809151345 2.0788771588238526 210
1739809151350 2.5375733765316837 211
1739809151375 2.6191233757105903 212
1739809151382 2.5001688725356583 213
1739809151403 2.6399317373872258 214
1739809151414 2.2345538836347516 215
1739809151432 2.5184746363521677 216
1739809151445 2.353746917082523 217
1739809151462 2.5331312703480684 218
1739809151478 2.334439502143344 219
1739809151493 2.470050070432533 220
1739809151509 2.3753586455520184 221
1739809151521 2.782147494048001 222
1739809151525 2.4154459242358395 223
1739809151550 2.3260684659517348 224
1739809151557 2.120369379985617 225
1739809151579 2.112791206688752 226
1739809151589 2.1534451636355136 227
1739809151607 2.089623939343582 228
1739809151625 2.183727634223359 229
1739809151638 2.156380775908175 230
1739809151657 1.7758608934970506 231
1739809151668 2.236983321925262 232
1739809151684 2.4776654203217388 233
1739809151700 2.4114846655488167 234
1739809151716 2.1843012663542942 235
1739809151731 2.296771831824725 236
1739809151747 2.331320022269529 237
1739809151763 2.3184840673086016 238
1739809151779 1.9294588153703172 239
1739809151779 1.9667904800764402 240
1739809151795 2.288385389191095 241
1739809151811 2.110200423013014 242
1739809151827 2.060005605819635 243
1739809151843 1.9836445494463377 244
1739809151859 2.0164951481093145 245
1739809151875 1.9164862328732697 246
1739809151891 2.236972311007076 247
1739809151906 1.9336798113905782 248
1739809151923 2.155268737965995 249
1739809151939 2.1154274390702534 250
1739809151955 2.022440004168434 251
1739809151970 1.9466325106298352 252
1739809151970 1.9335941589974284 253
1739809151987 1.859362768278404 254
1739809152003 2.058893640336752 255
1739809152019 2.0542866230210235 256
1739809152035 1.8891675110707493 257
1739809152051 1.973609947099034 258
1739809152066 2.0898555846934106 259
1739809152082 1.868638478302589 260
1739809152098 1.92920997850165 261
1739809152114 2.1120195002645286 262
1739809152130 1.881718426506353 263
1739809152146 1.7944635727748726 264
1739809152162 1.7138763384463054 265
1739809152178 1.7907388056022462 266
1739809152178 2.218882955309584 267
1739809152194 2.0953319394558916 268
1739809152210 1.9414367771323244 269
1739809152226 1.841789734729693 270
1739809152242 1.821418142105778 271
1739809152258 1.7052691382840899 272
1739809152274 1.9084493812299743 273
1739809152290 1.9056444020463048 274
1739809152305 1.8555626971806947 275
1739809152321 1.841682833825786 276
1739809152321 1.5473630640262412 277
1739809152338 1.7452238014488886 278
1739809152354 1.8933409836226913 279
1739809152370 2.155020061003569 280
1739809152386 1.714485961544471 281
1739809152401 1.8678201927632947 282
1739809152417 1.487497849741622 283
1739809152433 1.7731913912525494 284
1739809152449 1.644334179311475 285
1739809152467 1.8013018680754818 286
1739809152481 1.733937815149892 287
1739809152499 1.4486229647777116 288
1739809152513 1.5438931879440967 289
1739809152528 1.7674412112721276 290
1739809152544 1.7125690511187377 291
1739809152560 1.7137444224622398 292
1739809152576 1.6527279974711382 293
1739809152592 1.8486623204501598 294
1739809152608 1.8539075045624147 295
1739809152624 1.573452693612372 296
1739809152640 1.6491925672153709 297
1739809152655 1.8842827626147827 298
1739809152671 1.7018678544395833 299
1739809152703 2.0050823507322337 300
1739809152719 1.7738542008223452 301
1739809152735 1.6203247383424848 302
1739809152735 1.70618738341635 303
1739809152767 1.588976246444908 304
1739809152783 1.8635872151083817 305
1739809152798 1.7092930565304012 306
1739809152814 1.8155939017887108 307
1739809152830 1.6971552942196846 308
1739809152846 2.0518539951768333 309
1739809152862 1.7569876517758696 310
1739809152878 1.7882549323524375 311
1739809152894 1.6517476800960629 312
1739809152910 1.5686722681271865 313
1739809152926 1.8771758766110767 314
1739809152941 1.8774776607258783 315
1739809152957 1.6004813233961845 316
1739809152973 1.5492209831949288 317
1739809152989 1.7003412036275585 318
1739809153005 1.5282246045282226 319
1739809153027 1.9179808080007852 320
1739809153037 1.6193103562848221 321
1739809153053 1.5168138499065558 322
1739809153069 1.6446162090000636 323
1739809153085 1.7263029355953747 324
1739809153101 1.7593334066433783 325
1739809153117 1.5623485175254532 326
1739809153133 2.1481360769558413 327
1739809153149 1.5719763675296348 328
1739809153163 1.732809939028698 329
1739809153172 1.3901562891629526 330
1739809153180 1.4910270909026446 331
1739809153196 1.8995290136822742 332
1739809153212 1.5350465001546971 333
1739809153229 1.835493472930242 334
1739809153244 1.8337222609720394 335
1739809153260 1.5298716048575172 336
1739809153276 1.573402410902803 337
1739809153295 1.8832341936331636 338
1739809153310 1.682118211312706 339
1739809153323 1.5284756702179736 340
1739809153339 1.5735805727860241 341
1739809153355 1.522498203639319 342
1739809153371 1.547649208744837 343
1739809153372 1.8526480117041866 344
1739809153387 1.733295283382808 345
1739809153403 1.8746357357394248 346
1739809153419 1.7630021958592195 347
1739809153435 1.5846368250688556 348
1739809153450 1.6594348466325166 349
1739809153467 1.4353913764699164 350
1739809153487 1.5820172460503636 351
1739809153499 1.6135163197533853 352
1739809153515 1.6042343835421307 353
1739809153530 1.7604484173249089 354
1739809153546 1.505643645783717 355
1739809153546 1.4167407502129497 356
1739809153562 1.5298751416037109 357
1739809153579 1.6239579048554913 358
1739809153595 1.7703930155000942 359
1739809153611 1.8901688590822594 360
1739809153627 1.4569414311628084 361
1739809153643 1.5708813338903893 362
1739809153659 1.751600802864058 363
1739809153675 1.662292186060282 364
1739809153691 1.4334017829501418 365
1739809153707 1.5252764243398014 366
1739809153707 1.5190777100710335 367
1739809153723 1.5764039569370782 368
1739809153739 1.5289153159365765 369
1739809153755 1.6352821023372737 370
1739809153771 1.8191422204049197 371
1739809153786 1.4849203962558442 372
1739809153802 1.4587602667958846 373
1739809153818 2.124676763953335 374
1739809153834 1.5685492507413155 375
1739809153850 1.7085347513872193 376
1739809153866 1.5601255100891673 377
1739809153881 1.5758940466334026 378
1739809153881 1.4359746831372657 379
1739809153898 1.7062259523756658 380
1739809153914 1.4649820596252305 381
1739809153930 1.7031095056795067 382
1739809153946 1.403609987091049 383
1739809153961 1.4239466685657556 384
1739809153978 1.517115492222113 385
1739809153994 1.4569552224117217 386
1739809154009 1.619920287623065 387
1739809154025 1.4532610496384109 388
1739809154041 1.662867556222973 389
1739809154057 1.8053220166235482 390
1739809154057 1.2872427712774595 391
1739809154073 1.5189416895112364 392
1739809154089 1.756030355308765 393
1739809154105 1.567578593490315 394
1739809154121 1.466697068693399 395
1739809154137 1.5922940474434824 396
1739809154153 1.5647474020595067 397
1739809154168 1.6549513288038893 398
1739809154185 1.5638980821815485 399
1739809154201 1.7400427831162422 400
1739809154217 1.392758807073659 401
1739809154233 1.6533306662471232 402
1739809154233 1.5586431504012521 403
1739809154249 1.4751623509561034 404
1739809154265 1.644672580916562 405
1739809154281 1.464496813434804 406
1739809154299 1.458984059736295 407
1739809154312 1.502119065229873 408
1739809154328 1.8102235256298171 409
1739809154344 1.5323410418621652 410
1739809154360 1.4418978483420746 411
1739809154376 1.7209889232816562 412
1739809154397 1.7406359222552676 413
1739809154407 1.5261758038894182 414
1739809154424 1.4574764961522242 415
1739809154439 1.6268763284585148 416
1739809154456 1.3685382217889652 417
1739809154472 1.3522645950660093 418
1739809154488 1.7125768268100494 419
1739809154504 1.5681856037016508 420
1739809154504 1.3095458203330137 421
1739809154520 1.5069046360532072 422
1739809154536 1.3963314315243458 423
1739809154552 1.4664238383424857 424
1739809154568 1.602552257673714 425
1739809154584 1.6763148804123476 426
1739809154600 1.706531205976168 427
1739809154616 1.5401480449604046 428
1739809154632 1.5634433890625916 429
1739809154648 1.5186007555828824 430
1739809154664 1.5560162630242487 431
1739809154664 1.5961194698794283 432
1739809154680 1.4982409776954058 433
1739809154696 1.6092701059383092 434
1739809154712 1.4839362689642186 435
1739809154728 1.4540652936157092 436
1739809154744 1.4734023485095085 437
1739809154760 1.5628821672106052 438
1739809154776 1.4616641598633417 439
1739809154792 1.6288760317765392 440
1739809154808 1.3301956872493728 441
1739809154824 1.5208512565388077 442
1739809154840 1.5721715640785834 443
1739809154855 1.6708192565950584 444
1739809154855 1.5259057708291166 445
1739809154871 1.5955364181353335 446
1739809154895 1.590832905491699 447
1739809154903 1.4939541587046576 448
1739809154919 1.6972212977643302 449
1739809154934 1.60420487155527 450
1739809154950 1.585354616963092 451
1739809154970 1.317408789025177 452
1739809154982 1.3772489530025962 453
1739809154998 1.2732597646933577 454
1739809155014 1.4124377061490434 455
1739809155029 1.7907145693897761 456
1739809155045 1.3767835944468045 457
1739809155061 1.6486644008649605 458
1739809155061 1.6277070918001615 459
1739809155087 1.5524990857387402 460
1739809155093 1.6041713656133358 461
1739809155116 1.4741490405121689 462
1739809155125 1.49892636814726 463
1739809155146 1.5325824251749105 464
1739809155156 1.4367144194240125 465
1739809155175 1.5848450681593422 466
1739809155190 1.5495702686220907 467
1739809155204 1.7469838553047323 468
1739809155220 1.6064660474615657 469
1739809155236 1.6399427126279051 470
1739809155236 1.460798396210438 471
1739809155263 1.5048384788211273 472
1739809155268 1.4703113504193865 473
1739809155292 1.3856191232010135 474
1739809155300 1.80097242693909 475
1739809155321 1.6118168446883596 476
1739809155338 1.3396101627026875 477
1739809155352 1.5668089428378253 478
1739809155363 1.454400356513577 479
1739809155379 1.5668210106786773 480
1739809155395 1.650248884176358 481
1739809155411 1.6143163430072611 482
1739809155411 1.53414176422354 483
1739809155436 1.4815483590504563 484
1739809155443 1.51040934373472 485
1739809155465 1.315495800637054 486
1739809155483 1.493390453947207 487
1739809155497 1.4331328367367215 488
1739809155506 1.9048429426126223 489
1739809155524 1.587622075831034 490
1739809155538 1.7604470717802618 491
1739809155554 1.3805167136900458 492
1739809155569 1.603279867039999 493
1739809155585 1.5976250671300611 494
1739809155585 1.4364709255551882 495
1739809155613 1.3952680815326521 496
1739809155623 1.5157185819593937 497
1739809155644 1.4914383746409419 498
1739809155649 1.5129380203525697 499
