1739809169430 118.84273307039594 0
1739809169447 90.79575569190237 1
1739809169464 71.35893760024909 2
1739809169482 51.83139508875805 3
1739809169501 41.40423535342635 4
1739809169512 31.898360960443696 5
1739809169532 24.36709446899455 6
1739809169547 18.196821512835776 7
1739809169563 14.865508208351127 8
1739809169580 12.15679109544585 9
1739809169594 10.439130643624528 10
1739809169607 7.9268353497133095 11
1739809169614 7.659987838972907 12
1739809169636 5.61976453759226 13
1739809169651 5.001312593023405 14
1739809169672 4.636301131065848 15
1739809169688 3.789381342375301 16
1739809169700 3.3330802110748805 17
1739809169717 2.8773456583286317 18
1739809169733 2.934550956139903 19
1739809169748 2.5424508767307215 20
1739809169768 2.676809762881395 21
1739809169784 2.1950407058135726 22
1739809169801 2.4911731785467834 23
1739809169820 2.3248665337549066 24
1739809169834 1.739695397704611 25
1739809169844 1.7926930951928768 26
1739809169863 1.7921382385944786 27
1739809169878 1.7121403302137534 28
1739809169893 1.751072844101121 29
1739809169910 1.7251538103707735 30
1739809169921 1.462719808520571 31
1739809169925 1.8280620309712636 32
1739809169950 1.6186157877592948 33
1739809169960 1.7485741128278263 34
1739809169981 1.4720939597343834 35
1739809169989 1.5373437974942086 36
1739809170010 1.4959935288954658 37
1739809170021 1.3958000293564334 38
1739809170040 1.4207742888223003 39
1739809170054 1.5225836006731515 40
1739809170069 1.5715760498788038 41
1739809170085 1.3835048328104818 42
1739809170101 1.7843374887383328 43
1739809170116 1.506956831611148 44
1739809170131 1.601264410246323 45
1739809170147 1.5923073349897547 46
1739809170163 1.409911261381229 47
1739809170178 1.6386031415595586 48
1739809170196 1.47038991233915 49
1739809170211 1.6517707329972715 50
1739809170223 1.546531132688854 51
1739809170231 1.3844384828642935 52
1739809170258 1.4204804480188493 53
1739809170274 1.5909680916115758 54
1739809170285 1.4657500002560016 55
1739809170293 1.412938887881584 56
1739809170314 1.5341648477376943 57
1739809170330 1.551550362742273 58
1739809170344 1.4658969783855584 59
1739809170357 1.3945499332836477 60
1739809170375 1.5140812677318827 61
1739809170388 1.5808385830933376 62
1739809170404 1.3692598688139042 63
1739809170420 1.484661763255525 64
1739809170436 1.3442793577643932 65
1739809170452 1.4399009768365096 66
1739809170468 1.5659470589021371 67
1739809170468 1.443601494997809 68
1739809170495 1.4506044152944728 69
1739809170499 1.4338844550824617 70
1739809170526 1.3889816936576636 71
1739809170531 1.4653812336388352 72
1739809170556 1.5166452067402139 73
1739809170563 1.6717230448217715 74
1739809170586 1.2931025515631054 75
1739809170599 1.5139381103890415 76
1739809170616 1.3900036786837517 77
1739809170636 1.487610366881502 78
1739809170651 1.5586060039450247 79
1739809170663 1.4516781632781444 80
1739809170681 1.6466823297272815 81
1739809170697 1.4069300928551498 82
1739809170714 1.7375310435179505 83
1739809170732 1.7387825923232898 84
1739809170748 1.5158922236031755 85
1739809170765 1.5321878757518907 86
1739809170782 1.5001354808332956 87
1739809170798 1.43014908871223 88
1739809170812 1.455358066980133 89
1739809170827 1.6967078445884176 90
1739809170844 1.5500865327680173 91
1739809170851 1.5921379009739511 92
1739809170874 1.392912728641619 93
1739809170888 1.7654632954329292 94
1739809170902 1.5424240422509523 95
1739809170918 1.3255220547186612 96
1739809170929 1.6634038009998269 97
1739809170942 1.5001044288220184 98
1739809170958 1.3851521608830486 99
1739809170974 1.366353710000748 100
1739809170990 1.4286066977875307 101
1739809171006 1.7883174386503091 102
1739809171021 1.4607834285892665 103
1739809171037 1.5435504780851337 104
1739809171053 1.4146628940383057 105
1739809171053 1.304278310617716 106
1739809171079 1.3972402761481066 107
1739809171086 1.624330309488095 108
1739809171109 1.6418591240517666 109
1739809171118 1.3768871964689988 110
1739809171139 1.1469464078318388 111
1739809171165 1.5035263046948695 112
1739809171181 1.6230306667649055 113
1739809171181 1.737199382651371 114
1739809171197 1.5300295147396117 115
1739809171219 1.4042565344578717 116
1739809171232 1.486447026291099 117
1739809171249 1.5341145329366546 118
1739809171264 1.5102533202016235 119
1739809171280 1.4005149331222 120
1739809171297 1.4568410491804635 121
1739809171315 1.386435574937364 122
1739809171334 1.4338135292601808 123
1739809171348 1.5898435436304896 124
1739809171361 1.5270095812365994 125
1739809171376 1.480166327843073 126
1739809171392 1.5481549109794002 127
1739809171407 1.5043423501093727 128
1739809171423 1.6736205852989996 129
1739809171423 1.7643418764204655 130
1739809171439 1.7176299507717412 131
1739809171455 1.644897108293959 132
1739809171471 1.6188981969672733 133
1739809171496 1.5667400324408562 134
1739809171512 1.4896154923939575 135
1739809171528 1.7890809111152857 136
1739809171531 1.6312104560034568 137
1739809171547 1.435549772444144 138
1739809171564 1.456712571934505 139
1739809171581 1.4584487804799686 140
1739809171599 1.4983736554801441 141
1739809171621 1.415041548649433 142
1739809171636 1.3989714311695491 143
1739809171651 1.4477228948265108 144
1739809171666 1.579075431820311 145
1739809171677 1.4366790300685615 146
1739809171693 1.6391077800414044 147
1739809171710 1.6573528774670747 148
1739809171725 1.3649387214861701 149
1739809171725 1.3876495802548434 150
1739809171741 1.2659219983447765 151
1739809171757 1.2767011114444853 152
1739809171773 1.5334707241957712 153
1739809171789 1.4265006842883288 154
1739809171805 1.5399850207335073 155
1739809171821 1.3645361272059608 156
1739809171837 1.5329792673206206 157
1739809171853 1.3812294336232156 158
1739809171869 1.4967301931405161 159
1739809171884 1.3731062090223065 160
1739809171900 1.551841074491077 161
1739809171916 1.478412369889693 162
1739809171932 1.4063975630182026 163
1739809171948 1.689507467906892 164
1739809171964 1.5277172808337018 165
1739809171980 1.448127898073052 166
1739809171996 1.554920987392385 167
1739809172011 1.6087999153290884 168
1739809172027 1.4459634114121414 169
1739809172043 1.4031966972417356 170
1739809172059 1.6875766852669503 171
1739809172059 1.44929265567061 172
1739809172074 1.6874720944110697 173
1739809172090 1.749191747960427 174
1739809172122 1.5254607344895306 175
1739809172138 1.5272274532639043 176
1739809172154 1.493414342058457 177
1739809172170 1.5790648251742154 178
1739809172170 1.348753304397868 179
1739809172186 1.5782730757665937 180
1739809172201 1.4733396887437527 181
1739809172218 1.6773264610829566 182
1739809172234 1.4960002430196773 183
1739809172250 1.3689594838292078 184
1739809172275 1.505804303158933 185
1739809172290 1.6300741450484935 186
1739809172304 1.988113393382938 187
1739809172318 1.4158936669826947 188
1739809172333 1.4518355760040815 189
1739809172346 1.5833506370269739 190
1739809172362 1.5755380269755774 191
1739809172378 1.7949494061015276 192
1739809172391 1.511328956782597 193
1739809172395 1.6305049032429864 194
1739809172415 1.5693793400431695 195
